0 0 
1e-10 4.26e-17 
2e-10 9.3e-18 
3e-10 -5.5e-18 
4e-10 2.33e-17 
5e-10 6.5e-18 
6e-10 3.14e-17 
7e-10 2.3e-17 
8e-10 2.39e-17 
9e-10 2.52e-17 
1e-09 9.3e-18 
1.1e-09 3.27e-17 
1.2e-09 8.4e-18 
1.3e-09 8.1e-18 
1.4e-09 8.3e-18 
1.5e-09 8.1e-18 
1.6e-09 9.1e-18 
1.7e-09 7.9e-18 
1.8e-09 8.8e-18 
1.9e-09 7.7e-18 
2e-09 9.52121e-08 
2.1e-09 9.5785e-08 
2.2e-09 5.28484e-08 
2.3e-09 3.47085e-08 
2.4e-09 2.39794e-08 
2.5e-09 1.69635e-08 
2.6e-09 1.22849e-08 
2.7e-09 9.13988e-09 
2.8e-09 7.01877e-09 
2.9e-09 5.57183e-09 
3e-09 4.56138e-09 
3.1e-09 3.83461e-09 
3.2e-09 3.29722e-09 
3.3e-09 2.89041e-09 
3.4e-09 2.57621e-09 
3.5e-09 2.32917e-09 
3.6e-09 2.13177e-09 
3.7e-09 1.97162e-09 
3.8e-09 1.83987e-09 
3.9e-09 1.73008e-09 
4e-09 1.63751e-09 
4.1e-09 1.5586e-09 
4.2e-09 1.49066e-09 
4.3e-09 1.43163e-09 
4.4e-09 1.37994e-09 
4.5e-09 1.33432e-09 
4.6e-09 1.2938e-09 
4.7e-09 1.25758e-09 
4.8e-09 1.22503e-09 
4.9e-09 1.19564e-09 
5e-09 1.16896e-09 
5.1e-09 1.14465e-09 
5.2e-09 1.12242e-09 
5.3e-09 1.10201e-09 
5.4e-09 1.08321e-09 
5.5e-09 1.06584e-09 
5.6e-09 1.04974e-09 
5.7e-09 1.03479e-09 
5.8e-09 1.02087e-09 
5.9e-09 1.00788e-09 
6e-09 9.95724e-10 
6.1e-09 9.8433e-10 
6.2e-09 9.73629e-10 
6.3e-09 9.6356e-10 
6.4e-09 9.54071e-10 
6.5e-09 9.45113e-10 
6.6e-09 9.36643e-10 
6.7e-09 9.28623e-10 
6.8e-09 9.21019e-10 
6.9e-09 9.13799e-10 
7e-09 9.06936e-10 
7.1e-09 9.00403e-10 
7.2e-09 8.94177e-10 
7.3e-09 8.88238e-10 
7.4e-09 8.82567e-10 
7.5e-09 8.77144e-10 
7.6e-09 8.71955e-10 
7.7e-09 8.66985e-10 
7.8e-09 8.6222e-10 
7.9e-09 8.57648e-10 
8e-09 8.53256e-10 
8.1e-09 8.49035e-10 
8.2e-09 8.44974e-10 
8.3e-09 8.41064e-10 
8.4e-09 8.37297e-10 
8.5e-09 8.33664e-10 
8.6e-09 8.3016e-10 
8.7e-09 8.26775e-10 
8.8e-09 8.23506e-10 
8.9e-09 8.20344e-10 
9e-09 8.17285e-10 
9.1e-09 8.14324e-10 
9.2e-09 8.11455e-10 
9.3e-09 8.08674e-10 
9.4e-09 8.05977e-10 
9.5e-09 8.0336e-10 
9.6e-09 8.00818e-10 
9.7e-09 7.9835e-10 
9.8e-09 7.9595e-10 
9.9e-09 7.93615e-10 
1e-08 7.91344e-10 
1.01e-08 7.89133e-10 
1.02e-08 7.86979e-10 
1.03e-08 7.8488e-10 
1.04e-08 7.82834e-10 
1.05e-08 7.80837e-10 
1.06e-08 7.78889e-10 
1.07e-08 7.76987e-10 
1.08e-08 7.75129e-10 
1.09e-08 7.73313e-10 
1.1e-08 7.71538e-10 
1.11e-08 7.69802e-10 
1.12e-08 7.68103e-10 
1.13e-08 7.6644e-10 
1.14e-08 7.64812e-10 
1.15e-08 7.63217e-10 
1.16e-08 7.61653e-10 
1.17e-08 7.60121e-10 
1.18e-08 7.58618e-10 
1.19e-08 7.57143e-10 
1.2e-08 7.55695e-10 
1.21e-08 7.54274e-10 
1.22e-08 7.52878e-10 
1.23e-08 7.51506e-10 
1.24e-08 7.50158e-10 
1.25e-08 7.48833e-10 
1.26e-08 7.47529e-10 
1.27e-08 7.46247e-10 
1.28e-08 7.44985e-10 
1.29e-08 7.43742e-10 
1.3e-08 7.42519e-10 
1.31e-08 7.41314e-10 
1.32e-08 7.40126e-10 
1.33e-08 7.38956e-10 
1.34e-08 7.37802e-10 
1.35e-08 7.36664e-10 
1.36e-08 7.35541e-10 
1.37e-08 7.34433e-10 
1.38e-08 7.3334e-10 
1.39e-08 7.32261e-10 
1.4e-08 7.31195e-10 
1.41e-08 7.30142e-10 
1.42e-08 7.29102e-10 
1.43e-08 7.28074e-10 
1.44e-08 7.27058e-10 
1.45e-08 7.26053e-10 
1.46e-08 7.25059e-10 
1.47e-08 7.24077e-10 
1.48e-08 7.23104e-10 
1.49e-08 7.22142e-10 
1.5e-08 7.21189e-10 
1.51e-08 7.20246e-10 
1.52e-08 7.19313e-10 
1.53e-08 7.18388e-10 
1.54e-08 7.17472e-10 
1.55e-08 7.16564e-10 
1.56e-08 7.15664e-10 
1.57e-08 7.14772e-10 
1.58e-08 7.13888e-10 
1.59e-08 7.13012e-10 
1.6e-08 7.12142e-10 
1.61e-08 7.1128e-10 
1.62e-08 7.10424e-10 
1.63e-08 7.09575e-10 
1.64e-08 7.08733e-10 
1.65e-08 7.07896e-10 
1.66e-08 7.07066e-10 
1.67e-08 7.06242e-10 
1.68e-08 7.05423e-10 
1.69e-08 7.0461e-10 
1.7e-08 7.03803e-10 
1.71e-08 7.03001e-10 
1.72e-08 7.02204e-10 
1.73e-08 7.01411e-10 
1.74e-08 7.00624e-10 
1.75e-08 6.99842e-10 
1.76e-08 6.99064e-10 
1.77e-08 6.9829e-10 
1.78e-08 6.97521e-10 
1.79e-08 6.96756e-10 
1.8e-08 6.95995e-10 
1.81e-08 6.95239e-10 
1.82e-08 6.94486e-10 
1.83e-08 6.93737e-10 
1.84e-08 6.92992e-10 
1.85e-08 6.9225e-10 
1.86e-08 6.91512e-10 
1.87e-08 6.90777e-10 
1.88e-08 6.90046e-10 
1.89e-08 6.89318e-10 
1.9e-08 6.88593e-10 
1.91e-08 6.87871e-10 
1.92e-08 6.87153e-10 
1.93e-08 6.86437e-10 
1.94e-08 6.85724e-10 
1.95e-08 6.85014e-10 
1.96e-08 6.84307e-10 
1.97e-08 6.83603e-10 
1.98e-08 6.82901e-10 
1.99e-08 6.82202e-10 
2e-08 6.81505e-10 
2.01e-08 6.80811e-10 
2.02e-08 6.80119e-10 
2.03e-08 6.79429e-10 
2.04e-08 6.78742e-10 
2.05e-08 6.78057e-10 
2.06e-08 6.77374e-10 
2.07e-08 6.76693e-10 
2.08e-08 6.76015e-10 
2.09e-08 6.75338e-10 
2.1e-08 6.74664e-10 
2.11e-08 6.73992e-10 
2.12e-08 6.73321e-10 
2.13e-08 6.72652e-10 
2.14e-08 6.71986e-10 
2.15e-08 6.71321e-10 
2.16e-08 6.70658e-10 
2.17e-08 6.69996e-10 
2.18e-08 6.69337e-10 
2.19e-08 6.68679e-10 
2.2e-08 6.68022e-10 
2.21e-08 6.67368e-10 
2.22e-08 6.66714e-10 
2.23e-08 6.66063e-10 
2.24e-08 6.65413e-10 
2.25e-08 6.64765e-10 
2.26e-08 6.64118e-10 
2.27e-08 6.63472e-10 
2.28e-08 6.62828e-10 
2.29e-08 6.62185e-10 
2.3e-08 6.61544e-10 
2.31e-08 6.60904e-10 
2.32e-08 6.60266e-10 
2.33e-08 6.59628e-10 
2.34e-08 6.58992e-10 
2.35e-08 6.58358e-10 
2.36e-08 6.57724e-10 
2.37e-08 6.57092e-10 
2.38e-08 6.56461e-10 
2.39e-08 6.55832e-10 
2.4e-08 6.55203e-10 
2.41e-08 6.54576e-10 
2.42e-08 6.5395e-10 
2.43e-08 6.53325e-10 
2.44e-08 6.52701e-10 
2.45e-08 6.52079e-10 
2.46e-08 6.51457e-10 
2.47e-08 6.50836e-10 
2.48e-08 6.50217e-10 
2.49e-08 6.49599e-10 
2.5e-08 6.48981e-10 
2.51e-08 6.48365e-10 
2.52e-08 6.4775e-10 
2.53e-08 6.47136e-10 
2.54e-08 6.46523e-10 
2.55e-08 6.45911e-10 
2.56e-08 6.453e-10 
2.57e-08 6.44689e-10 
2.58e-08 6.4408e-10 
2.59e-08 6.43472e-10 
2.6e-08 6.42865e-10 
2.61e-08 6.42258e-10 
2.62e-08 6.41653e-10 
2.63e-08 6.41049e-10 
2.64e-08 6.40445e-10 
2.65e-08 6.39843e-10 
2.66e-08 6.39241e-10 
2.67e-08 6.3864e-10 
2.68e-08 6.3804e-10 
2.69e-08 6.37442e-10 
2.7e-08 6.36843e-10 
2.71e-08 6.36246e-10 
2.72e-08 6.3565e-10 
2.73e-08 6.35055e-10 
2.74e-08 6.3446e-10 
2.75e-08 6.33866e-10 
2.76e-08 6.33274e-10 
2.77e-08 6.32682e-10 
2.78e-08 6.3209e-10 
2.79e-08 6.315e-10 
2.8e-08 6.30911e-10 
2.81e-08 6.30322e-10 
2.82e-08 6.29734e-10 
2.83e-08 6.29147e-10 
2.84e-08 6.28561e-10 
2.85e-08 6.27976e-10 
2.86e-08 6.27391e-10 
2.87e-08 6.26808e-10 
2.88e-08 6.26225e-10 
2.89e-08 6.25643e-10 
2.9e-08 6.25061e-10 
2.91e-08 6.24481e-10 
2.92e-08 6.23901e-10 
2.93e-08 6.23322e-10 
2.94e-08 6.22744e-10 
2.95e-08 6.22167e-10 
2.96e-08 6.21591e-10 
2.97e-08 6.21015e-10 
2.98e-08 6.2044e-10 
2.99e-08 6.19866e-10 
3e-08 6.19292e-10 
3.01e-08 6.1872e-10 
3.02e-08 6.18148e-10 
3.03e-08 6.17577e-10 
3.04e-08 6.17007e-10 
3.05e-08 6.16437e-10 
3.06e-08 6.15869e-10 
3.07e-08 6.15301e-10 
3.08e-08 6.14733e-10 
3.09e-08 6.14167e-10 
3.1e-08 6.13601e-10 
3.11e-08 6.13037e-10 
3.12e-08 6.12472e-10 
3.13e-08 6.11909e-10 
3.14e-08 6.11347e-10 
3.15e-08 6.10785e-10 
3.16e-08 6.10224e-10 
3.17e-08 6.09663e-10 
3.18e-08 6.09104e-10 
3.19e-08 6.08545e-10 
3.2e-08 6.07987e-10 
3.21e-08 6.0743e-10 
3.22e-08 6.06873e-10 
3.23e-08 6.06317e-10 
3.24e-08 6.05762e-10 
3.25e-08 6.05208e-10 
3.26e-08 6.04655e-10 
3.27e-08 6.04102e-10 
3.28e-08 6.0355e-10 
3.29e-08 6.02999e-10 
3.3e-08 6.02448e-10 
3.31e-08 6.01898e-10 
3.32e-08 6.01349e-10 
3.33e-08 6.00801e-10 
3.34e-08 6.00254e-10 
3.35e-08 5.99707e-10 
3.36e-08 5.99161e-10 
3.37e-08 5.98615e-10 
3.38e-08 5.98071e-10 
3.39e-08 5.97527e-10 
3.4e-08 5.96984e-10 
3.41e-08 5.96442e-10 
3.42e-08 5.959e-10 
3.43e-08 5.9536e-10 
3.44e-08 5.94819e-10 
3.45e-08 5.9428e-10 
3.46e-08 5.93742e-10 
3.47e-08 5.93204e-10 
3.48e-08 5.92667e-10 
3.49e-08 5.9213e-10 
3.5e-08 5.91595e-10 
3.51e-08 5.9106e-10 
3.52e-08 5.90526e-10 
3.53e-08 5.89993e-10 
3.54e-08 5.8946e-10 
3.55e-08 5.88928e-10 
3.56e-08 5.88397e-10 
3.57e-08 5.87867e-10 
3.58e-08 5.87337e-10 
3.59e-08 5.86808e-10 
3.6e-08 5.8628e-10 
3.61e-08 5.85753e-10 
3.62e-08 5.85226e-10 
3.63e-08 5.847e-10 
3.64e-08 5.84175e-10 
3.65e-08 5.8365e-10 
3.66e-08 5.83127e-10 
3.67e-08 5.82604e-10 
3.68e-08 5.82082e-10 
3.69e-08 5.8156e-10 
3.7e-08 5.81039e-10 
3.71e-08 5.80519e-10 
3.72e-08 5.8e-10 
3.73e-08 5.79482e-10 
3.74e-08 5.78964e-10 
3.75e-08 5.78447e-10 
3.76e-08 5.7793e-10 
3.77e-08 5.77415e-10 
3.78e-08 5.769e-10 
3.79e-08 5.76386e-10 
3.8e-08 5.75873e-10 
3.81e-08 5.7536e-10 
3.82e-08 5.74848e-10 
3.83e-08 5.74337e-10 
3.84e-08 5.73827e-10 
3.85e-08 5.73317e-10 
3.86e-08 5.72808e-10 
3.87e-08 5.723e-10 
3.88e-08 5.71793e-10 
3.89e-08 5.71286e-10 
3.9e-08 5.7078e-10 
3.91e-08 5.70275e-10 
3.92e-08 5.69771e-10 
3.93e-08 5.69267e-10 
3.94e-08 5.68764e-10 
3.95e-08 5.68262e-10 
3.96e-08 5.6776e-10 
3.97e-08 5.67259e-10 
3.98e-08 5.66759e-10 
3.99e-08 5.6626e-10 
4e-08 5.65761e-10 
4.01e-08 5.65264e-10 
4.02e-08 5.64766e-10 
4.03e-08 5.6427e-10 
4.04e-08 5.63774e-10 
4.05e-08 5.6328e-10 
4.06e-08 5.62785e-10 
4.07e-08 5.62292e-10 
4.08e-08 5.61799e-10 
4.09e-08 5.61307e-10 
4.1e-08 5.60816e-10 
4.11e-08 5.60326e-10 
4.12e-08 5.59836e-10 
4.13e-08 5.59347e-10 
4.14e-08 5.58858e-10 
4.15e-08 5.58371e-10 
4.16e-08 5.57884e-10 
4.17e-08 5.57398e-10 
4.18e-08 5.56912e-10 
4.19e-08 5.56428e-10 
4.2e-08 5.55944e-10 
4.21e-08 5.55461e-10 
4.22e-08 5.54978e-10 
4.23e-08 5.54496e-10 
4.24e-08 5.54015e-10 
4.25e-08 5.53535e-10 
4.26e-08 5.53056e-10 
4.27e-08 5.52577e-10 
4.28e-08 5.52099e-10 
4.29e-08 5.51621e-10 
4.3e-08 5.51144e-10 
4.31e-08 5.50669e-10 
4.32e-08 5.50193e-10 
4.33e-08 5.49719e-10 
4.34e-08 5.49245e-10 
4.35e-08 5.48772e-10 
4.36e-08 5.483e-10 
4.37e-08 5.47828e-10 
4.38e-08 5.47357e-10 
4.39e-08 5.46887e-10 
4.4e-08 5.46417e-10 
4.41e-08 5.45949e-10 
4.42e-08 5.45481e-10 
4.43e-08 5.45013e-10 
4.44e-08 5.44547e-10 
4.45e-08 5.44081e-10 
4.46e-08 5.43616e-10 
4.47e-08 5.43151e-10 
4.48e-08 5.42687e-10 
4.49e-08 5.42224e-10 
4.5e-08 5.41762e-10 
4.51e-08 5.41301e-10 
4.52e-08 5.4084e-10 
4.53e-08 5.40379e-10 
4.54e-08 5.3992e-10 
4.55e-08 5.39461e-10 
4.56e-08 5.39003e-10 
4.57e-08 5.38546e-10 
4.58e-08 5.38089e-10 
4.59e-08 5.37633e-10 
4.6e-08 5.37178e-10 
4.61e-08 5.36724e-10 
4.62e-08 5.3627e-10 
4.63e-08 5.35817e-10 
4.64e-08 5.35364e-10 
4.65e-08 5.34912e-10 
4.66e-08 5.34461e-10 
4.67e-08 5.34011e-10 
4.68e-08 5.33562e-10 
4.69e-08 5.33113e-10 
4.7e-08 5.32664e-10 
4.71e-08 5.32217e-10 
4.72e-08 5.3177e-10 
4.73e-08 5.31324e-10 
4.74e-08 5.30879e-10 
4.75e-08 5.30434e-10 
4.76e-08 5.2999e-10 
4.77e-08 5.29547e-10 
4.78e-08 5.29104e-10 
4.79e-08 5.28662e-10 
4.8e-08 5.28221e-10 
4.81e-08 5.2778e-10 
4.82e-08 5.2734e-10 
4.83e-08 5.26901e-10 
4.84e-08 5.26463e-10 
4.85e-08 5.26025e-10 
4.86e-08 5.25588e-10 
4.87e-08 5.25151e-10 
4.88e-08 5.24715e-10 
4.89e-08 5.2428e-10 
4.9e-08 5.23846e-10 
4.91e-08 5.23412e-10 
4.92e-08 5.22979e-10 
4.93e-08 5.22547e-10 
4.94e-08 5.22115e-10 
4.95e-08 5.21684e-10 
4.96e-08 5.21254e-10 
4.97e-08 5.20824e-10 
4.98e-08 5.20395e-10 
4.99e-08 5.19967e-10 
5e-08 5.19539e-10 
