0 0 
2e-11 -6.85e-17 
4e-11 8.22e-17 
6e-11 9.46e-17 
8e-11 5.78e-17 
1e-10 6.09e-17 
1.2e-10 6.03e-17 
1.4e-10 5.91e-17 
1.6e-10 6.43e-17 
1.8e-10 6.45e-17 
2e-10 6.12e-17 
2.2e-10 6.19e-17 
2.4e-10 2.35e-17 
2.6e-10 2.27e-17 
2.8e-10 2.05e-17 
3e-10 2.36e-17 
3.2e-10 1.85e-17 
3.4e-10 2.19e-17 
3.6e-10 2e-17 
3.8e-10 2.23e-17 
4e-10 2.01e-17 
4.2e-10 2.5e-17 
4.4e-10 1.82e-17 
4.6e-10 2.32e-17 
4.8e-10 6.24e-17 
5e-10 5.93e-17 
5.2e-10 6.75e-17 
5.4e-10 5.88e-17 
5.6e-10 6.09e-17 
5.8e-10 6.21e-17 
6e-10 6.42e-17 
6.2e-10 6.34e-17 
6.4e-10 6.23e-17 
6.6e-10 6.14e-17 
6.8e-10 6.68e-17 
7e-10 6.1e-17 
7.2e-10 6.19e-17 
7.4e-10 6.03e-17 
7.6e-10 6.29e-17 
7.8e-10 5.6e-17 
8e-10 6.18e-17 
8.2e-10 5.97e-17 
8.4e-10 6.27e-17 
8.6e-10 5.99e-17 
8.8e-10 6.44e-17 
9e-10 6.07e-17 
9.2e-10 6.01e-17 
9.4e-10 5.94e-17 
9.6e-10 6.23e-17 
9.8e-10 6.61e-17 
1e-09 -1.22e-17 
1.02e-09 8.18e-17 
1.04e-09 6.84e-17 
1.06e-09 6.62e-17 
1.08e-09 6.27e-17 
1.1e-09 6.24e-17 
1.12e-09 6.55e-17 
1.14e-09 6.66e-17 
1.16e-09 6.71e-17 
1.18e-09 6.53e-17 
1.2e-09 6.59e-17 
1.22e-09 6.29e-17 
1.24e-09 6.82e-17 
1.26e-09 6.85e-17 
1.28e-09 6.49e-17 
1.3e-09 6.77e-17 
1.32e-09 6.43e-17 
1.34e-09 6.09e-17 
1.36e-09 6.36e-17 
1.38e-09 6.39e-17 
1.4e-09 6.81e-17 
1.42e-09 6.22e-17 
1.44e-09 6.39e-17 
1.46e-09 6.42e-17 
1.48e-09 6.72e-17 
1.5e-09 1.265e-16 
1.52e-09 -7.5e-18 
1.54e-09 6.25e-17 
1.56e-09 6.22e-17 
1.58e-09 6.53e-17 
1.6e-09 6.61e-17 
1.62e-09 6.19e-17 
1.64e-09 6.74e-17 
1.66e-09 6.67e-17 
1.68e-09 6.82e-17 
1.7e-09 6.6e-17 
1.72e-09 6.7e-17 
1.74e-09 6.35e-17 
1.76e-09 6.71e-17 
1.78e-09 6.21e-17 
1.8e-09 6.89e-17 
1.82e-09 6.34e-17 
1.84e-09 6.66e-17 
1.86e-09 6.55e-17 
1.88e-09 5.56e-17 
1.9e-09 6.18e-17 
1.92e-09 6.5e-17 
1.94e-09 6.64e-17 
1.96e-09 6.59e-17 
1.98e-09 6.87e-17 
2e-09 4.50528e-08 
2.02e-09 1.13311e-07 
2.04e-09 1.00892e-07 
2.06e-09 8.92588e-08 
2.08e-09 7.95035e-08 
2.1e-09 7.16611e-08 
2.12e-09 6.54327e-08 
2.14e-09 6.04617e-08 
2.16e-09 5.64356e-08 
2.18e-09 5.31104e-08 
2.2e-09 5.03059e-08 
2.22e-09 4.78928e-08 
2.24e-09 4.57796e-08 
2.26e-09 4.39016e-08 
2.28e-09 4.22126e-08 
2.3e-09 4.06794e-08 
2.32e-09 3.92772e-08 
2.34e-09 3.79868e-08 
2.36e-09 3.67937e-08 
2.38e-09 3.56858e-08 
2.4e-09 3.46537e-08 
2.42e-09 3.36892e-08 
2.44e-09 3.27857e-08 
2.46e-09 3.19373e-08 
2.48e-09 3.11391e-08 
2.5e-09 3.03867e-08 
2.52e-09 2.9676e-08 
2.54e-09 2.90036e-08 
2.56e-09 2.83662e-08 
2.58e-09 2.7761e-08 
2.6e-09 2.71853e-08 
2.62e-09 2.66366e-08 
2.64e-09 2.61128e-08 
2.66e-09 2.56119e-08 
2.68e-09 2.51319e-08 
2.7e-09 2.46712e-08 
2.72e-09 2.42283e-08 
2.74e-09 2.38017e-08 
2.76e-09 2.33902e-08 
2.78e-09 2.29927e-08 
2.8e-09 2.26081e-08 
2.82e-09 2.22355e-08 
2.84e-09 2.18741e-08 
2.86e-09 2.1523e-08 
2.88e-09 2.11816e-08 
2.9e-09 2.08493e-08 
2.92e-09 2.05256e-08 
2.94e-09 2.02099e-08 
2.96e-09 1.99017e-08 
2.98e-09 1.96007e-08 
3e-09 1.93066e-08 
3.02e-09 1.90189e-08 
3.04e-09 1.87374e-08 
3.06e-09 1.84617e-08 
3.08e-09 1.81918e-08 
3.1e-09 1.79272e-08 
3.12e-09 1.76679e-08 
3.14e-09 1.74135e-08 
3.16e-09 1.71641e-08 
3.18e-09 1.69193e-08 
3.2e-09 1.6679e-08 
3.22e-09 1.64431e-08 
3.24e-09 1.62115e-08 
3.26e-09 1.59841e-08 
3.28e-09 1.57607e-08 
3.3e-09 1.55412e-08 
3.32e-09 1.53255e-08 
3.34e-09 1.51136e-08 
3.36e-09 1.49053e-08 
3.38e-09 1.47006e-08 
3.4e-09 1.44993e-08 
3.42e-09 1.43014e-08 
3.44e-09 1.41069e-08 
3.46e-09 1.39156e-08 
3.48e-09 1.37275e-08 
3.5e-09 1.35426e-08 
3.52e-09 1.33606e-08 
3.54e-09 1.31817e-08 
3.56e-09 1.30057e-08 
3.58e-09 1.28326e-08 
3.6e-09 1.26623e-08 
3.62e-09 1.24948e-08 
3.64e-09 1.23299e-08 
3.66e-09 1.21678e-08 
3.68e-09 1.20082e-08 
3.7e-09 1.18513e-08 
3.72e-09 1.16968e-08 
3.74e-09 1.15448e-08 
3.76e-09 1.13952e-08 
3.78e-09 1.1248e-08 
3.8e-09 1.11032e-08 
3.82e-09 1.09606e-08 
3.84e-09 1.08203e-08 
3.86e-09 1.06822e-08 
3.88e-09 1.05463e-08 
3.9e-09 1.04125e-08 
3.92e-09 1.02808e-08 
3.94e-09 1.01512e-08 
3.96e-09 1.00236e-08 
3.98e-09 9.89796e-09 
4e-09 9.7743e-09 
4.02e-09 9.65256e-09 
4.04e-09 9.53271e-09 
4.06e-09 9.41471e-09 
4.08e-09 9.29853e-09 
4.1e-09 9.18415e-09 
4.12e-09 9.07153e-09 
4.14e-09 8.96063e-09 
4.16e-09 8.85144e-09 
4.18e-09 8.74392e-09 
4.2e-09 8.63804e-09 
4.22e-09 8.53378e-09 
4.24e-09 8.43111e-09 
4.26e-09 8.33e-09 
4.28e-09 8.23043e-09 
4.3e-09 8.13236e-09 
4.32e-09 8.03578e-09 
4.34e-09 7.94066e-09 
4.36e-09 7.84697e-09 
4.38e-09 7.7547e-09 
4.4e-09 7.66382e-09 
4.42e-09 7.5743e-09 
4.44e-09 7.48612e-09 
4.46e-09 7.39927e-09 
4.48e-09 7.31371e-09 
4.5e-09 7.22943e-09 
4.52e-09 7.14641e-09 
4.54e-09 7.06462e-09 
4.56e-09 6.98405e-09 
4.58e-09 6.90468e-09 
4.6e-09 6.82648e-09 
4.62e-09 6.74944e-09 
4.64e-09 6.67354e-09 
4.66e-09 6.59876e-09 
4.68e-09 6.52509e-09 
4.7e-09 6.45249e-09 
4.72e-09 6.38097e-09 
4.74e-09 6.3105e-09 
4.76e-09 6.24106e-09 
4.78e-09 6.17263e-09 
4.8e-09 6.10521e-09 
4.82e-09 6.03877e-09 
4.84e-09 5.9733e-09 
4.86e-09 5.90878e-09 
4.88e-09 5.84521e-09 
4.9e-09 5.78255e-09 
4.92e-09 5.72081e-09 
4.94e-09 5.65996e-09 
4.96e-09 5.59999e-09 
4.98e-09 5.54088e-09 
5e-09 5.48263e-09 
5.02e-09 5.42522e-09 
5.04e-09 5.36864e-09 
5.06e-09 5.31287e-09 
5.08e-09 5.2579e-09 
5.1e-09 5.20371e-09 
5.12e-09 5.15031e-09 
5.14e-09 5.09766e-09 
5.16e-09 5.04577e-09 
5.18e-09 4.99462e-09 
5.2e-09 4.9442e-09 
5.22e-09 4.89449e-09 
5.24e-09 4.8455e-09 
5.26e-09 4.79719e-09 
5.28e-09 4.74957e-09 
5.3e-09 4.70263e-09 
5.32e-09 4.65635e-09 
5.34e-09 4.61072e-09 
5.36e-09 4.56573e-09 
5.38e-09 4.52138e-09 
5.4e-09 4.47765e-09 
5.42e-09 4.43454e-09 
5.44e-09 4.39203e-09 
5.46e-09 4.35011e-09 
5.48e-09 4.30878e-09 
5.5e-09 4.26803e-09 
5.52e-09 4.22785e-09 
5.54e-09 4.18823e-09 
5.56e-09 4.14916e-09 
5.58e-09 4.11063e-09 
5.6e-09 4.07263e-09 
5.62e-09 4.03516e-09 
5.64e-09 3.99821e-09 
5.66e-09 3.96177e-09 
5.68e-09 3.92584e-09 
5.7e-09 3.8904e-09 
5.72e-09 3.85544e-09 
5.74e-09 3.82097e-09 
5.76e-09 3.78697e-09 
5.78e-09 3.75343e-09 
5.8e-09 3.72036e-09 
5.82e-09 3.68773e-09 
5.84e-09 3.65555e-09 
5.86e-09 3.62381e-09 
5.88e-09 3.59251e-09 
5.9e-09 3.56162e-09 
5.92e-09 3.53116e-09 
5.94e-09 3.50111e-09 
5.96e-09 3.47146e-09 
5.98e-09 3.44222e-09 
6e-09 3.41337e-09 
6.02e-09 3.3849e-09 
6.04e-09 3.35682e-09 
6.06e-09 3.32912e-09 
6.08e-09 3.30179e-09 
6.1e-09 3.27482e-09 
6.12e-09 3.24822e-09 
6.14e-09 3.22197e-09 
6.16e-09 3.19607e-09 
6.18e-09 3.17051e-09 
6.2e-09 3.1453e-09 
6.22e-09 3.12042e-09 
6.24e-09 3.09586e-09 
6.26e-09 3.07163e-09 
6.28e-09 3.04773e-09 
6.3e-09 3.02413e-09 
6.32e-09 3.00085e-09 
6.34e-09 2.97787e-09 
6.36e-09 2.9552e-09 
6.38e-09 2.93282e-09 
6.4e-09 2.91073e-09 
6.42e-09 2.88893e-09 
6.44e-09 2.86742e-09 
6.46e-09 2.84618e-09 
6.48e-09 2.82522e-09 
6.5e-09 2.80453e-09 
6.52e-09 2.78411e-09 
6.54e-09 2.76396e-09 
6.56e-09 2.74406e-09 
6.58e-09 2.72442e-09 
6.6e-09 2.70503e-09 
6.62e-09 2.68589e-09 
6.64e-09 2.667e-09 
6.66e-09 2.64834e-09 
6.68e-09 2.62993e-09 
6.7e-09 2.61174e-09 
6.72e-09 2.59379e-09 
6.74e-09 2.57607e-09 
6.76e-09 2.55857e-09 
6.78e-09 2.54129e-09 
6.8e-09 2.52423e-09 
6.82e-09 2.50739e-09 
6.84e-09 2.49075e-09 
6.86e-09 2.47433e-09 
6.88e-09 2.45811e-09 
6.9e-09 2.44209e-09 
6.92e-09 2.42628e-09 
6.94e-09 2.41065e-09 
6.96e-09 2.39523e-09 
6.98e-09 2.37999e-09 
7e-09 2.36494e-09 
7.02e-09 2.35008e-09 
7.04e-09 2.3354e-09 
7.06e-09 2.3209e-09 
7.08e-09 2.30658e-09 
7.1e-09 2.29244e-09 
7.12e-09 2.27847e-09 
7.14e-09 2.26466e-09 
7.16e-09 2.25103e-09 
7.18e-09 2.23756e-09 
7.2e-09 2.22425e-09 
7.22e-09 2.21111e-09 
7.24e-09 2.19812e-09 
7.26e-09 2.18529e-09 
7.28e-09 2.17261e-09 
7.3e-09 2.16009e-09 
7.32e-09 2.14771e-09 
7.34e-09 2.13548e-09 
7.36e-09 2.1234e-09 
7.38e-09 2.11146e-09 
7.4e-09 2.09966e-09 
7.42e-09 2.08801e-09 
7.44e-09 2.07648e-09 
7.46e-09 2.0651e-09 
7.48e-09 2.05385e-09 
7.5e-09 2.04273e-09 
7.52e-09 2.03174e-09 
7.54e-09 2.02087e-09 
7.56e-09 2.01014e-09 
7.58e-09 1.99952e-09 
7.6e-09 1.98903e-09 
7.62e-09 1.97867e-09 
7.64e-09 1.96842e-09 
7.66e-09 1.95828e-09 
7.68e-09 1.94827e-09 
7.7e-09 1.93837e-09 
7.72e-09 1.92858e-09 
7.74e-09 1.9189e-09 
7.76e-09 1.90933e-09 
7.78e-09 1.89987e-09 
7.8e-09 1.89052e-09 
7.82e-09 1.88127e-09 
7.84e-09 1.87213e-09 
7.86e-09 1.86309e-09 
7.88e-09 1.85415e-09 
7.9e-09 1.8453e-09 
7.92e-09 1.83656e-09 
7.94e-09 1.82791e-09 
7.96e-09 1.81936e-09 
7.98e-09 1.81091e-09 
8e-09 1.80254e-09 
8.02e-09 1.79427e-09 
8.04e-09 1.78609e-09 
8.06e-09 1.77799e-09 
8.08e-09 1.76999e-09 
8.1e-09 1.76207e-09 
8.12e-09 1.75423e-09 
8.14e-09 1.74648e-09 
8.16e-09 1.73882e-09 
8.18e-09 1.73123e-09 
8.2e-09 1.72373e-09 
8.22e-09 1.71631e-09 
8.24e-09 1.70896e-09 
8.26e-09 1.7017e-09 
8.28e-09 1.69451e-09 
8.3e-09 1.68739e-09 
8.32e-09 1.68035e-09 
8.34e-09 1.67339e-09 
8.36e-09 1.66649e-09 
8.38e-09 1.65967e-09 
8.4e-09 1.65292e-09 
8.42e-09 1.64624e-09 
8.44e-09 1.63962e-09 
8.46e-09 1.63308e-09 
8.48e-09 1.6266e-09 
8.5e-09 1.62019e-09 
8.52e-09 1.61384e-09 
8.54e-09 1.60756e-09 
8.56e-09 1.60134e-09 
8.58e-09 1.59518e-09 
8.6e-09 1.58909e-09 
8.62e-09 1.58306e-09 
8.64e-09 1.57708e-09 
8.66e-09 1.57117e-09 
8.68e-09 1.56531e-09 
8.7e-09 1.55952e-09 
8.72e-09 1.55378e-09 
8.74e-09 1.54809e-09 
8.76e-09 1.54246e-09 
8.78e-09 1.53689e-09 
8.8e-09 1.53137e-09 
8.82e-09 1.52591e-09 
8.84e-09 1.52049e-09 
8.86e-09 1.51513e-09 
8.88e-09 1.50982e-09 
8.9e-09 1.50456e-09 
8.92e-09 1.49936e-09 
8.94e-09 1.4942e-09 
8.96e-09 1.48909e-09 
8.98e-09 1.48403e-09 
9e-09 1.47901e-09 
9.02e-09 1.47404e-09 
9.04e-09 1.46912e-09 
9.06e-09 1.46425e-09 
9.08e-09 1.45942e-09 
9.1e-09 1.45463e-09 
9.12e-09 1.44989e-09 
9.14e-09 1.44519e-09 
9.16e-09 1.44054e-09 
9.18e-09 1.43593e-09 
9.2e-09 1.43136e-09 
9.22e-09 1.42683e-09 
9.24e-09 1.42234e-09 
9.26e-09 1.41789e-09 
9.28e-09 1.41348e-09 
9.3e-09 1.40912e-09 
9.32e-09 1.40479e-09 
9.34e-09 1.40049e-09 
9.36e-09 1.39624e-09 
9.38e-09 1.39203e-09 
9.4e-09 1.38785e-09 
9.42e-09 1.3837e-09 
9.44e-09 1.3796e-09 
9.46e-09 1.37553e-09 
9.48e-09 1.37149e-09 
9.5e-09 1.36749e-09 
9.52e-09 1.36352e-09 
9.54e-09 1.35959e-09 
9.56e-09 1.35569e-09 
9.58e-09 1.35182e-09 
9.6e-09 1.34799e-09 
9.62e-09 1.34419e-09 
9.64e-09 1.34042e-09 
9.66e-09 1.33668e-09 
9.68e-09 1.33297e-09 
9.7e-09 1.3293e-09 
9.72e-09 1.32565e-09 
9.74e-09 1.32203e-09 
9.76e-09 1.31845e-09 
9.78e-09 1.31489e-09 
9.8e-09 1.31136e-09 
9.82e-09 1.30786e-09 
9.84e-09 1.30439e-09 
9.86e-09 1.30095e-09 
9.88e-09 1.29753e-09 
9.9e-09 1.29414e-09 
9.92e-09 1.29078e-09 
9.94e-09 1.28745e-09 
9.96e-09 1.28414e-09 
9.98e-09 1.28086e-09 
1e-08 1.2776e-09 
