0 0 
1e-10 4.19e-17 
2e-10 8e-18 
3e-10 -5e-18 
4e-10 2.04e-17 
5e-10 8.1e-18 
6e-10 2.79e-17 
7e-10 2.02e-17 
8e-10 1.92e-17 
9e-10 1.94e-17 
1e-09 8.6e-18 
1.1e-09 2.77e-17 
1.2e-09 7.2e-18 
1.3e-09 6.1e-18 
1.4e-09 6.4e-18 
1.5e-09 7.3e-18 
1.6e-09 6.7e-18 
1.7e-09 6.7e-18 
1.8e-09 7e-18 
1.9e-09 6.4e-18 
2e-09 9.19673e-08 
2.1e-09 9.33534e-08 
2.2e-09 5.1519e-08 
2.3e-09 3.38811e-08 
2.4e-09 2.34466e-08 
2.5e-09 1.66175e-08 
2.6e-09 1.20597e-08 
2.7e-09 8.99304e-09 
2.8e-09 6.92162e-09 
2.9e-09 5.50468e-09 
3e-09 4.51147e-09 
3.1e-09 3.79443e-09 
3.2e-09 3.26237e-09 
3.3e-09 2.85811e-09 
3.4e-09 2.54473e-09 
3.5e-09 2.29753e-09 
3.6e-09 2.09941e-09 
3.7e-09 1.93827e-09 
3.8e-09 1.80543e-09 
3.9e-09 1.69454e-09 
4e-09 1.6009e-09 
4.1e-09 1.52099e-09 
4.2e-09 1.45212e-09 
4.3e-09 1.39223e-09 
4.4e-09 1.33974e-09 
4.5e-09 1.29338e-09 
4.6e-09 1.25217e-09 
4.7e-09 1.2153e-09 
4.8e-09 1.18214e-09 
4.9e-09 1.15217e-09 
5e-09 1.12495e-09 
5.1e-09 1.10012e-09 
5.2e-09 1.07739e-09 
5.3e-09 1.05651e-09 
5.4e-09 1.03725e-09 
5.5e-09 1.01945e-09 
5.6e-09 1.00294e-09 
5.7e-09 9.876e-10 
5.8e-09 9.73296e-10 
5.9e-09 9.59935e-10 
6e-09 9.47428e-10 
6.1e-09 9.35696e-10 
6.2e-09 9.24671e-10 
6.3e-09 9.14292e-10 
6.4e-09 9.04505e-10 
6.5e-09 8.95262e-10 
6.6e-09 8.86519e-10 
6.7e-09 8.78237e-10 
6.8e-09 8.70382e-10 
6.9e-09 8.62923e-10 
7e-09 8.5583e-10 
7.1e-09 8.49079e-10 
7.2e-09 8.42645e-10 
7.3e-09 8.36507e-10 
7.4e-09 8.30645e-10 
7.5e-09 8.25043e-10 
7.6e-09 8.19683e-10 
7.7e-09 8.1455e-10 
7.8e-09 8.09631e-10 
7.9e-09 8.04912e-10 
8e-09 8.00383e-10 
8.1e-09 7.96032e-10 
8.2e-09 7.91849e-10 
8.3e-09 7.87824e-10 
8.4e-09 7.8395e-10 
8.5e-09 7.80217e-10 
8.6e-09 7.76619e-10 
8.7e-09 7.73148e-10 
8.8e-09 7.69798e-10 
8.9e-09 7.66563e-10 
9e-09 7.63437e-10 
9.1e-09 7.60415e-10 
9.2e-09 7.57491e-10 
9.3e-09 7.54662e-10 
9.4e-09 7.51921e-10 
9.5e-09 7.49266e-10 
9.6e-09 7.46693e-10 
9.7e-09 7.44197e-10 
9.8e-09 7.41776e-10 
9.9e-09 7.39425e-10 
1e-08 7.37143e-10 
1.01e-08 7.34925e-10 
1.02e-08 7.32769e-10 
1.03e-08 7.30673e-10 
1.04e-08 7.28634e-10 
1.05e-08 7.2665e-10 
1.06e-08 7.24718e-10 
1.07e-08 7.22837e-10 
1.08e-08 7.21003e-10 
1.09e-08 7.19216e-10 
1.1e-08 7.17474e-10 
1.11e-08 7.15774e-10 
1.12e-08 7.14116e-10 
1.13e-08 7.12497e-10 
1.14e-08 7.10916e-10 
1.15e-08 7.09372e-10 
1.16e-08 7.07864e-10 
1.17e-08 7.06389e-10 
1.18e-08 7.04947e-10 
1.19e-08 7.03536e-10 
1.2e-08 7.02156e-10 
1.21e-08 7.00805e-10 
1.22e-08 6.99483e-10 
1.23e-08 6.98187e-10 
1.24e-08 6.96918e-10 
1.25e-08 6.95675e-10 
1.26e-08 6.94456e-10 
1.27e-08 6.9326e-10 
1.28e-08 6.92088e-10 
1.29e-08 6.90937e-10 
1.3e-08 6.89808e-10 
1.31e-08 6.887e-10 
1.32e-08 6.87611e-10 
1.33e-08 6.86542e-10 
1.34e-08 6.85492e-10 
1.35e-08 6.84459e-10 
1.36e-08 6.83444e-10 
1.37e-08 6.82446e-10 
1.38e-08 6.81464e-10 
1.39e-08 6.80498e-10 
1.4e-08 6.79547e-10 
1.41e-08 6.78611e-10 
1.42e-08 6.77689e-10 
1.43e-08 6.76782e-10 
1.44e-08 6.75887e-10 
1.45e-08 6.75006e-10 
1.46e-08 6.74137e-10 
1.47e-08 6.73281e-10 
1.48e-08 6.72436e-10 
1.49e-08 6.71603e-10 
1.5e-08 6.70781e-10 
1.51e-08 6.6997e-10 
1.52e-08 6.6917e-10 
1.53e-08 6.68379e-10 
1.54e-08 6.67598e-10 
1.55e-08 6.66827e-10 
1.56e-08 6.66065e-10 
1.57e-08 6.65312e-10 
1.58e-08 6.64568e-10 
1.59e-08 6.63832e-10 
1.6e-08 6.63105e-10 
1.61e-08 6.62385e-10 
1.62e-08 6.61673e-10 
1.63e-08 6.60968e-10 
1.64e-08 6.60271e-10 
1.65e-08 6.59581e-10 
1.66e-08 6.58898e-10 
1.67e-08 6.58221e-10 
1.68e-08 6.57551e-10 
1.69e-08 6.56887e-10 
1.7e-08 6.56229e-10 
1.71e-08 6.55577e-10 
1.72e-08 6.5493e-10 
1.73e-08 6.54289e-10 
1.74e-08 6.53654e-10 
1.75e-08 6.53024e-10 
1.76e-08 6.52399e-10 
1.77e-08 6.51779e-10 
1.78e-08 6.51163e-10 
1.79e-08 6.50553e-10 
1.8e-08 6.49946e-10 
1.81e-08 6.49345e-10 
1.82e-08 6.48747e-10 
1.83e-08 6.48154e-10 
1.84e-08 6.47564e-10 
1.85e-08 6.46979e-10 
1.86e-08 6.46397e-10 
1.87e-08 6.45819e-10 
1.88e-08 6.45245e-10 
1.89e-08 6.44674e-10 
1.9e-08 6.44107e-10 
1.91e-08 6.43542e-10 
1.92e-08 6.42981e-10 
1.93e-08 6.42424e-10 
1.94e-08 6.41869e-10 
1.95e-08 6.41317e-10 
1.96e-08 6.40768e-10 
1.97e-08 6.40221e-10 
1.98e-08 6.39677e-10 
1.99e-08 6.39136e-10 
2e-08 6.38598e-10 
2.01e-08 6.38062e-10 
2.02e-08 6.37528e-10 
2.03e-08 6.36997e-10 
2.04e-08 6.36468e-10 
2.05e-08 6.35941e-10 
2.06e-08 6.35416e-10 
2.07e-08 6.34894e-10 
2.08e-08 6.34373e-10 
2.09e-08 6.33854e-10 
2.1e-08 6.33338e-10 
2.11e-08 6.32823e-10 
2.12e-08 6.3231e-10 
2.13e-08 6.31798e-10 
2.14e-08 6.31289e-10 
2.15e-08 6.30781e-10 
2.16e-08 6.30274e-10 
2.17e-08 6.2977e-10 
2.18e-08 6.29267e-10 
2.19e-08 6.28765e-10 
2.2e-08 6.28264e-10 
2.21e-08 6.27766e-10 
2.22e-08 6.27268e-10 
2.23e-08 6.26772e-10 
2.24e-08 6.26277e-10 
2.25e-08 6.25783e-10 
2.26e-08 6.25291e-10 
2.27e-08 6.248e-10 
2.28e-08 6.2431e-10 
2.29e-08 6.23821e-10 
2.3e-08 6.23333e-10 
2.31e-08 6.22846e-10 
2.32e-08 6.22361e-10 
2.33e-08 6.21876e-10 
2.34e-08 6.21392e-10 
2.35e-08 6.20909e-10 
2.36e-08 6.20428e-10 
2.37e-08 6.19947e-10 
2.38e-08 6.19467e-10 
2.39e-08 6.18988e-10 
2.4e-08 6.18509e-10 
2.41e-08 6.18032e-10 
2.42e-08 6.17555e-10 
2.43e-08 6.17079e-10 
2.44e-08 6.16604e-10 
2.45e-08 6.1613e-10 
2.46e-08 6.15656e-10 
2.47e-08 6.15183e-10 
2.48e-08 6.14711e-10 
2.49e-08 6.1424e-10 
2.5e-08 6.13769e-10 
2.51e-08 6.13299e-10 
2.52e-08 6.12829e-10 
2.53e-08 6.1236e-10 
2.54e-08 6.11892e-10 
2.55e-08 6.11424e-10 
2.56e-08 6.10957e-10 
2.57e-08 6.1049e-10 
2.58e-08 6.10024e-10 
2.59e-08 6.09558e-10 
2.6e-08 6.09093e-10 
2.61e-08 6.08629e-10 
2.62e-08 6.08165e-10 
2.63e-08 6.07701e-10 
2.64e-08 6.07238e-10 
2.65e-08 6.06775e-10 
2.66e-08 6.06313e-10 
2.67e-08 6.05852e-10 
2.68e-08 6.0539e-10 
2.69e-08 6.0493e-10 
2.7e-08 6.04469e-10 
2.71e-08 6.04009e-10 
2.72e-08 6.0355e-10 
2.73e-08 6.03091e-10 
2.74e-08 6.02632e-10 
2.75e-08 6.02174e-10 
2.76e-08 6.01716e-10 
2.77e-08 6.01259e-10 
2.78e-08 6.00802e-10 
2.79e-08 6.00345e-10 
2.8e-08 5.99888e-10 
2.81e-08 5.99432e-10 
2.82e-08 5.98977e-10 
2.83e-08 5.98521e-10 
2.84e-08 5.98066e-10 
2.85e-08 5.97612e-10 
2.86e-08 5.97158e-10 
2.87e-08 5.96704e-10 
2.88e-08 5.9625e-10 
2.89e-08 5.95797e-10 
2.9e-08 5.95344e-10 
2.91e-08 5.94891e-10 
2.92e-08 5.94439e-10 
2.93e-08 5.93987e-10 
2.94e-08 5.93535e-10 
2.95e-08 5.93084e-10 
2.96e-08 5.92633e-10 
2.97e-08 5.92182e-10 
2.98e-08 5.91732e-10 
2.99e-08 5.91282e-10 
3e-08 5.90832e-10 
3.01e-08 5.90382e-10 
3.02e-08 5.89933e-10 
3.03e-08 5.89484e-10 
3.04e-08 5.89035e-10 
3.05e-08 5.88587e-10 
3.06e-08 5.88139e-10 
3.07e-08 5.87691e-10 
3.08e-08 5.87244e-10 
3.09e-08 5.86797e-10 
3.1e-08 5.8635e-10 
3.11e-08 5.85903e-10 
3.12e-08 5.85457e-10 
3.13e-08 5.85011e-10 
3.14e-08 5.84565e-10 
3.15e-08 5.84119e-10 
3.16e-08 5.83674e-10 
3.17e-08 5.83229e-10 
3.18e-08 5.82785e-10 
3.19e-08 5.8234e-10 
3.2e-08 5.81896e-10 
3.21e-08 5.81452e-10 
3.22e-08 5.81009e-10 
3.23e-08 5.80566e-10 
3.24e-08 5.80123e-10 
3.25e-08 5.7968e-10 
3.26e-08 5.79238e-10 
3.27e-08 5.78796e-10 
3.28e-08 5.78354e-10 
3.29e-08 5.77912e-10 
3.3e-08 5.77471e-10 
3.31e-08 5.7703e-10 
3.32e-08 5.7659e-10 
3.33e-08 5.76149e-10 
3.34e-08 5.75709e-10 
3.35e-08 5.75269e-10 
3.36e-08 5.7483e-10 
3.37e-08 5.74391e-10 
3.38e-08 5.73952e-10 
3.39e-08 5.73513e-10 
3.4e-08 5.73075e-10 
3.41e-08 5.72637e-10 
3.42e-08 5.72199e-10 
3.43e-08 5.71761e-10 
3.44e-08 5.71324e-10 
3.45e-08 5.70887e-10 
3.46e-08 5.70451e-10 
3.47e-08 5.70015e-10 
3.48e-08 5.69579e-10 
3.49e-08 5.69143e-10 
3.5e-08 5.68708e-10 
3.51e-08 5.68272e-10 
3.52e-08 5.67838e-10 
3.53e-08 5.67403e-10 
3.54e-08 5.66969e-10 
3.55e-08 5.66535e-10 
3.56e-08 5.66102e-10 
3.57e-08 5.65668e-10 
3.58e-08 5.65236e-10 
3.59e-08 5.64803e-10 
3.6e-08 5.64371e-10 
3.61e-08 5.63939e-10 
3.62e-08 5.63507e-10 
3.63e-08 5.63076e-10 
3.64e-08 5.62645e-10 
3.65e-08 5.62214e-10 
3.66e-08 5.61784e-10 
3.67e-08 5.61354e-10 
3.68e-08 5.60924e-10 
3.69e-08 5.60494e-10 
3.7e-08 5.60065e-10 
3.71e-08 5.59637e-10 
3.72e-08 5.59208e-10 
3.73e-08 5.5878e-10 
3.74e-08 5.58352e-10 
3.75e-08 5.57925e-10 
3.76e-08 5.57498e-10 
3.77e-08 5.57071e-10 
3.78e-08 5.56645e-10 
3.79e-08 5.56218e-10 
3.8e-08 5.55793e-10 
3.81e-08 5.55367e-10 
3.82e-08 5.54942e-10 
3.83e-08 5.54518e-10 
3.84e-08 5.54093e-10 
3.85e-08 5.53669e-10 
3.86e-08 5.53245e-10 
3.87e-08 5.52822e-10 
3.88e-08 5.52399e-10 
3.89e-08 5.51976e-10 
3.9e-08 5.51554e-10 
3.91e-08 5.51132e-10 
3.92e-08 5.50711e-10 
3.93e-08 5.50289e-10 
3.94e-08 5.49869e-10 
3.95e-08 5.49448e-10 
3.96e-08 5.49028e-10 
3.97e-08 5.48608e-10 
3.98e-08 5.48189e-10 
3.99e-08 5.4777e-10 
4e-08 5.47351e-10 
4.01e-08 5.46933e-10 
4.02e-08 5.46515e-10 
4.03e-08 5.46097e-10 
4.04e-08 5.4568e-10 
4.05e-08 5.45263e-10 
4.06e-08 5.44847e-10 
4.07e-08 5.4443e-10 
4.08e-08 5.44015e-10 
4.09e-08 5.43599e-10 
4.1e-08 5.43184e-10 
4.11e-08 5.4277e-10 
4.12e-08 5.42356e-10 
4.13e-08 5.41942e-10 
4.14e-08 5.41528e-10 
4.15e-08 5.41115e-10 
4.16e-08 5.40702e-10 
4.17e-08 5.4029e-10 
4.18e-08 5.39878e-10 
4.19e-08 5.39467e-10 
4.2e-08 5.39056e-10 
4.21e-08 5.38645e-10 
4.22e-08 5.38234e-10 
4.23e-08 5.37824e-10 
4.24e-08 5.37415e-10 
4.25e-08 5.37006e-10 
4.26e-08 5.36597e-10 
4.27e-08 5.36188e-10 
4.28e-08 5.3578e-10 
4.29e-08 5.35373e-10 
4.3e-08 5.34966e-10 
4.31e-08 5.34559e-10 
4.32e-08 5.34152e-10 
4.33e-08 5.33746e-10 
4.34e-08 5.33341e-10 
4.35e-08 5.32936e-10 
4.36e-08 5.32531e-10 
4.37e-08 5.32126e-10 
4.38e-08 5.31722e-10 
4.39e-08 5.31319e-10 
4.4e-08 5.30916e-10 
4.41e-08 5.30513e-10 
4.42e-08 5.3011e-10 
4.43e-08 5.29708e-10 
4.44e-08 5.29307e-10 
4.45e-08 5.28906e-10 
4.46e-08 5.28505e-10 
4.47e-08 5.28105e-10 
4.48e-08 5.27705e-10 
4.49e-08 5.27305e-10 
4.5e-08 5.26906e-10 
4.51e-08 5.26508e-10 
4.52e-08 5.26109e-10 
4.53e-08 5.25711e-10 
4.54e-08 5.25314e-10 
4.55e-08 5.24917e-10 
4.56e-08 5.2452e-10 
4.57e-08 5.24124e-10 
4.58e-08 5.23729e-10 
4.59e-08 5.23333e-10 
4.6e-08 5.22938e-10 
4.61e-08 5.22544e-10 
4.62e-08 5.2215e-10 
4.63e-08 5.21756e-10 
4.64e-08 5.21363e-10 
4.65e-08 5.2097e-10 
4.66e-08 5.20578e-10 
4.67e-08 5.20186e-10 
4.68e-08 5.19795e-10 
4.69e-08 5.19403e-10 
4.7e-08 5.19013e-10 
4.71e-08 5.18623e-10 
4.72e-08 5.18233e-10 
4.73e-08 5.17844e-10 
4.74e-08 5.17455e-10 
4.75e-08 5.17066e-10 
4.76e-08 5.16678e-10 
4.77e-08 5.1629e-10 
4.78e-08 5.15903e-10 
4.79e-08 5.15516e-10 
4.8e-08 5.1513e-10 
4.81e-08 5.14744e-10 
4.82e-08 5.14359e-10 
4.83e-08 5.13974e-10 
4.84e-08 5.13589e-10 
4.85e-08 5.13205e-10 
4.86e-08 5.12821e-10 
4.87e-08 5.12438e-10 
4.88e-08 5.12055e-10 
4.89e-08 5.11673e-10 
4.9e-08 5.11291e-10 
4.91e-08 5.10909e-10 
4.92e-08 5.10528e-10 
4.93e-08 5.10147e-10 
4.94e-08 5.09767e-10 
4.95e-08 5.09387e-10 
4.96e-08 5.09008e-10 
4.97e-08 5.08629e-10 
4.98e-08 5.08251e-10 
4.99e-08 5.07873e-10 
5e-08 5.07495e-10 
