0 0 
2e-11 0 
4e-11 0 
6e-11 0 
8e-11 0 
1e-10 0 
1.2e-10 0 
1.4e-10 0 
1.6e-10 0 
1.8e-10 0 
2e-10 0 
2.2e-10 0 
2.4e-10 0 
2.6e-10 0 
2.8e-10 0 
3e-10 0 
3.2e-10 0 
3.4e-10 0 
3.6e-10 0 
3.8e-10 0 
4e-10 0 
4.2e-10 0 
4.4e-10 0 
4.6e-10 0 
4.8e-10 0 
5e-10 0 
5.2e-10 0 
5.4e-10 0 
5.6e-10 0 
5.8e-10 0 
6e-10 0 
6.2e-10 0 
6.4e-10 0 
6.6e-10 0 
6.8e-10 0 
7e-10 0 
7.2e-10 0 
7.4e-10 0 
7.6e-10 0 
7.8e-10 0 
8e-10 0 
8.2e-10 0 
8.4e-10 0 
8.6e-10 0 
8.8e-10 0 
9e-10 0 
9.2e-10 0 
9.4e-10 0 
9.6e-10 0 
9.8e-10 0 
1e-09 0 
1.02e-09 0 
1.04e-09 0 
1.06e-09 0 
1.08e-09 0 
1.1e-09 0 
1.12e-09 0 
1.14e-09 0 
1.16e-09 0 
1.18e-09 0 
1.2e-09 0 
1.22e-09 0 
1.24e-09 0 
1.26e-09 0 
1.28e-09 0 
1.3e-09 0 
1.32e-09 0 
1.34e-09 0 
1.36e-09 0 
1.38e-09 0 
1.4e-09 0 
1.42e-09 0 
1.44e-09 0 
1.46e-09 0 
1.48e-09 0 
1.5e-09 0 
1.52e-09 0 
1.54e-09 0 
1.56e-09 0 
1.58e-09 0 
1.6e-09 0 
1.62e-09 0 
1.64e-09 0 
1.66e-09 0 
1.68e-09 0 
1.7e-09 0 
1.72e-09 0 
1.74e-09 0 
1.76e-09 0 
1.78e-09 0 
1.8e-09 0 
1.82e-09 0 
1.84e-09 0 
1.86e-09 0 
1.88e-09 0 
1.9e-09 0 
1.92e-09 0 
1.94e-09 0 
1.96e-09 0 
1.98e-09 0 
2e-09 9.16594e-08 
2.02e-09 4.33814e-09 
2.04e-09 4.02866e-09 
2.06e-09 3.75908e-09 
2.08e-09 3.51991e-09 
2.1e-09 3.30394e-09 
2.12e-09 3.10586e-09 
2.14e-09 2.9222e-09 
2.16e-09 2.75028e-09 
2.18e-09 2.58835e-09 
2.2e-09 2.4353e-09 
2.22e-09 2.29028e-09 
2.24e-09 2.15277e-09 
2.26e-09 2.02234e-09 
2.28e-09 1.89869e-09 
2.3e-09 1.78155e-09 
2.32e-09 1.67069e-09 
2.34e-09 1.5659e-09 
2.36e-09 1.46694e-09 
2.38e-09 1.3736e-09 
2.4e-09 1.28565e-09 
2.42e-09 1.20286e-09 
2.44e-09 1.12501e-09 
2.46e-09 1.05187e-09 
2.48e-09 9.83203e-10 
2.5e-09 9.18781e-10 
2.52e-09 8.58384e-10 
2.54e-09 8.01793e-10 
2.56e-09 7.48796e-10 
2.58e-09 6.99188e-10 
2.6e-09 6.52773e-10 
2.62e-09 6.0936e-10 
2.64e-09 5.68769e-10 
2.66e-09 5.30829e-10 
2.68e-09 4.95375e-10 
2.7e-09 4.62252e-10 
2.72e-09 4.31313e-10 
2.74e-09 4.0242e-10 
2.76e-09 3.75442e-10 
2.78e-09 3.50255e-10 
2.8e-09 3.26744e-10 
2.82e-09 3.048e-10 
2.84e-09 2.84319e-10 
2.86e-09 2.65207e-10 
2.88e-09 2.47373e-10 
2.9e-09 2.30733e-10 
2.92e-09 2.15208e-10 
2.94e-09 2.00724e-10 
2.96e-09 1.87211e-10 
2.98e-09 1.74606e-10 
3e-09 1.62848e-10 
3.02e-09 1.51879e-10 
3.04e-09 1.41648e-10 
3.06e-09 1.32105e-10 
3.08e-09 1.23204e-10 
3.1e-09 1.14902e-10 
3.12e-09 1.07159e-10 
3.14e-09 9.99366e-11 
3.16e-09 9.32009e-11 
3.18e-09 8.69188e-11 
3.2e-09 8.10598e-11 
3.22e-09 7.55955e-11 
3.24e-09 7.04994e-11 
3.26e-09 6.57466e-11 
3.28e-09 6.13141e-11 
3.3e-09 5.71803e-11 
3.32e-09 5.33251e-11 
3.34e-09 4.97297e-11 
3.36e-09 4.63767e-11 
3.38e-09 4.32497e-11 
3.4e-09 4.03335e-11 
3.42e-09 3.76139e-11 
3.44e-09 3.50776e-11 
3.46e-09 3.27123e-11 
3.48e-09 3.05065e-11 
3.5e-09 2.84494e-11 
3.52e-09 2.6531e-11 
3.54e-09 2.4742e-11 
3.56e-09 2.30735e-11 
3.58e-09 2.15176e-11 
3.6e-09 2.00666e-11 
3.62e-09 1.87134e-11 
3.64e-09 1.74515e-11 
3.66e-09 1.62746e-11 
3.68e-09 1.51772e-11 
3.7e-09 1.41537e-11 
3.72e-09 1.31992e-11 
3.74e-09 1.23091e-11 
3.76e-09 1.1479e-11 
3.78e-09 1.07049e-11 
3.8e-09 9.98301e-12 
3.82e-09 9.30978e-12 
3.84e-09 8.68195e-12 
3.86e-09 8.09646e-12 
3.88e-09 7.55046e-12 
3.9e-09 7.04127e-12 
3.92e-09 6.56642e-12 
3.94e-09 6.12359e-12 
3.96e-09 5.71063e-12 
3.98e-09 5.32551e-12 
4e-09 4.96636e-12 
4.02e-09 4.63144e-12 
4.04e-09 4.3191e-12 
4.06e-09 4.02782e-12 
4.08e-09 3.75619e-12 
4.1e-09 3.50287e-12 
4.12e-09 3.26664e-12 
4.14e-09 3.04634e-12 
4.16e-09 2.84089e-12 
4.18e-09 2.6493e-12 
4.2e-09 2.47063e-12 
4.22e-09 2.30401e-12 
4.24e-09 2.14863e-12 
4.26e-09 2.00373e-12 
4.28e-09 1.86859e-12 
4.3e-09 1.74257e-12 
4.32e-09 1.62505e-12 
4.34e-09 1.51546e-12 
4.36e-09 1.41325e-12 
4.38e-09 1.31794e-12 
4.4e-09 1.22906e-12 
4.42e-09 1.14617e-12 
4.44e-09 1.06887e-12 
4.46e-09 9.96782e-13 
4.48e-09 9.29558e-13 
4.5e-09 8.66866e-13 
4.52e-09 8.08403e-13 
4.54e-09 7.53882e-13 
4.56e-09 7.03039e-13 
4.58e-09 6.55624e-13 
4.6e-09 6.11407e-13 
4.62e-09 5.70172e-13 
4.64e-09 5.31718e-13 
4.66e-09 4.95857e-13 
4.68e-09 4.62415e-13 
4.7e-09 4.31228e-13 
4.72e-09 4.02145e-13 
4.74e-09 3.75023e-13 
4.76e-09 3.4973e-13 
4.78e-09 3.26143e-13 
4.8e-09 3.04147e-13 
4.82e-09 2.83634e-13 
4.84e-09 2.64504e-13 
4.86e-09 2.46665e-13 
4.88e-09 2.30029e-13 
4.9e-09 2.14515e-13 
4.92e-09 2.00047e-13 
4.94e-09 1.86555e-13 
4.96e-09 1.73973e-13 
4.98e-09 1.62239e-13 
5e-09 1.51297e-13 
5.02e-09 1.41092e-13 
5.04e-09 1.31576e-13 
5.06e-09 1.22702e-13 
5.08e-09 1.14426e-13 
5.1e-09 1.06709e-13 
5.12e-09 9.95118e-14 
5.14e-09 9.28001e-14 
5.16e-09 8.65411e-14 
5.18e-09 8.07042e-14 
5.2e-09 7.5261e-14 
5.22e-09 7.01849e-14 
5.24e-09 6.54512e-14 
5.26e-09 6.10367e-14 
5.28e-09 5.692e-14 
5.3e-09 5.30809e-14 
5.32e-09 4.95007e-14 
5.34e-09 4.6162e-14 
5.36e-09 4.30485e-14 
5.38e-09 4.0145e-14 
5.4e-09 3.74373e-14 
5.42e-09 3.49122e-14 
5.44e-09 3.25575e-14 
5.46e-09 3.03615e-14 
5.48e-09 2.83137e-14 
5.5e-09 2.6404e-14 
5.52e-09 2.46231e-14 
5.54e-09 2.29623e-14 
5.56e-09 2.14135e-14 
5.58e-09 1.99692e-14 
5.6e-09 1.86223e-14 
5.62e-09 1.73662e-14 
5.64e-09 1.61949e-14 
5.66e-09 1.51025e-14 
5.68e-09 1.40839e-14 
5.7e-09 1.31339e-14 
5.72e-09 1.2248e-14 
5.74e-09 1.14219e-14 
5.76e-09 1.06515e-14 
5.78e-09 9.93304e-15 
5.8e-09 9.26305e-15 
5.82e-09 8.63825e-15 
5.84e-09 8.05559e-15 
5.86e-09 7.51224e-15 
5.88e-09 7.00553e-15 
5.9e-09 6.533e-15 
5.92e-09 6.09234e-15 
5.94e-09 5.6814e-15 
5.96e-09 5.29818e-15 
5.98e-09 4.94081e-15 
6e-09 4.60754e-15 
6.02e-09 4.29675e-15 
6.04e-09 4.00692e-15 
6.06e-09 3.73665e-15 
6.08e-09 3.4846e-15 
6.1e-09 3.24955e-15 
6.12e-09 3.03036e-15 
6.14e-09 2.82596e-15 
6.16e-09 2.63534e-15 
6.18e-09 2.45757e-15 
6.2e-09 2.2918e-15 
6.22e-09 2.13721e-15 
6.24e-09 1.99305e-15 
6.26e-09 1.85861e-15 
6.28e-09 1.73324e-15 
6.3e-09 1.61633e-15 
6.32e-09 1.5073e-15 
6.34e-09 1.40563e-15 
6.36e-09 1.31081e-15 
6.38e-09 1.22239e-15 
6.4e-09 1.13993e-15 
6.42e-09 1.06304e-15 
6.44e-09 9.91338e-16 
6.46e-09 9.24468e-16 
6.48e-09 8.62108e-16 
6.5e-09 8.03955e-16 
6.52e-09 7.49725e-16 
6.54e-09 6.99152e-16 
6.56e-09 6.51991e-16 
6.58e-09 6.08011e-16 
6.6e-09 5.66998e-16 
6.62e-09 5.28751e-16 
6.64e-09 4.93084e-16 
6.66e-09 4.59823e-16 
6.68e-09 4.28805e-16 
6.7e-09 3.9988e-16 
6.72e-09 3.72906e-16 
6.74e-09 3.47752e-16 
6.76e-09 3.24294e-16 
6.78e-09 3.02419e-16 
6.8e-09 2.82019e-16 
6.82e-09 2.62996e-16 
6.84e-09 2.45255e-16 
6.86e-09 2.28712e-16 
6.88e-09 2.13284e-16 
6.9e-09 1.98897e-16 
6.92e-09 1.8548e-16 
6.94e-09 1.72969e-16 
6.96e-09 1.61301e-16 
6.98e-09 1.50421e-16 
7e-09 1.40274e-16 
7.02e-09 1.30812e-16 
7.04e-09 1.21988e-16 
7.06e-09 1.1376e-16 
7.08e-09 1.06086e-16 
7.1e-09 9.89303e-17 
7.12e-09 9.22571e-17 
7.14e-09 8.6034e-17 
7.16e-09 8.02308e-17 
7.18e-09 7.4819e-17 
7.2e-09 6.97723e-17 
7.22e-09 6.5066e-17 
7.24e-09 6.06771e-17 
7.26e-09 5.65844e-17 
7.28e-09 5.27677e-17 
7.3e-09 4.92084e-17 
7.32e-09 4.58893e-17 
7.34e-09 4.2794e-17 
7.36e-09 3.99076e-17 
7.38e-09 3.72158e-17 
7.4e-09 3.47057e-17 
7.42e-09 3.23648e-17 
7.44e-09 3.01819e-17 
7.46e-09 2.81462e-17 
7.48e-09 2.62478e-17 
7.5e-09 2.44775e-17 
7.52e-09 2.28266e-17 
7.54e-09 2.1287e-17 
7.56e-09 1.98513e-17 
7.58e-09 1.85125e-17 
7.6e-09 1.72639e-17 
7.62e-09 1.60996e-17 
7.64e-09 1.50138e-17 
7.66e-09 1.40013e-17 
7.68e-09 1.3057e-17 
7.7e-09 1.21765e-17 
7.72e-09 1.13553e-17 
7.74e-09 1.05895e-17 
7.76e-09 9.87541e-18 
7.78e-09 9.20945e-18 
7.8e-09 8.58842e-18 
7.82e-09 8.00927e-18 
7.84e-09 7.46918e-18 
7.86e-09 6.96553e-18 
7.88e-09 6.49584e-18 
7.9e-09 6.05783e-18 
7.92e-09 5.64937e-18 
7.94e-09 5.26845e-18 
7.96e-09 4.91322e-18 
7.98e-09 4.58196e-18 
8e-09 4.27303e-18 
8.02e-09 3.98494e-18 
8.04e-09 3.71628e-18 
8.06e-09 3.46574e-18 
8.08e-09 3.23209e-18 
8.1e-09 3.0142e-18 
8.12e-09 2.81101e-18 
8.14e-09 2.62152e-18 
8.16e-09 2.44481e-18 
8.18e-09 2.28001e-18 
8.2e-09 2.12633e-18 
8.22e-09 1.98301e-18 
8.24e-09 1.84935e-18 
8.26e-09 1.72471e-18 
8.28e-09 1.60847e-18 
8.3e-09 1.50007e-18 
8.32e-09 1.39898e-18 
8.34e-09 1.30471e-18 
8.36e-09 1.21679e-18 
8.38e-09 1.1348e-18 
8.4e-09 1.05834e-18 
8.42e-09 9.87031e-19 
8.44e-09 9.20531e-19 
8.46e-09 8.58515e-19 
8.48e-09 8.00679e-19 
8.5e-09 7.46742e-19 
8.52e-09 6.96441e-19 
8.54e-09 6.49531e-19 
8.56e-09 6.05782e-19 
8.58e-09 5.64983e-19 
8.6e-09 5.26934e-19 
8.62e-09 4.91449e-19 
8.64e-09 4.58356e-19 
8.66e-09 4.27493e-19 
8.68e-09 3.9871e-19 
8.7e-09 3.71867e-19 
8.72e-09 3.46833e-19 
8.74e-09 3.23486e-19 
8.76e-09 3.01712e-19 
8.78e-09 2.81405e-19 
8.8e-09 2.62466e-19 
8.82e-09 2.44804e-19 
8.84e-09 2.28331e-19 
8.86e-09 2.12968e-19 
8.88e-09 1.9864e-19 
8.9e-09 1.85277e-19 
8.92e-09 1.72814e-19 
8.94e-09 1.61191e-19 
8.96e-09 1.5035e-19 
8.98e-09 1.4024e-19 
9e-09 1.3081e-19 
9.02e-09 1.22015e-19 
9.04e-09 1.13813e-19 
9.06e-09 1.06163e-19 
9.08e-09 9.90276e-20 
9.1e-09 9.23728e-20 
9.12e-09 8.61659e-20 
9.14e-09 8.03768e-20 
9.16e-09 7.49773e-20 
9.18e-09 6.99412e-20 
9.2e-09 6.5244e-20 
9.22e-09 6.08628e-20 
9.24e-09 5.67765e-20 
9.26e-09 5.2965e-20 
9.28e-09 4.941e-20 
9.3e-09 4.6094e-20 
9.32e-09 4.30011e-20 
9.34e-09 4.01162e-20 
9.36e-09 3.74253e-20 
9.38e-09 3.49153e-20 
9.4e-09 3.25741e-20 
9.42e-09 3.03902e-20 
9.44e-09 2.83531e-20 
9.46e-09 2.6453e-20 
9.48e-09 2.46805e-20 
9.5e-09 2.30271e-20 
9.52e-09 2.14848e-20 
9.54e-09 2.00461e-20 
9.56e-09 1.8704e-20 
9.58e-09 1.7452e-20 
9.6e-09 1.62841e-20 
9.62e-09 1.51946e-20 
9.64e-09 1.41783e-20 
9.66e-09 1.32301e-20 
9.68e-09 1.23456e-20 
9.7e-09 1.15204e-20 
9.72e-09 1.07506e-20 
9.74e-09 1.00324e-20 
9.76e-09 9.36242e-21 
9.78e-09 8.73733e-21 
9.8e-09 8.15414e-21 
9.82e-09 7.61004e-21 
9.84e-09 7.1024e-21 
9.86e-09 6.62877e-21 
9.88e-09 6.18688e-21 
9.9e-09 5.77458e-21 
9.92e-09 5.38989e-21 
9.94e-09 5.03095e-21 
9.96e-09 4.69605e-21 
9.98e-09 4.38356e-21 
1e-08 4.09197e-21 
