0 0 
2e-11 -7.63e-17 
4e-11 7.77e-17 
6e-11 9.89e-17 
8e-11 6.16e-17 
1e-10 6.08e-17 
1.2e-10 6.03e-17 
1.4e-10 6.13e-17 
1.6e-10 6.19e-17 
1.8e-10 5.67e-17 
2e-10 5.96e-17 
2.2e-10 6.42e-17 
2.4e-10 2.67e-17 
2.6e-10 2.84e-17 
2.8e-10 2.84e-17 
3e-10 2.76e-17 
3.2e-10 2.65e-17 
3.4e-10 2.47e-17 
3.6e-10 3.07e-17 
3.8e-10 2.4e-17 
4e-10 3.01e-17 
4.2e-10 2.55e-17 
4.4e-10 2.9e-17 
4.6e-10 2.69e-17 
4.8e-10 5.99e-17 
5e-10 5.69e-17 
5.2e-10 6.58e-17 
5.4e-10 5.76e-17 
5.6e-10 5.95e-17 
5.8e-10 6.2e-17 
6e-10 6.02e-17 
6.2e-10 5.61e-17 
6.4e-10 5.81e-17 
6.6e-10 5.66e-17 
6.8e-10 5.84e-17 
7e-10 6.25e-17 
7.2e-10 6.11e-17 
7.4e-10 5.97e-17 
7.6e-10 6.16e-17 
7.8e-10 6.09e-17 
8e-10 5.89e-17 
8.2e-10 6.04e-17 
8.4e-10 6.37e-17 
8.6e-10 5.91e-17 
8.8e-10 6.01e-17 
9e-10 5.95e-17 
9.2e-10 5.85e-17 
9.4e-10 5.91e-17 
9.6e-10 6.85e-17 
9.8e-10 6.83e-17 
1e-09 -1.01e-17 
1.02e-09 8.36e-17 
1.04e-09 7e-17 
1.06e-09 6.69e-17 
1.08e-09 7.1e-17 
1.1e-09 7.21e-17 
1.12e-09 6.78e-17 
1.14e-09 6.71e-17 
1.16e-09 6.65e-17 
1.18e-09 6.46e-17 
1.2e-09 6.74e-17 
1.22e-09 6.56e-17 
1.24e-09 6.73e-17 
1.26e-09 6.73e-17 
1.28e-09 6.47e-17 
1.3e-09 6.76e-17 
1.32e-09 6.96e-17 
1.34e-09 6.74e-17 
1.36e-09 6.91e-17 
1.38e-09 6.55e-17 
1.4e-09 7.01e-17 
1.42e-09 6.76e-17 
1.44e-09 7.03e-17 
1.46e-09 6.92e-17 
1.48e-09 6.84e-17 
1.5e-09 1.289e-16 
1.52e-09 -9.5e-18 
1.54e-09 7.14e-17 
1.56e-09 6.91e-17 
1.58e-09 7.02e-17 
1.6e-09 6.8e-17 
1.62e-09 6.87e-17 
1.64e-09 6.67e-17 
1.66e-09 6.64e-17 
1.68e-09 6.78e-17 
1.7e-09 6.56e-17 
1.72e-09 6.55e-17 
1.74e-09 6.67e-17 
1.76e-09 6.73e-17 
1.78e-09 6.88e-17 
1.8e-09 6.72e-17 
1.82e-09 6.42e-17 
1.84e-09 6.65e-17 
1.86e-09 6.45e-17 
1.88e-09 5.75e-17 
1.9e-09 6.66e-17 
1.92e-09 6.73e-17 
1.94e-09 6.59e-17 
1.96e-09 7.02e-17 
1.98e-09 6.82e-17 
2e-09 3.10258e-08 
2.02e-09 8.38134e-08 
2.04e-09 7.8681e-08 
2.06e-09 7.30797e-08 
2.08e-09 6.80301e-08 
2.1e-09 6.37506e-08 
2.12e-09 6.01944e-08 
2.14e-09 5.72345e-08 
2.16e-09 5.47369e-08 
2.18e-09 5.25872e-08 
2.2e-09 5.06968e-08 
2.22e-09 4.90009e-08 
2.24e-09 4.7453e-08 
2.26e-09 4.60206e-08 
2.28e-09 4.46801e-08 
2.3e-09 4.34149e-08 
2.32e-09 4.22124e-08 
2.34e-09 4.10634e-08 
2.36e-09 3.99612e-08 
2.38e-09 3.89005e-08 
2.4e-09 3.78772e-08 
2.42e-09 3.68882e-08 
2.44e-09 3.59311e-08 
2.46e-09 3.50038e-08 
2.48e-09 3.41046e-08 
2.5e-09 3.32321e-08 
2.52e-09 3.23851e-08 
2.54e-09 3.15626e-08 
2.56e-09 3.07634e-08 
2.58e-09 2.99867e-08 
2.6e-09 2.92318e-08 
2.62e-09 2.84978e-08 
2.64e-09 2.7784e-08 
2.66e-09 2.70899e-08 
2.68e-09 2.64147e-08 
2.7e-09 2.57578e-08 
2.72e-09 2.51188e-08 
2.74e-09 2.44971e-08 
2.76e-09 2.38922e-08 
2.78e-09 2.33036e-08 
2.8e-09 2.27309e-08 
2.82e-09 2.21736e-08 
2.84e-09 2.16313e-08 
2.86e-09 2.11035e-08 
2.88e-09 2.059e-08 
2.9e-09 2.00904e-08 
2.92e-09 1.96042e-08 
2.94e-09 1.91311e-08 
2.96e-09 1.86708e-08 
2.98e-09 1.82229e-08 
3e-09 1.77872e-08 
3.02e-09 1.73633e-08 
3.04e-09 1.69508e-08 
3.06e-09 1.65496e-08 
3.08e-09 1.61593e-08 
3.1e-09 1.57796e-08 
3.12e-09 1.54103e-08 
3.14e-09 1.5051e-08 
3.16e-09 1.47015e-08 
3.18e-09 1.43616e-08 
3.2e-09 1.4031e-08 
3.22e-09 1.37094e-08 
3.24e-09 1.33967e-08 
3.26e-09 1.30925e-08 
3.28e-09 1.27967e-08 
3.3e-09 1.25089e-08 
3.32e-09 1.22291e-08 
3.34e-09 1.1957e-08 
3.36e-09 1.16923e-08 
3.38e-09 1.14349e-08 
3.4e-09 1.11846e-08 
3.42e-09 1.09411e-08 
3.44e-09 1.07043e-08 
3.46e-09 1.04741e-08 
3.48e-09 1.02501e-08 
3.5e-09 1.00323e-08 
3.52e-09 9.82048e-09 
3.54e-09 9.61445e-09 
3.56e-09 9.41407e-09 
3.58e-09 9.21918e-09 
3.6e-09 9.02961e-09 
3.62e-09 8.84522e-09 
3.64e-09 8.66587e-09 
3.66e-09 8.49141e-09 
3.68e-09 8.32171e-09 
3.7e-09 8.15662e-09 
3.72e-09 7.99602e-09 
3.74e-09 7.83978e-09 
3.76e-09 7.68777e-09 
3.78e-09 7.53988e-09 
3.8e-09 7.39599e-09 
3.82e-09 7.25598e-09 
3.84e-09 7.11975e-09 
3.86e-09 6.98718e-09 
3.88e-09 6.85817e-09 
3.9e-09 6.73262e-09 
3.92e-09 6.61042e-09 
3.94e-09 6.49149e-09 
3.96e-09 6.37573e-09 
3.98e-09 6.26305e-09 
4e-09 6.15336e-09 
4.02e-09 6.04657e-09 
4.04e-09 5.94261e-09 
4.06e-09 5.84138e-09 
4.08e-09 5.74282e-09 
4.1e-09 5.64684e-09 
4.12e-09 5.55338e-09 
4.14e-09 5.46235e-09 
4.16e-09 5.37369e-09 
4.18e-09 5.28734e-09 
4.2e-09 5.20322e-09 
4.22e-09 5.12127e-09 
4.24e-09 5.04144e-09 
4.26e-09 4.96365e-09 
4.28e-09 4.88785e-09 
4.3e-09 4.81399e-09 
4.32e-09 4.74201e-09 
4.34e-09 4.67185e-09 
4.36e-09 4.60346e-09 
4.38e-09 4.5368e-09 
4.4e-09 4.47181e-09 
4.42e-09 4.40845e-09 
4.44e-09 4.34667e-09 
4.46e-09 4.28642e-09 
4.48e-09 4.22767e-09 
4.5e-09 4.17036e-09 
4.52e-09 4.11447e-09 
4.54e-09 4.05994e-09 
4.56e-09 4.00674e-09 
4.58e-09 3.95484e-09 
4.6e-09 3.90419e-09 
4.62e-09 3.85477e-09 
4.64e-09 3.80653e-09 
4.66e-09 3.75944e-09 
4.68e-09 3.71347e-09 
4.7e-09 3.6686e-09 
4.72e-09 3.62478e-09 
4.74e-09 3.582e-09 
4.76e-09 3.54021e-09 
4.78e-09 3.4994e-09 
4.8e-09 3.45954e-09 
4.82e-09 3.4206e-09 
4.84e-09 3.38255e-09 
4.86e-09 3.34537e-09 
4.88e-09 3.30904e-09 
4.9e-09 3.27353e-09 
4.92e-09 3.23882e-09 
4.94e-09 3.20489e-09 
4.96e-09 3.17171e-09 
4.98e-09 3.13928e-09 
5e-09 3.10756e-09 
5.02e-09 3.07653e-09 
5.04e-09 3.04619e-09 
5.06e-09 3.0165e-09 
5.08e-09 2.98746e-09 
5.1e-09 2.95904e-09 
5.12e-09 2.93123e-09 
5.14e-09 2.90401e-09 
5.16e-09 2.87737e-09 
5.18e-09 2.85129e-09 
5.2e-09 2.82575e-09 
5.22e-09 2.80074e-09 
5.24e-09 2.77625e-09 
5.26e-09 2.75227e-09 
5.28e-09 2.72877e-09 
5.3e-09 2.70575e-09 
5.32e-09 2.6832e-09 
5.34e-09 2.6611e-09 
5.36e-09 2.63944e-09 
5.38e-09 2.6182e-09 
5.4e-09 2.59739e-09 
5.42e-09 2.57698e-09 
5.44e-09 2.55697e-09 
5.46e-09 2.53735e-09 
5.48e-09 2.5181e-09 
5.5e-09 2.49923e-09 
5.52e-09 2.4807e-09 
5.54e-09 2.46253e-09 
5.56e-09 2.4447e-09 
5.58e-09 2.42719e-09 
5.6e-09 2.41001e-09 
5.62e-09 2.39315e-09 
5.64e-09 2.37659e-09 
5.66e-09 2.36033e-09 
5.68e-09 2.34437e-09 
5.7e-09 2.32868e-09 
5.72e-09 2.31328e-09 
5.74e-09 2.29814e-09 
5.76e-09 2.28327e-09 
5.78e-09 2.26866e-09 
5.8e-09 2.2543e-09 
5.82e-09 2.24018e-09 
5.84e-09 2.22631e-09 
5.86e-09 2.21267e-09 
5.88e-09 2.19925e-09 
5.9e-09 2.18606e-09 
5.92e-09 2.17308e-09 
5.94e-09 2.16032e-09 
5.96e-09 2.14776e-09 
5.98e-09 2.13541e-09 
6e-09 2.12325e-09 
6.02e-09 2.11129e-09 
6.04e-09 2.09951e-09 
6.06e-09 2.08792e-09 
6.08e-09 2.07651e-09 
6.1e-09 2.06528e-09 
6.12e-09 2.05421e-09 
6.14e-09 2.04332e-09 
6.16e-09 2.03258e-09 
6.18e-09 2.02201e-09 
6.2e-09 2.0116e-09 
6.22e-09 2.00133e-09 
6.24e-09 1.99122e-09 
6.26e-09 1.98126e-09 
6.28e-09 1.97143e-09 
6.3e-09 1.96175e-09 
6.32e-09 1.9522e-09 
6.34e-09 1.94279e-09 
6.36e-09 1.93351e-09 
6.38e-09 1.92436e-09 
6.4e-09 1.91533e-09 
6.42e-09 1.90643e-09 
6.44e-09 1.89764e-09 
6.46e-09 1.88898e-09 
6.48e-09 1.88043e-09 
6.5e-09 1.87199e-09 
6.52e-09 1.86366e-09 
6.54e-09 1.85544e-09 
6.56e-09 1.84733e-09 
6.58e-09 1.83932e-09 
6.6e-09 1.83141e-09 
6.62e-09 1.8236e-09 
6.64e-09 1.81589e-09 
6.66e-09 1.80828e-09 
6.68e-09 1.80075e-09 
6.7e-09 1.79332e-09 
6.72e-09 1.78599e-09 
6.74e-09 1.77873e-09 
6.76e-09 1.77157e-09 
6.78e-09 1.76449e-09 
6.8e-09 1.75749e-09 
6.82e-09 1.75058e-09 
6.84e-09 1.74374e-09 
6.86e-09 1.73698e-09 
6.88e-09 1.73031e-09 
6.9e-09 1.7237e-09 
6.92e-09 1.71717e-09 
6.94e-09 1.71071e-09 
6.96e-09 1.70433e-09 
6.98e-09 1.69801e-09 
7e-09 1.69177e-09 
7.02e-09 1.68559e-09 
7.04e-09 1.67947e-09 
7.06e-09 1.67343e-09 
7.08e-09 1.66744e-09 
7.1e-09 1.66152e-09 
7.12e-09 1.65566e-09 
7.14e-09 1.64986e-09 
7.16e-09 1.64413e-09 
7.18e-09 1.63844e-09 
7.2e-09 1.63282e-09 
7.22e-09 1.62726e-09 
7.24e-09 1.62175e-09 
7.26e-09 1.61629e-09 
7.28e-09 1.61089e-09 
7.3e-09 1.60554e-09 
7.32e-09 1.60024e-09 
7.34e-09 1.59499e-09 
7.36e-09 1.5898e-09 
7.38e-09 1.58465e-09 
7.4e-09 1.57955e-09 
7.42e-09 1.5745e-09 
7.44e-09 1.5695e-09 
7.46e-09 1.56454e-09 
7.48e-09 1.55963e-09 
7.5e-09 1.55476e-09 
7.52e-09 1.54994e-09 
7.54e-09 1.54516e-09 
7.56e-09 1.54043e-09 
7.58e-09 1.53573e-09 
7.6e-09 1.53108e-09 
7.62e-09 1.52647e-09 
7.64e-09 1.52189e-09 
7.66e-09 1.51736e-09 
7.68e-09 1.51287e-09 
7.7e-09 1.50841e-09 
7.72e-09 1.504e-09 
7.74e-09 1.49962e-09 
7.76e-09 1.49528e-09 
7.78e-09 1.49097e-09 
7.8e-09 1.4867e-09 
7.82e-09 1.48246e-09 
7.84e-09 1.47826e-09 
7.86e-09 1.47409e-09 
7.88e-09 1.46996e-09 
7.9e-09 1.46586e-09 
7.92e-09 1.46179e-09 
7.94e-09 1.45776e-09 
7.96e-09 1.45376e-09 
7.98e-09 1.44978e-09 
8e-09 1.44584e-09 
8.02e-09 1.44193e-09 
8.04e-09 1.43805e-09 
8.06e-09 1.4342e-09 
8.08e-09 1.43038e-09 
8.1e-09 1.42659e-09 
8.12e-09 1.42283e-09 
8.14e-09 1.41909e-09 
8.16e-09 1.41539e-09 
8.18e-09 1.41171e-09 
8.2e-09 1.40805e-09 
8.22e-09 1.40443e-09 
8.24e-09 1.40083e-09 
8.26e-09 1.39726e-09 
8.28e-09 1.39371e-09 
8.3e-09 1.39019e-09 
8.32e-09 1.38669e-09 
8.34e-09 1.38322e-09 
8.36e-09 1.37977e-09 
8.38e-09 1.37635e-09 
8.4e-09 1.37295e-09 
8.42e-09 1.36958e-09 
8.44e-09 1.36622e-09 
8.46e-09 1.36289e-09 
8.48e-09 1.35959e-09 
8.5e-09 1.35631e-09 
8.52e-09 1.35304e-09 
8.54e-09 1.34981e-09 
8.56e-09 1.34659e-09 
8.58e-09 1.34339e-09 
8.6e-09 1.34022e-09 
8.62e-09 1.33706e-09 
8.64e-09 1.33393e-09 
8.66e-09 1.33082e-09 
8.68e-09 1.32773e-09 
8.7e-09 1.32466e-09 
8.72e-09 1.3216e-09 
8.74e-09 1.31857e-09 
8.76e-09 1.31556e-09 
8.78e-09 1.31257e-09 
8.8e-09 1.30959e-09 
8.82e-09 1.30664e-09 
8.84e-09 1.3037e-09 
8.86e-09 1.30078e-09 
8.88e-09 1.29788e-09 
8.9e-09 1.295e-09 
8.92e-09 1.29213e-09 
8.94e-09 1.28929e-09 
8.96e-09 1.28646e-09 
8.98e-09 1.28364e-09 
9e-09 1.28085e-09 
9.02e-09 1.27807e-09 
9.04e-09 1.27531e-09 
9.06e-09 1.27256e-09 
9.08e-09 1.26984e-09 
9.1e-09 1.26712e-09 
9.12e-09 1.26443e-09 
9.14e-09 1.26175e-09 
9.16e-09 1.25908e-09 
9.18e-09 1.25644e-09 
9.2e-09 1.2538e-09 
9.22e-09 1.25118e-09 
9.24e-09 1.24858e-09 
9.26e-09 1.24599e-09 
9.28e-09 1.24342e-09 
9.3e-09 1.24086e-09 
9.32e-09 1.23832e-09 
9.34e-09 1.23579e-09 
9.36e-09 1.23328e-09 
9.38e-09 1.23077e-09 
9.4e-09 1.22829e-09 
9.42e-09 1.22582e-09 
9.44e-09 1.22336e-09 
9.46e-09 1.22091e-09 
9.48e-09 1.21848e-09 
9.5e-09 1.21606e-09 
9.52e-09 1.21366e-09 
9.54e-09 1.21126e-09 
9.56e-09 1.20889e-09 
9.58e-09 1.20652e-09 
9.6e-09 1.20417e-09 
9.62e-09 1.20183e-09 
9.64e-09 1.1995e-09 
9.66e-09 1.19718e-09 
9.68e-09 1.19488e-09 
9.7e-09 1.19259e-09 
9.72e-09 1.19031e-09 
9.74e-09 1.18805e-09 
9.76e-09 1.18579e-09 
9.78e-09 1.18355e-09 
9.8e-09 1.18132e-09 
9.82e-09 1.1791e-09 
9.84e-09 1.17689e-09 
9.86e-09 1.17469e-09 
9.88e-09 1.17251e-09 
9.9e-09 1.17034e-09 
9.92e-09 1.16817e-09 
9.94e-09 1.16602e-09 
9.96e-09 1.16388e-09 
9.98e-09 1.16175e-09 
1e-08 1.15963e-09 
