0 0 
1e-10 -1.96e-17 
2e-10 1.32e-17 
3e-10 -1.1e-18 
4e-10 2.58e-17 
5e-10 1.25e-17 
6e-10 3.39e-17 
7e-10 2.47e-17 
8e-10 2.64e-17 
9e-10 2.49e-17 
1e-09 1.31e-17 
1.1e-09 3.5e-17 
1.2e-09 1.18e-17 
1.3e-09 1.2e-17 
1.4e-09 1.22e-17 
1.5e-09 1.19e-17 
1.6e-09 1.22e-17 
1.7e-09 1.16e-17 
1.8e-09 1.22e-17 
1.9e-09 1.23e-17 
2e-09 5.72918e-08 
2.1e-09 7.36047e-08 
2.2e-09 4.40781e-08 
2.3e-09 3.08703e-08 
2.4e-09 2.28907e-08 
2.5e-09 1.76745e-08 
2.6e-09 1.42134e-08 
2.7e-09 1.19319e-08 
2.8e-09 1.04378e-08 
2.9e-09 9.45579e-09 
3e-09 8.79774e-09 
3.1e-09 8.34013e-09 
3.2e-09 8.00392e-09 
3.3e-09 7.73975e-09 
3.4e-09 7.51782e-09 
3.5e-09 7.32091e-09 
3.6e-09 7.13942e-09 
3.7e-09 6.96823e-09 
3.8e-09 6.80468e-09 
3.9e-09 6.64745e-09 
4e-09 6.4959e-09 
4.1e-09 6.3497e-09 
4.2e-09 6.20865e-09 
4.3e-09 6.07258e-09 
4.4e-09 5.94134e-09 
4.5e-09 5.81477e-09 
4.6e-09 5.6927e-09 
4.7e-09 5.57494e-09 
4.8e-09 5.46133e-09 
4.9e-09 5.35166e-09 
5e-09 5.24578e-09 
5.1e-09 5.14349e-09 
5.2e-09 5.04465e-09 
5.3e-09 4.94908e-09 
5.4e-09 4.85664e-09 
5.5e-09 4.76719e-09 
5.6e-09 4.6806e-09 
5.7e-09 4.59673e-09 
5.8e-09 4.51548e-09 
5.9e-09 4.43672e-09 
6e-09 4.36035e-09 
6.1e-09 4.28627e-09 
6.2e-09 4.21439e-09 
6.3e-09 4.14462e-09 
6.4e-09 4.07687e-09 
6.5e-09 4.01106e-09 
6.6e-09 3.94712e-09 
6.7e-09 3.88498e-09 
6.8e-09 3.82456e-09 
6.9e-09 3.7658e-09 
7e-09 3.70864e-09 
7.1e-09 3.65302e-09 
7.2e-09 3.59888e-09 
7.3e-09 3.54618e-09 
7.4e-09 3.49485e-09 
7.5e-09 3.44485e-09 
7.6e-09 3.39613e-09 
7.7e-09 3.34865e-09 
7.8e-09 3.30237e-09 
7.9e-09 3.25723e-09 
8e-09 3.21322e-09 
8.1e-09 3.17028e-09 
8.2e-09 3.12838e-09 
8.3e-09 3.08749e-09 
8.4e-09 3.04758e-09 
8.5e-09 3.0086e-09 
8.6e-09 2.97054e-09 
8.7e-09 2.93336e-09 
8.8e-09 2.89704e-09 
8.9e-09 2.86154e-09 
9e-09 2.82685e-09 
9.1e-09 2.79293e-09 
9.2e-09 2.75977e-09 
9.3e-09 2.72733e-09 
9.4e-09 2.69561e-09 
9.5e-09 2.66457e-09 
9.6e-09 2.6342e-09 
9.7e-09 2.60448e-09 
9.8e-09 2.57539e-09 
9.9e-09 2.5469e-09 
1e-08 2.51901e-09 
1.01e-08 2.49169e-09 
1.02e-08 2.46494e-09 
1.03e-08 2.43872e-09 
1.04e-08 2.41304e-09 
1.05e-08 2.38786e-09 
1.06e-08 2.36319e-09 
1.07e-08 2.339e-09 
1.08e-08 2.31529e-09 
1.09e-08 2.29204e-09 
1.1e-08 2.26923e-09 
1.11e-08 2.24686e-09 
1.12e-08 2.22491e-09 
1.13e-08 2.20338e-09 
1.14e-08 2.18224e-09 
1.15e-08 2.1615e-09 
1.16e-08 2.14115e-09 
1.17e-08 2.12116e-09 
1.18e-08 2.10154e-09 
1.19e-08 2.08227e-09 
1.2e-08 2.06334e-09 
1.21e-08 2.04475e-09 
1.22e-08 2.02649e-09 
1.23e-08 2.00855e-09 
1.24e-08 1.99092e-09 
1.25e-08 1.9736e-09 
1.26e-08 1.95657e-09 
1.27e-08 1.93983e-09 
1.28e-08 1.92338e-09 
1.29e-08 1.9072e-09 
1.3e-08 1.8913e-09 
1.31e-08 1.87566e-09 
1.32e-08 1.86027e-09 
1.33e-08 1.84514e-09 
1.34e-08 1.83025e-09 
1.35e-08 1.8156e-09 
1.36e-08 1.80119e-09 
1.37e-08 1.78701e-09 
1.38e-08 1.77305e-09 
1.39e-08 1.75932e-09 
1.4e-08 1.7458e-09 
1.41e-08 1.73249e-09 
1.42e-08 1.71938e-09 
1.43e-08 1.70648e-09 
1.44e-08 1.69377e-09 
1.45e-08 1.68125e-09 
1.46e-08 1.66893e-09 
1.47e-08 1.65679e-09 
1.48e-08 1.64483e-09 
1.49e-08 1.63304e-09 
1.5e-08 1.62143e-09 
1.51e-08 1.60999e-09 
1.52e-08 1.59872e-09 
1.53e-08 1.58761e-09 
1.54e-08 1.57665e-09 
1.55e-08 1.56586e-09 
1.56e-08 1.55522e-09 
1.57e-08 1.54473e-09 
1.58e-08 1.53438e-09 
1.59e-08 1.52418e-09 
1.6e-08 1.51412e-09 
1.61e-08 1.5042e-09 
1.62e-08 1.49442e-09 
1.63e-08 1.48477e-09 
1.64e-08 1.47525e-09 
1.65e-08 1.46586e-09 
1.66e-08 1.4566e-09 
1.67e-08 1.44745e-09 
1.68e-08 1.43843e-09 
1.69e-08 1.42953e-09 
1.7e-08 1.42075e-09 
1.71e-08 1.41208e-09 
1.72e-08 1.40352e-09 
1.73e-08 1.39507e-09 
1.74e-08 1.38673e-09 
1.75e-08 1.3785e-09 
1.76e-08 1.37037e-09 
1.77e-08 1.36235e-09 
1.78e-08 1.35443e-09 
1.79e-08 1.3466e-09 
1.8e-08 1.33887e-09 
1.81e-08 1.33124e-09 
1.82e-08 1.3237e-09 
1.83e-08 1.31626e-09 
1.84e-08 1.3089e-09 
1.85e-08 1.30163e-09 
1.86e-08 1.29445e-09 
1.87e-08 1.28736e-09 
1.88e-08 1.28035e-09 
1.89e-08 1.27343e-09 
1.9e-08 1.26658e-09 
1.91e-08 1.25982e-09 
1.92e-08 1.25314e-09 
1.93e-08 1.24653e-09 
1.94e-08 1.24e-09 
1.95e-08 1.23355e-09 
1.96e-08 1.22717e-09 
1.97e-08 1.22086e-09 
1.98e-08 1.21462e-09 
1.99e-08 1.20846e-09 
2e-08 1.20236e-09 
2.01e-08 1.19633e-09 
2.02e-08 1.19037e-09 
2.03e-08 1.18447e-09 
2.04e-08 1.17864e-09 
2.05e-08 1.17288e-09 
2.06e-08 1.16717e-09 
2.07e-08 1.16153e-09 
2.08e-08 1.15595e-09 
2.09e-08 1.15043e-09 
2.1e-08 1.14497e-09 
2.11e-08 1.13957e-09 
2.12e-08 1.13422e-09 
2.13e-08 1.12893e-09 
2.14e-08 1.1237e-09 
2.15e-08 1.11852e-09 
2.16e-08 1.11339e-09 
2.17e-08 1.10832e-09 
2.18e-08 1.1033e-09 
2.19e-08 1.09833e-09 
2.2e-08 1.09342e-09 
2.21e-08 1.08855e-09 
2.22e-08 1.08373e-09 
2.23e-08 1.07896e-09 
2.24e-08 1.07424e-09 
2.25e-08 1.06957e-09 
2.26e-08 1.06494e-09 
2.27e-08 1.06036e-09 
2.28e-08 1.05582e-09 
2.29e-08 1.05133e-09 
2.3e-08 1.04689e-09 
2.31e-08 1.04248e-09 
2.32e-08 1.03812e-09 
2.33e-08 1.0338e-09 
2.34e-08 1.02952e-09 
2.35e-08 1.02529e-09 
2.36e-08 1.02109e-09 
2.37e-08 1.01693e-09 
2.38e-08 1.01282e-09 
2.39e-08 1.00874e-09 
2.4e-08 1.0047e-09 
2.41e-08 1.0007e-09 
2.42e-08 9.96735e-10 
2.43e-08 9.92807e-10 
2.44e-08 9.88915e-10 
2.45e-08 9.85059e-10 
2.46e-08 9.81238e-10 
2.47e-08 9.77451e-10 
2.48e-08 9.73699e-10 
2.49e-08 9.69981e-10 
2.5e-08 9.66297e-10 
2.51e-08 9.62645e-10 
2.52e-08 9.59026e-10 
2.53e-08 9.5544e-10 
2.54e-08 9.51885e-10 
2.55e-08 9.48361e-10 
2.56e-08 9.44868e-10 
2.57e-08 9.41406e-10 
2.58e-08 9.37974e-10 
2.59e-08 9.34572e-10 
2.6e-08 9.312e-10 
2.61e-08 9.27856e-10 
2.62e-08 9.24541e-10 
2.63e-08 9.21254e-10 
2.64e-08 9.17996e-10 
2.65e-08 9.14765e-10 
2.66e-08 9.11561e-10 
2.67e-08 9.08384e-10 
2.68e-08 9.05234e-10 
2.69e-08 9.0211e-10 
2.7e-08 8.99013e-10 
2.71e-08 8.9594e-10 
2.72e-08 8.92894e-10 
2.73e-08 8.89872e-10 
2.74e-08 8.86875e-10 
2.75e-08 8.83902e-10 
2.76e-08 8.80954e-10 
2.77e-08 8.7803e-10 
2.78e-08 8.75129e-10 
2.79e-08 8.72251e-10 
2.8e-08 8.69397e-10 
2.81e-08 8.66565e-10 
2.82e-08 8.63756e-10 
2.83e-08 8.60969e-10 
2.84e-08 8.58204e-10 
2.85e-08 8.55461e-10 
2.86e-08 8.52739e-10 
2.87e-08 8.50039e-10 
2.88e-08 8.4736e-10 
2.89e-08 8.44701e-10 
2.9e-08 8.42063e-10 
2.91e-08 8.39445e-10 
2.92e-08 8.36848e-10 
2.93e-08 8.3427e-10 
2.94e-08 8.31712e-10 
2.95e-08 8.29173e-10 
2.96e-08 8.26653e-10 
2.97e-08 8.24153e-10 
2.98e-08 8.21671e-10 
2.99e-08 8.19208e-10 
3e-08 8.16763e-10 
3.01e-08 8.14336e-10 
3.02e-08 8.11928e-10 
3.03e-08 8.09537e-10 
3.04e-08 8.07163e-10 
3.05e-08 8.04807e-10 
3.06e-08 8.02469e-10 
3.07e-08 8.00147e-10 
3.08e-08 7.97842e-10 
3.09e-08 7.95554e-10 
3.1e-08 7.93282e-10 
3.11e-08 7.91026e-10 
3.12e-08 7.88787e-10 
3.13e-08 7.86564e-10 
3.14e-08 7.84356e-10 
3.15e-08 7.82164e-10 
3.16e-08 7.79988e-10 
3.17e-08 7.77827e-10 
3.18e-08 7.75681e-10 
3.19e-08 7.7355e-10 
3.2e-08 7.71434e-10 
3.21e-08 7.69333e-10 
3.22e-08 7.67246e-10 
3.23e-08 7.65173e-10 
3.24e-08 7.63115e-10 
3.25e-08 7.61071e-10 
3.26e-08 7.59041e-10 
3.27e-08 7.57025e-10 
3.28e-08 7.55022e-10 
3.29e-08 7.53033e-10 
3.3e-08 7.51057e-10 
3.31e-08 7.49095e-10 
3.32e-08 7.47146e-10 
3.33e-08 7.45209e-10 
3.34e-08 7.43286e-10 
3.35e-08 7.41376e-10 
3.36e-08 7.39478e-10 
3.37e-08 7.37592e-10 
3.38e-08 7.35719e-10 
3.39e-08 7.33859e-10 
3.4e-08 7.3201e-10 
3.41e-08 7.30173e-10 
3.42e-08 7.28349e-10 
3.43e-08 7.26536e-10 
3.44e-08 7.24735e-10 
3.45e-08 7.22945e-10 
3.46e-08 7.21167e-10 
3.47e-08 7.19401e-10 
3.48e-08 7.17645e-10 
3.49e-08 7.15901e-10 
3.5e-08 7.14168e-10 
3.51e-08 7.12445e-10 
3.52e-08 7.10734e-10 
3.53e-08 7.09033e-10 
3.54e-08 7.07343e-10 
3.55e-08 7.05664e-10 
3.56e-08 7.03994e-10 
3.57e-08 7.02336e-10 
3.58e-08 7.00687e-10 
3.59e-08 6.99049e-10 
3.6e-08 6.97421e-10 
3.61e-08 6.95802e-10 
3.62e-08 6.94194e-10 
3.63e-08 6.92595e-10 
3.64e-08 6.91006e-10 
3.65e-08 6.89427e-10 
3.66e-08 6.87857e-10 
3.67e-08 6.86297e-10 
3.68e-08 6.84746e-10 
3.69e-08 6.83204e-10 
3.7e-08 6.81672e-10 
3.71e-08 6.80148e-10 
3.72e-08 6.78634e-10 
3.73e-08 6.77129e-10 
3.74e-08 6.75632e-10 
3.75e-08 6.74144e-10 
3.76e-08 6.72665e-10 
3.77e-08 6.71195e-10 
3.78e-08 6.69733e-10 
3.79e-08 6.6828e-10 
3.8e-08 6.66835e-10 
3.81e-08 6.65399e-10 
3.82e-08 6.6397e-10 
3.83e-08 6.6255e-10 
3.84e-08 6.61138e-10 
3.85e-08 6.59735e-10 
3.86e-08 6.58339e-10 
3.87e-08 6.56951e-10 
3.88e-08 6.55571e-10 
3.89e-08 6.54198e-10 
3.9e-08 6.52834e-10 
3.91e-08 6.51477e-10 
3.92e-08 6.50128e-10 
3.93e-08 6.48786e-10 
3.94e-08 6.47452e-10 
3.95e-08 6.46125e-10 
3.96e-08 6.44805e-10 
3.97e-08 6.43493e-10 
3.98e-08 6.42188e-10 
3.99e-08 6.4089e-10 
4e-08 6.396e-10 
4.01e-08 6.38316e-10 
4.02e-08 6.37039e-10 
4.03e-08 6.3577e-10 
4.04e-08 6.34507e-10 
4.05e-08 6.33251e-10 
4.06e-08 6.32001e-10 
4.07e-08 6.30759e-10 
4.08e-08 6.29523e-10 
4.09e-08 6.28294e-10 
4.1e-08 6.27071e-10 
4.11e-08 6.25855e-10 
4.12e-08 6.24645e-10 
4.13e-08 6.23441e-10 
4.14e-08 6.22244e-10 
4.15e-08 6.21054e-10 
4.16e-08 6.19869e-10 
4.17e-08 6.18691e-10 
4.18e-08 6.17519e-10 
4.19e-08 6.16353e-10 
4.2e-08 6.15193e-10 
4.21e-08 6.14039e-10 
4.22e-08 6.12891e-10 
4.23e-08 6.11748e-10 
4.24e-08 6.10612e-10 
4.25e-08 6.09482e-10 
4.26e-08 6.08357e-10 
4.27e-08 6.07238e-10 
4.28e-08 6.06125e-10 
4.29e-08 6.05017e-10 
4.3e-08 6.03915e-10 
4.31e-08 6.02819e-10 
4.32e-08 6.01728e-10 
4.33e-08 6.00642e-10 
4.34e-08 5.99562e-10 
4.35e-08 5.98488e-10 
4.36e-08 5.97418e-10 
4.37e-08 5.96354e-10 
4.38e-08 5.95295e-10 
4.39e-08 5.94242e-10 
4.4e-08 5.93194e-10 
4.41e-08 5.92151e-10 
4.42e-08 5.91112e-10 
4.43e-08 5.90079e-10 
4.44e-08 5.89052e-10 
4.45e-08 5.88029e-10 
4.46e-08 5.87011e-10 
4.47e-08 5.85998e-10 
4.48e-08 5.84989e-10 
4.49e-08 5.83986e-10 
4.5e-08 5.82988e-10 
4.51e-08 5.81994e-10 
4.52e-08 5.81005e-10 
4.53e-08 5.80021e-10 
4.54e-08 5.79041e-10 
4.55e-08 5.78066e-10 
4.56e-08 5.77096e-10 
4.57e-08 5.7613e-10 
4.58e-08 5.75169e-10 
4.59e-08 5.74212e-10 
4.6e-08 5.7326e-10 
4.61e-08 5.72313e-10 
4.62e-08 5.71369e-10 
4.63e-08 5.7043e-10 
4.64e-08 5.69496e-10 
4.65e-08 5.68565e-10 
4.66e-08 5.6764e-10 
4.67e-08 5.66718e-10 
4.68e-08 5.658e-10 
4.69e-08 5.64887e-10 
4.7e-08 5.63978e-10 
4.71e-08 5.63073e-10 
4.72e-08 5.62172e-10 
4.73e-08 5.61276e-10 
4.74e-08 5.60383e-10 
4.75e-08 5.59494e-10 
4.76e-08 5.5861e-10 
4.77e-08 5.57729e-10 
4.78e-08 5.56852e-10 
4.79e-08 5.5598e-10 
4.8e-08 5.55111e-10 
4.81e-08 5.54246e-10 
4.82e-08 5.53385e-10 
4.83e-08 5.52527e-10 
4.84e-08 5.51674e-10 
4.85e-08 5.50824e-10 
4.86e-08 5.49978e-10 
4.87e-08 5.49135e-10 
4.88e-08 5.48297e-10 
4.89e-08 5.47462e-10 
4.9e-08 5.4663e-10 
4.91e-08 5.45803e-10 
4.92e-08 5.44978e-10 
4.93e-08 5.44158e-10 
4.94e-08 5.43341e-10 
4.95e-08 5.42527e-10 
4.96e-08 5.41717e-10 
4.97e-08 5.40911e-10 
4.98e-08 5.40107e-10 
4.99e-08 5.39308e-10 
5e-08 5.38511e-10 
