0 0 
1e-10 -2.06e-17 
2e-10 1.01e-17 
3e-10 -2.5e-18 
4e-10 2.17e-17 
5e-10 9.8e-18 
6e-10 3.02e-17 
7e-10 2.21e-17 
8e-10 2.22e-17 
9e-10 2.24e-17 
1e-09 1.06e-17 
1.1e-09 3.09e-17 
1.2e-09 9.6e-18 
1.3e-09 9.2e-18 
1.4e-09 1.07e-17 
1.5e-09 9.3e-18 
1.6e-09 8.9e-18 
1.7e-09 1.01e-17 
1.8e-09 8.6e-18 
1.9e-09 9.4e-18 
2e-09 6.55247e-08 
2.1e-09 7.62969e-08 
2.2e-09 4.31411e-08 
2.3e-09 2.88398e-08 
2.4e-09 2.03271e-08 
2.5e-09 1.46973e-08 
2.6e-09 1.09003e-08 
2.7e-09 8.31076e-09 
2.8e-09 6.52507e-09 
2.9e-09 5.26934e-09 
3e-09 4.36381e-09 
3.1e-09 3.69404e-09 
3.2e-09 3.18714e-09 
3.3e-09 2.79572e-09 
3.4e-09 2.48813e-09 
3.5e-09 2.24263e-09 
3.6e-09 2.04385e-09 
3.7e-09 1.88072e-09 
3.8e-09 1.74516e-09 
3.9e-09 1.63119e-09 
4e-09 1.53429e-09 
4.1e-09 1.45106e-09 
4.2e-09 1.37888e-09 
4.3e-09 1.31572e-09 
4.4e-09 1.26001e-09 
4.5e-09 1.2105e-09 
4.6e-09 1.16621e-09 
4.7e-09 1.12633e-09 
4.8e-09 1.09022e-09 
4.9e-09 1.05737e-09 
5e-09 1.02733e-09 
5.1e-09 9.99749e-10 
5.2e-09 9.74329e-10 
5.3e-09 9.50816e-10 
5.4e-09 9.28996e-10 
5.5e-09 9.08687e-10 
5.6e-09 8.89731e-10 
5.7e-09 8.71994e-10 
5.8e-09 8.55357e-10 
5.9e-09 8.3972e-10 
6e-09 8.24991e-10 
6.1e-09 8.11091e-10 
6.2e-09 7.97952e-10 
6.3e-09 7.85509e-10 
6.4e-09 7.73709e-10 
6.5e-09 7.62502e-10 
6.6e-09 7.51843e-10 
6.7e-09 7.41692e-10 
6.8e-09 7.32013e-10 
6.9e-09 7.22774e-10 
7e-09 7.13945e-10 
7.1e-09 7.05499e-10 
7.2e-09 6.97412e-10 
7.3e-09 6.8966e-10 
7.4e-09 6.82224e-10 
7.5e-09 6.75085e-10 
7.6e-09 6.68225e-10 
7.7e-09 6.61628e-10 
7.8e-09 6.5528e-10 
7.9e-09 6.49167e-10 
8e-09 6.43276e-10 
8.1e-09 6.37596e-10 
8.2e-09 6.32116e-10 
8.3e-09 6.26825e-10 
8.4e-09 6.21715e-10 
8.5e-09 6.16777e-10 
8.6e-09 6.12001e-10 
8.7e-09 6.07382e-10 
8.8e-09 6.02911e-10 
8.9e-09 5.98582e-10 
9e-09 5.94388e-10 
9.1e-09 5.90324e-10 
9.2e-09 5.86384e-10 
9.3e-09 5.82563e-10 
9.4e-09 5.78856e-10 
9.5e-09 5.75258e-10 
9.6e-09 5.71766e-10 
9.7e-09 5.68373e-10 
9.8e-09 5.65078e-10 
9.9e-09 5.61876e-10 
1e-08 5.58763e-10 
1.01e-08 5.55736e-10 
1.02e-08 5.52793e-10 
1.03e-08 5.4993e-10 
1.04e-08 5.47143e-10 
1.05e-08 5.44432e-10 
1.06e-08 5.41792e-10 
1.07e-08 5.39221e-10 
1.08e-08 5.36718e-10 
1.09e-08 5.3428e-10 
1.1e-08 5.31904e-10 
1.11e-08 5.29589e-10 
1.12e-08 5.27332e-10 
1.13e-08 5.25132e-10 
1.14e-08 5.22988e-10 
1.15e-08 5.20896e-10 
1.16e-08 5.18857e-10 
1.17e-08 5.16867e-10 
1.18e-08 5.14926e-10 
1.19e-08 5.13032e-10 
1.2e-08 5.11183e-10 
1.21e-08 5.0938e-10 
1.22e-08 5.07619e-10 
1.23e-08 5.059e-10 
1.24e-08 5.04222e-10 
1.25e-08 5.02583e-10 
1.26e-08 5.00982e-10 
1.27e-08 4.99419e-10 
1.28e-08 4.97893e-10 
1.29e-08 4.96401e-10 
1.3e-08 4.94944e-10 
1.31e-08 4.9352e-10 
1.32e-08 4.92129e-10 
1.33e-08 4.9077e-10 
1.34e-08 4.89441e-10 
1.35e-08 4.88143e-10 
1.36e-08 4.86874e-10 
1.37e-08 4.85633e-10 
1.38e-08 4.8442e-10 
1.39e-08 4.83234e-10 
1.4e-08 4.82075e-10 
1.41e-08 4.80941e-10 
1.42e-08 4.79833e-10 
1.43e-08 4.78748e-10 
1.44e-08 4.77688e-10 
1.45e-08 4.76651e-10 
1.46e-08 4.75637e-10 
1.47e-08 4.74645e-10 
1.48e-08 4.73674e-10 
1.49e-08 4.72725e-10 
1.5e-08 4.71796e-10 
1.51e-08 4.70888e-10 
1.52e-08 4.69999e-10 
1.53e-08 4.69129e-10 
1.54e-08 4.68278e-10 
1.55e-08 4.67445e-10 
1.56e-08 4.6663e-10 
1.57e-08 4.65833e-10 
1.58e-08 4.65053e-10 
1.59e-08 4.64289e-10 
1.6e-08 4.63541e-10 
1.61e-08 4.6281e-10 
1.62e-08 4.62094e-10 
1.63e-08 4.61393e-10 
1.64e-08 4.60708e-10 
1.65e-08 4.60036e-10 
1.66e-08 4.59379e-10 
1.67e-08 4.58736e-10 
1.68e-08 4.58106e-10 
1.69e-08 4.5749e-10 
1.7e-08 4.56887e-10 
1.71e-08 4.56296e-10 
1.72e-08 4.55718e-10 
1.73e-08 4.55152e-10 
1.74e-08 4.54597e-10 
1.75e-08 4.54055e-10 
1.76e-08 4.53524e-10 
1.77e-08 4.53003e-10 
1.78e-08 4.52494e-10 
1.79e-08 4.51996e-10 
1.8e-08 4.51508e-10 
1.81e-08 4.5103e-10 
1.82e-08 4.50562e-10 
1.83e-08 4.50104e-10 
1.84e-08 4.49655e-10 
1.85e-08 4.49216e-10 
1.86e-08 4.48786e-10 
1.87e-08 4.48365e-10 
1.88e-08 4.47952e-10 
1.89e-08 4.47548e-10 
1.9e-08 4.47153e-10 
1.91e-08 4.46766e-10 
1.92e-08 4.46387e-10 
1.93e-08 4.46016e-10 
1.94e-08 4.45652e-10 
1.95e-08 4.45296e-10 
1.96e-08 4.44948e-10 
1.97e-08 4.44606e-10 
1.98e-08 4.44272e-10 
1.99e-08 4.43945e-10 
2e-08 4.43624e-10 
2.01e-08 4.4331e-10 
2.02e-08 4.43003e-10 
2.03e-08 4.42702e-10 
2.04e-08 4.42407e-10 
2.05e-08 4.42119e-10 
2.06e-08 4.41836e-10 
2.07e-08 4.41559e-10 
2.08e-08 4.41288e-10 
2.09e-08 4.41023e-10 
2.1e-08 4.40763e-10 
2.11e-08 4.40509e-10 
2.12e-08 4.40259e-10 
2.13e-08 4.40015e-10 
2.14e-08 4.39776e-10 
2.15e-08 4.39542e-10 
2.16e-08 4.39313e-10 
2.17e-08 4.39088e-10 
2.18e-08 4.38868e-10 
2.19e-08 4.38653e-10 
2.2e-08 4.38442e-10 
2.21e-08 4.38236e-10 
2.22e-08 4.38033e-10 
2.23e-08 4.37835e-10 
2.24e-08 4.37641e-10 
2.25e-08 4.37451e-10 
2.26e-08 4.37265e-10 
2.27e-08 4.37083e-10 
2.28e-08 4.36904e-10 
2.29e-08 4.36729e-10 
2.3e-08 4.36558e-10 
2.31e-08 4.3639e-10 
2.32e-08 4.36226e-10 
2.33e-08 4.36065e-10 
2.34e-08 4.35907e-10 
2.35e-08 4.35753e-10 
2.36e-08 4.35602e-10 
2.37e-08 4.35453e-10 
2.38e-08 4.35308e-10 
2.39e-08 4.35166e-10 
2.4e-08 4.35026e-10 
2.41e-08 4.3489e-10 
2.42e-08 4.34756e-10 
2.43e-08 4.34625e-10 
2.44e-08 4.34496e-10 
2.45e-08 4.3437e-10 
2.46e-08 4.34247e-10 
2.47e-08 4.34126e-10 
2.48e-08 4.34008e-10 
2.49e-08 4.33892e-10 
2.5e-08 4.33778e-10 
2.51e-08 4.33666e-10 
2.52e-08 4.33557e-10 
2.53e-08 4.33449e-10 
2.54e-08 4.33344e-10 
2.55e-08 4.33241e-10 
2.56e-08 4.3314e-10 
2.57e-08 4.33041e-10 
2.58e-08 4.32944e-10 
2.59e-08 4.32848e-10 
2.6e-08 4.32755e-10 
2.61e-08 4.32663e-10 
2.62e-08 4.32573e-10 
2.63e-08 4.32484e-10 
2.64e-08 4.32398e-10 
2.65e-08 4.32313e-10 
2.66e-08 4.32229e-10 
2.67e-08 4.32147e-10 
2.68e-08 4.32066e-10 
2.69e-08 4.31987e-10 
2.7e-08 4.3191e-10 
2.71e-08 4.31833e-10 
2.72e-08 4.31759e-10 
2.73e-08 4.31685e-10 
2.74e-08 4.31613e-10 
2.75e-08 4.31542e-10 
2.76e-08 4.31472e-10 
2.77e-08 4.31403e-10 
2.78e-08 4.31335e-10 
2.79e-08 4.31269e-10 
2.8e-08 4.31204e-10 
2.81e-08 4.31139e-10 
2.82e-08 4.31076e-10 
2.83e-08 4.31014e-10 
2.84e-08 4.30952e-10 
2.85e-08 4.30892e-10 
2.86e-08 4.30833e-10 
2.87e-08 4.30774e-10 
2.88e-08 4.30716e-10 
2.89e-08 4.30659e-10 
2.9e-08 4.30603e-10 
2.91e-08 4.30548e-10 
2.92e-08 4.30494e-10 
2.93e-08 4.3044e-10 
2.94e-08 4.30387e-10 
2.95e-08 4.30334e-10 
2.96e-08 4.30283e-10 
2.97e-08 4.30231e-10 
2.98e-08 4.30181e-10 
2.99e-08 4.30131e-10 
3e-08 4.30082e-10 
3.01e-08 4.30033e-10 
3.02e-08 4.29985e-10 
3.03e-08 4.29937e-10 
3.04e-08 4.2989e-10 
3.05e-08 4.29843e-10 
3.06e-08 4.29797e-10 
3.07e-08 4.29751e-10 
3.08e-08 4.29705e-10 
3.09e-08 4.2966e-10 
3.1e-08 4.29616e-10 
3.11e-08 4.29571e-10 
3.12e-08 4.29527e-10 
3.13e-08 4.29484e-10 
3.14e-08 4.2944e-10 
3.15e-08 4.29397e-10 
3.16e-08 4.29355e-10 
3.17e-08 4.29312e-10 
3.18e-08 4.2927e-10 
3.19e-08 4.29228e-10 
3.2e-08 4.29186e-10 
3.21e-08 4.29144e-10 
3.22e-08 4.29103e-10 
3.23e-08 4.29062e-10 
3.24e-08 4.29021e-10 
3.25e-08 4.2898e-10 
3.26e-08 4.28939e-10 
3.27e-08 4.28899e-10 
3.28e-08 4.28858e-10 
3.29e-08 4.28818e-10 
3.3e-08 4.28777e-10 
3.31e-08 4.28737e-10 
3.32e-08 4.28697e-10 
3.33e-08 4.28657e-10 
3.34e-08 4.28616e-10 
3.35e-08 4.28576e-10 
3.36e-08 4.28536e-10 
3.37e-08 4.28496e-10 
3.38e-08 4.28456e-10 
3.39e-08 4.28416e-10 
3.4e-08 4.28376e-10 
3.41e-08 4.28336e-10 
3.42e-08 4.28295e-10 
3.43e-08 4.28255e-10 
3.44e-08 4.28215e-10 
3.45e-08 4.28175e-10 
3.46e-08 4.28134e-10 
3.47e-08 4.28093e-10 
3.48e-08 4.28053e-10 
3.49e-08 4.28012e-10 
3.5e-08 4.27971e-10 
3.51e-08 4.2793e-10 
3.52e-08 4.27889e-10 
3.53e-08 4.27848e-10 
3.54e-08 4.27806e-10 
3.55e-08 4.27765e-10 
3.56e-08 4.27723e-10 
3.57e-08 4.27681e-10 
3.58e-08 4.27639e-10 
3.59e-08 4.27596e-10 
3.6e-08 4.27554e-10 
3.61e-08 4.27511e-10 
3.62e-08 4.27468e-10 
3.63e-08 4.27425e-10 
3.64e-08 4.27382e-10 
3.65e-08 4.27338e-10 
3.66e-08 4.27294e-10 
3.67e-08 4.2725e-10 
3.68e-08 4.27206e-10 
3.69e-08 4.27162e-10 
3.7e-08 4.27117e-10 
3.71e-08 4.27072e-10 
3.72e-08 4.27026e-10 
3.73e-08 4.26981e-10 
3.74e-08 4.26935e-10 
3.75e-08 4.26889e-10 
3.76e-08 4.26843e-10 
3.77e-08 4.26796e-10 
3.78e-08 4.26749e-10 
3.79e-08 4.26702e-10 
3.8e-08 4.26654e-10 
3.81e-08 4.26606e-10 
3.82e-08 4.26558e-10 
3.83e-08 4.26509e-10 
3.84e-08 4.26461e-10 
3.85e-08 4.26411e-10 
3.86e-08 4.26362e-10 
3.87e-08 4.26312e-10 
3.88e-08 4.26262e-10 
3.89e-08 4.26211e-10 
3.9e-08 4.26161e-10 
3.91e-08 4.26109e-10 
3.92e-08 4.26058e-10 
3.93e-08 4.26006e-10 
3.94e-08 4.25954e-10 
3.95e-08 4.25901e-10 
3.96e-08 4.25848e-10 
3.97e-08 4.25795e-10 
3.98e-08 4.25741e-10 
3.99e-08 4.25687e-10 
4e-08 4.25633e-10 
4.01e-08 4.25578e-10 
4.02e-08 4.25523e-10 
4.03e-08 4.25468e-10 
4.04e-08 4.25412e-10 
4.05e-08 4.25355e-10 
4.06e-08 4.25299e-10 
4.07e-08 4.25242e-10 
4.08e-08 4.25184e-10 
4.09e-08 4.25126e-10 
4.1e-08 4.25068e-10 
4.11e-08 4.2501e-10 
4.12e-08 4.24951e-10 
4.13e-08 4.24891e-10 
4.14e-08 4.24831e-10 
4.15e-08 4.24771e-10 
4.16e-08 4.2471e-10 
4.17e-08 4.24649e-10 
4.18e-08 4.24588e-10 
4.19e-08 4.24526e-10 
4.2e-08 4.24464e-10 
4.21e-08 4.24401e-10 
4.22e-08 4.24338e-10 
4.23e-08 4.24275e-10 
4.24e-08 4.24211e-10 
4.25e-08 4.24147e-10 
4.26e-08 4.24082e-10 
4.27e-08 4.24017e-10 
4.28e-08 4.23951e-10 
4.29e-08 4.23885e-10 
4.3e-08 4.23819e-10 
4.31e-08 4.23752e-10 
4.32e-08 4.23685e-10 
4.33e-08 4.23617e-10 
4.34e-08 4.23549e-10 
4.35e-08 4.23481e-10 
4.36e-08 4.23412e-10 
4.37e-08 4.23342e-10 
4.38e-08 4.23273e-10 
4.39e-08 4.23203e-10 
4.4e-08 4.23132e-10 
4.41e-08 4.23061e-10 
4.42e-08 4.22989e-10 
4.43e-08 4.22918e-10 
4.44e-08 4.22845e-10 
4.45e-08 4.22773e-10 
4.46e-08 4.22699e-10 
4.47e-08 4.22626e-10 
4.48e-08 4.22552e-10 
4.49e-08 4.22477e-10 
4.5e-08 4.22403e-10 
4.51e-08 4.22327e-10 
4.52e-08 4.22252e-10 
4.53e-08 4.22176e-10 
4.54e-08 4.22099e-10 
4.55e-08 4.22022e-10 
4.56e-08 4.21945e-10 
4.57e-08 4.21867e-10 
4.58e-08 4.21789e-10 
4.59e-08 4.2171e-10 
4.6e-08 4.21631e-10 
4.61e-08 4.21551e-10 
4.62e-08 4.21471e-10 
4.63e-08 4.21391e-10 
4.64e-08 4.2131e-10 
4.65e-08 4.21229e-10 
4.66e-08 4.21147e-10 
4.67e-08 4.21065e-10 
4.68e-08 4.20983e-10 
4.69e-08 4.209e-10 
4.7e-08 4.20817e-10 
4.71e-08 4.20733e-10 
4.72e-08 4.20649e-10 
4.73e-08 4.20564e-10 
4.74e-08 4.20479e-10 
4.75e-08 4.20394e-10 
4.76e-08 4.20308e-10 
4.77e-08 4.20222e-10 
4.78e-08 4.20135e-10 
4.79e-08 4.20048e-10 
4.8e-08 4.19961e-10 
4.81e-08 4.19873e-10 
4.82e-08 4.19785e-10 
4.83e-08 4.19696e-10 
4.84e-08 4.19607e-10 
4.85e-08 4.19517e-10 
4.86e-08 4.19427e-10 
4.87e-08 4.19337e-10 
4.88e-08 4.19246e-10 
4.89e-08 4.19155e-10 
4.9e-08 4.19064e-10 
4.91e-08 4.18972e-10 
4.92e-08 4.18879e-10 
4.93e-08 4.18787e-10 
4.94e-08 4.18693e-10 
4.95e-08 4.186e-10 
4.96e-08 4.18506e-10 
4.97e-08 4.18412e-10 
4.98e-08 4.18317e-10 
4.99e-08 4.18222e-10 
5e-08 4.18126e-10 
