0 0 
2e-11 1.231e-16 
4e-11 8.58e-17 
6e-11 9.57e-17 
8e-11 6.05e-17 
1e-10 6.22e-17 
1.2e-10 6.31e-17 
1.4e-10 6e-17 
1.6e-10 6.16e-17 
1.8e-10 5.95e-17 
2e-10 6.34e-17 
2.2e-10 6.26e-17 
2.4e-10 2.01e-17 
2.6e-10 2.51e-17 
2.8e-10 2.41e-17 
3e-10 2.07e-17 
3.2e-10 2.25e-17 
3.4e-10 2.16e-17 
3.6e-10 1.74e-17 
3.8e-10 2.41e-17 
4e-10 2.21e-17 
4.2e-10 2.46e-17 
4.4e-10 2.5e-17 
4.6e-10 2.61e-17 
4.8e-10 5.73e-17 
5e-10 5.77e-17 
5.2e-10 6.56e-17 
5.4e-10 5.87e-17 
5.6e-10 6.28e-17 
5.8e-10 5.88e-17 
6e-10 5.86e-17 
6.2e-10 5.97e-17 
6.4e-10 5.52e-17 
6.6e-10 5.87e-17 
6.8e-10 6.05e-17 
7e-10 5.64e-17 
7.2e-10 6.39e-17 
7.4e-10 6.08e-17 
7.6e-10 5.86e-17 
7.8e-10 6.19e-17 
8e-10 5.98e-17 
8.2e-10 6.35e-17 
8.4e-10 5.82e-17 
8.6e-10 6.12e-17 
8.8e-10 5.83e-17 
9e-10 6.05e-17 
9.2e-10 6.21e-17 
9.4e-10 5.83e-17 
9.6e-10 6.42e-17 
9.8e-10 6.53e-17 
1e-09 -1.26e-17 
1.02e-09 8.63e-17 
1.04e-09 6.68e-17 
1.06e-09 6.26e-17 
1.08e-09 6.54e-17 
1.1e-09 6.23e-17 
1.12e-09 6.56e-17 
1.14e-09 6.66e-17 
1.16e-09 6.5e-17 
1.18e-09 6.28e-17 
1.2e-09 6.75e-17 
1.22e-09 6.07e-17 
1.24e-09 6.8e-17 
1.26e-09 6.68e-17 
1.28e-09 6.55e-17 
1.3e-09 6.08e-17 
1.32e-09 6.9e-17 
1.34e-09 6.12e-17 
1.36e-09 6.42e-17 
1.38e-09 6.58e-17 
1.4e-09 6.43e-17 
1.42e-09 6.32e-17 
1.44e-09 6.58e-17 
1.46e-09 6.43e-17 
1.48e-09 7.01e-17 
1.5e-09 1.334e-16 
1.52e-09 -1.02e-17 
1.54e-09 6.27e-17 
1.56e-09 6.16e-17 
1.58e-09 6.51e-17 
1.6e-09 7.03e-17 
1.62e-09 6.43e-17 
1.64e-09 6.53e-17 
1.66e-09 6.52e-17 
1.68e-09 6.77e-17 
1.7e-09 6.34e-17 
1.72e-09 7e-17 
1.74e-09 6.05e-17 
1.76e-09 6.57e-17 
1.78e-09 6.51e-17 
1.8e-09 6.61e-17 
1.82e-09 6.4e-17 
1.84e-09 6.79e-17 
1.86e-09 6.31e-17 
1.88e-09 5.56e-17 
1.9e-09 6.69e-17 
1.92e-09 5.79e-17 
1.94e-09 6.42e-17 
1.96e-09 6.23e-17 
1.98e-09 6.55e-17 
2e-09 8.71216e-08 
2.02e-09 1.9255e-07 
2.04e-09 1.57431e-07 
2.06e-09 1.28867e-07 
2.08e-09 1.07071e-07 
2.1e-09 9.07818e-08 
2.12e-09 7.84676e-08 
2.14e-09 6.89315e-08 
2.16e-09 6.13938e-08 
2.18e-09 5.52436e-08 
2.2e-09 5.01155e-08 
2.22e-09 4.57467e-08 
2.24e-09 4.19573e-08 
2.26e-09 3.86224e-08 
2.28e-09 3.56535e-08 
2.3e-09 3.29866e-08 
2.32e-09 3.05746e-08 
2.34e-09 2.83816e-08 
2.36e-09 2.63798e-08 
2.38e-09 2.4547e-08 
2.4e-09 2.2865e-08 
2.42e-09 2.13187e-08 
2.44e-09 1.98951e-08 
2.46e-09 1.85831e-08 
2.48e-09 1.73729e-08 
2.5e-09 1.6256e-08 
2.52e-09 1.52246e-08 
2.54e-09 1.42719e-08 
2.56e-09 1.33918e-08 
2.58e-09 1.25785e-08 
2.6e-09 1.1827e-08 
2.62e-09 1.11325e-08 
2.64e-09 1.04905e-08 
2.66e-09 9.89712e-09 
2.68e-09 9.34856e-09 
2.7e-09 8.84129e-09 
2.72e-09 8.37207e-09 
2.74e-09 7.93785e-09 
2.76e-09 7.53582e-09 
2.78e-09 7.16336e-09 
2.8e-09 6.81804e-09 
2.82e-09 6.49763e-09 
2.84e-09 6.20006e-09 
2.86e-09 5.92345e-09 
2.88e-09 5.66606e-09 
2.9e-09 5.4263e-09 
2.92e-09 5.20272e-09 
2.94e-09 4.994e-09 
2.96e-09 4.79894e-09 
2.98e-09 4.61643e-09 
3e-09 4.44549e-09 
3.02e-09 4.2852e-09 
3.04e-09 4.13473e-09 
3.06e-09 3.99335e-09 
3.08e-09 3.86035e-09 
3.1e-09 3.73512e-09 
3.12e-09 3.61709e-09 
3.14e-09 3.50574e-09 
3.16e-09 3.40058e-09 
3.18e-09 3.30119e-09 
3.2e-09 3.20716e-09 
3.22e-09 3.11813e-09 
3.24e-09 3.03377e-09 
3.26e-09 2.95375e-09 
3.28e-09 2.87781e-09 
3.3e-09 2.80566e-09 
3.32e-09 2.73708e-09 
3.34e-09 2.67184e-09 
3.36e-09 2.60973e-09 
3.38e-09 2.55055e-09 
3.4e-09 2.49414e-09 
3.42e-09 2.44032e-09 
3.44e-09 2.38894e-09 
3.46e-09 2.33987e-09 
3.48e-09 2.29296e-09 
3.5e-09 2.24809e-09 
3.52e-09 2.20515e-09 
3.54e-09 2.16403e-09 
3.56e-09 2.12464e-09 
3.58e-09 2.08686e-09 
3.6e-09 2.05063e-09 
3.62e-09 2.01585e-09 
3.64e-09 1.98246e-09 
3.66e-09 1.95037e-09 
3.68e-09 1.91952e-09 
3.7e-09 1.88984e-09 
3.72e-09 1.86129e-09 
3.74e-09 1.83379e-09 
3.76e-09 1.8073e-09 
3.78e-09 1.78178e-09 
3.8e-09 1.75716e-09 
3.82e-09 1.73341e-09 
3.84e-09 1.71049e-09 
3.86e-09 1.68835e-09 
3.88e-09 1.66697e-09 
3.9e-09 1.6463e-09 
3.92e-09 1.62632e-09 
3.94e-09 1.60699e-09 
3.96e-09 1.58828e-09 
3.98e-09 1.57017e-09 
4e-09 1.55262e-09 
4.02e-09 1.53562e-09 
4.04e-09 1.51915e-09 
4.06e-09 1.50317e-09 
4.08e-09 1.48766e-09 
4.1e-09 1.47262e-09 
4.12e-09 1.45801e-09 
4.14e-09 1.44383e-09 
4.16e-09 1.43005e-09 
4.18e-09 1.41665e-09 
4.2e-09 1.40363e-09 
4.22e-09 1.39097e-09 
4.24e-09 1.37865e-09 
4.26e-09 1.36665e-09 
4.28e-09 1.35498e-09 
4.3e-09 1.34361e-09 
4.32e-09 1.33254e-09 
4.34e-09 1.32175e-09 
4.36e-09 1.31123e-09 
4.38e-09 1.30097e-09 
4.4e-09 1.29097e-09 
4.42e-09 1.28121e-09 
4.44e-09 1.27169e-09 
4.46e-09 1.26239e-09 
4.48e-09 1.25332e-09 
4.5e-09 1.24445e-09 
4.52e-09 1.2358e-09 
4.54e-09 1.22733e-09 
4.56e-09 1.21907e-09 
4.58e-09 1.21098e-09 
4.6e-09 1.20308e-09 
4.62e-09 1.19534e-09 
4.64e-09 1.18778e-09 
4.66e-09 1.18038e-09 
4.68e-09 1.17313e-09 
4.7e-09 1.16604e-09 
4.72e-09 1.1591e-09 
4.74e-09 1.15229e-09 
4.76e-09 1.14563e-09 
4.78e-09 1.1391e-09 
4.8e-09 1.13271e-09 
4.82e-09 1.12644e-09 
4.84e-09 1.12029e-09 
4.86e-09 1.11426e-09 
4.88e-09 1.10835e-09 
4.9e-09 1.10255e-09 
4.92e-09 1.09686e-09 
4.94e-09 1.09128e-09 
4.96e-09 1.0858e-09 
4.98e-09 1.08042e-09 
5e-09 1.07514e-09 
5.02e-09 1.06996e-09 
5.04e-09 1.06487e-09 
5.06e-09 1.05987e-09 
5.08e-09 1.05495e-09 
5.1e-09 1.05013e-09 
5.12e-09 1.04538e-09 
5.14e-09 1.04072e-09 
5.16e-09 1.03614e-09 
5.18e-09 1.03163e-09 
5.2e-09 1.0272e-09 
5.22e-09 1.02285e-09 
5.24e-09 1.01856e-09 
5.26e-09 1.01435e-09 
5.28e-09 1.0102e-09 
5.3e-09 1.00612e-09 
5.32e-09 1.00211e-09 
5.34e-09 9.98161e-10 
5.36e-09 9.94273e-10 
5.38e-09 9.90445e-10 
5.4e-09 9.86676e-10 
5.42e-09 9.82965e-10 
5.44e-09 9.79311e-10 
5.46e-09 9.75712e-10 
5.48e-09 9.72167e-10 
5.5e-09 9.68675e-10 
5.52e-09 9.65235e-10 
5.54e-09 9.61845e-10 
5.56e-09 9.58505e-10 
5.58e-09 9.55213e-10 
5.6e-09 9.51968e-10 
5.62e-09 9.4877e-10 
5.64e-09 9.45618e-10 
5.66e-09 9.42509e-10 
5.68e-09 9.39444e-10 
5.7e-09 9.36422e-10 
5.72e-09 9.33442e-10 
5.74e-09 9.30502e-10 
5.76e-09 9.27603e-10 
5.78e-09 9.24742e-10 
5.8e-09 9.21921e-10 
5.82e-09 9.19137e-10 
5.84e-09 9.16389e-10 
5.86e-09 9.13679e-10 
5.88e-09 9.11003e-10 
5.9e-09 9.08363e-10 
5.92e-09 9.05756e-10 
5.94e-09 9.03184e-10 
5.96e-09 9.00644e-10 
5.98e-09 8.98136e-10 
6e-09 8.9566e-10 
6.02e-09 8.93215e-10 
6.04e-09 8.90801e-10 
6.06e-09 8.88417e-10 
6.08e-09 8.86061e-10 
6.1e-09 8.83735e-10 
6.12e-09 8.81438e-10 
6.14e-09 8.79168e-10 
6.16e-09 8.76925e-10 
6.18e-09 8.74709e-10 
6.2e-09 8.7252e-10 
6.22e-09 8.70357e-10 
6.24e-09 8.68219e-10 
6.26e-09 8.66106e-10 
6.28e-09 8.64017e-10 
6.3e-09 8.61953e-10 
6.32e-09 8.59913e-10 
6.34e-09 8.57896e-10 
6.36e-09 8.55902e-10 
6.38e-09 8.53931e-10 
6.4e-09 8.51982e-10 
6.42e-09 8.50054e-10 
6.44e-09 8.48148e-10 
6.46e-09 8.46264e-10 
6.48e-09 8.444e-10 
6.5e-09 8.42557e-10 
6.52e-09 8.40733e-10 
6.54e-09 8.3893e-10 
6.56e-09 8.37146e-10 
6.58e-09 8.35381e-10 
6.6e-09 8.33636e-10 
6.62e-09 8.31908e-10 
6.64e-09 8.30199e-10 
6.66e-09 8.28509e-10 
6.68e-09 8.26835e-10 
6.7e-09 8.2518e-10 
6.72e-09 8.23541e-10 
6.74e-09 8.2192e-10 
6.76e-09 8.20315e-10 
6.78e-09 8.18727e-10 
6.8e-09 8.17155e-10 
6.82e-09 8.15598e-10 
6.84e-09 8.14058e-10 
6.86e-09 8.12533e-10 
6.88e-09 8.11023e-10 
6.9e-09 8.09529e-10 
6.92e-09 8.08049e-10 
6.94e-09 8.06584e-10 
6.96e-09 8.05133e-10 
6.98e-09 8.03696e-10 
7e-09 8.02274e-10 
7.02e-09 8.00865e-10 
7.04e-09 7.99469e-10 
7.06e-09 7.98088e-10 
7.08e-09 7.96719e-10 
7.1e-09 7.95364e-10 
7.12e-09 7.94021e-10 
7.14e-09 7.92691e-10 
7.16e-09 7.91373e-10 
7.18e-09 7.90068e-10 
7.2e-09 7.88775e-10 
7.22e-09 7.87494e-10 
7.24e-09 7.86225e-10 
7.26e-09 7.84968e-10 
7.28e-09 7.83722e-10 
7.3e-09 7.82487e-10 
7.32e-09 7.81264e-10 
7.34e-09 7.80052e-10 
7.36e-09 7.78851e-10 
7.38e-09 7.7766e-10 
7.4e-09 7.76481e-10 
7.42e-09 7.75311e-10 
7.44e-09 7.74152e-10 
7.46e-09 7.73004e-10 
7.48e-09 7.71865e-10 
7.5e-09 7.70737e-10 
7.52e-09 7.69618e-10 
7.54e-09 7.68509e-10 
7.56e-09 7.6741e-10 
7.58e-09 7.6632e-10 
7.6e-09 7.6524e-10 
7.62e-09 7.64168e-10 
7.64e-09 7.63106e-10 
7.66e-09 7.62053e-10 
7.68e-09 7.61009e-10 
7.7e-09 7.59974e-10 
7.72e-09 7.58948e-10 
7.74e-09 7.5793e-10 
7.76e-09 7.5692e-10 
7.78e-09 7.55919e-10 
7.8e-09 7.54927e-10 
7.82e-09 7.53942e-10 
7.84e-09 7.52966e-10 
7.86e-09 7.51997e-10 
7.88e-09 7.51037e-10 
7.9e-09 7.50084e-10 
7.92e-09 7.49139e-10 
7.94e-09 7.48202e-10 
7.96e-09 7.47272e-10 
7.98e-09 7.4635e-10 
8e-09 7.45435e-10 
8.02e-09 7.44528e-10 
8.04e-09 7.43627e-10 
8.06e-09 7.42734e-10 
8.08e-09 7.41848e-10 
8.1e-09 7.40969e-10 
8.12e-09 7.40096e-10 
8.14e-09 7.39231e-10 
8.16e-09 7.38372e-10 
8.18e-09 7.3752e-10 
8.2e-09 7.36674e-10 
8.22e-09 7.35835e-10 
8.24e-09 7.35003e-10 
8.26e-09 7.34177e-10 
8.28e-09 7.33357e-10 
8.3e-09 7.32543e-10 
8.32e-09 7.31736e-10 
8.34e-09 7.30934e-10 
8.36e-09 7.30139e-10 
8.38e-09 7.2935e-10 
8.4e-09 7.28566e-10 
8.42e-09 7.27789e-10 
8.44e-09 7.27017e-10 
8.46e-09 7.26251e-10 
8.48e-09 7.2549e-10 
8.5e-09 7.24735e-10 
8.52e-09 7.23986e-10 
8.54e-09 7.23242e-10 
8.56e-09 7.22504e-10 
8.58e-09 7.21771e-10 
8.6e-09 7.21043e-10 
8.62e-09 7.20321e-10 
8.64e-09 7.19603e-10 
8.66e-09 7.18891e-10 
8.68e-09 7.18184e-10 
8.7e-09 7.17482e-10 
8.72e-09 7.16785e-10 
8.74e-09 7.16093e-10 
8.76e-09 7.15406e-10 
8.78e-09 7.14724e-10 
8.8e-09 7.14047e-10 
8.82e-09 7.13374e-10 
8.84e-09 7.12706e-10 
8.86e-09 7.12042e-10 
8.88e-09 7.11384e-10 
8.9e-09 7.1073e-10 
8.92e-09 7.1008e-10 
8.94e-09 7.09435e-10 
8.96e-09 7.08794e-10 
8.98e-09 7.08158e-10 
9e-09 7.07526e-10 
9.02e-09 7.06898e-10 
9.04e-09 7.06275e-10 
9.06e-09 7.05655e-10 
9.08e-09 7.0504e-10 
9.1e-09 7.0443e-10 
9.12e-09 7.03823e-10 
9.14e-09 7.0322e-10 
9.16e-09 7.02621e-10 
9.18e-09 7.02027e-10 
9.2e-09 7.01436e-10 
9.22e-09 7.00849e-10 
9.24e-09 7.00266e-10 
9.26e-09 6.99687e-10 
9.28e-09 6.99112e-10 
9.3e-09 6.9854e-10 
9.32e-09 6.97973e-10 
9.34e-09 6.97408e-10 
9.36e-09 6.96848e-10 
9.38e-09 6.96291e-10 
9.4e-09 6.95738e-10 
9.42e-09 6.95188e-10 
9.44e-09 6.94642e-10 
9.46e-09 6.941e-10 
9.48e-09 6.9356e-10 
9.5e-09 6.93025e-10 
9.52e-09 6.92492e-10 
9.54e-09 6.91964e-10 
9.56e-09 6.91438e-10 
9.58e-09 6.90916e-10 
9.6e-09 6.90397e-10 
9.62e-09 6.89881e-10 
9.64e-09 6.89369e-10 
9.66e-09 6.88859e-10 
9.68e-09 6.88353e-10 
9.7e-09 6.8785e-10 
9.72e-09 6.8735e-10 
9.74e-09 6.86854e-10 
9.76e-09 6.8636e-10 
9.78e-09 6.85869e-10 
9.8e-09 6.85382e-10 
9.82e-09 6.84897e-10 
9.84e-09 6.84415e-10 
9.86e-09 6.83936e-10 
9.88e-09 6.83461e-10 
9.9e-09 6.82988e-10 
9.92e-09 6.82517e-10 
9.94e-09 6.8205e-10 
9.96e-09 6.81586e-10 
9.98e-09 6.81124e-10 
1e-08 6.80665e-10 
