0 0 
2e-11 0 
4e-11 0 
6e-11 0 
8e-11 0 
1e-10 0 
1.2e-10 0 
1.4e-10 0 
1.6e-10 0 
1.8e-10 0 
2e-10 0 
2.2e-10 0 
2.4e-10 0 
2.6e-10 0 
2.8e-10 0 
3e-10 0 
3.2e-10 0 
3.4e-10 0 
3.6e-10 0 
3.8e-10 0 
4e-10 0 
4.2e-10 0 
4.4e-10 0 
4.6e-10 0 
4.8e-10 0 
5e-10 0 
5.2e-10 0 
5.4e-10 0 
5.6e-10 0 
5.8e-10 0 
6e-10 0 
6.2e-10 0 
6.4e-10 0 
6.6e-10 0 
6.8e-10 0 
7e-10 0 
7.2e-10 0 
7.4e-10 0 
7.6e-10 0 
7.8e-10 0 
8e-10 0 
8.2e-10 0 
8.4e-10 0 
8.6e-10 0 
8.8e-10 0 
9e-10 0 
9.2e-10 0 
9.4e-10 0 
9.6e-10 0 
9.8e-10 0 
1e-09 0 
1.02e-09 0 
1.04e-09 0 
1.06e-09 0 
1.08e-09 0 
1.1e-09 0 
1.12e-09 0 
1.14e-09 0 
1.16e-09 0 
1.18e-09 0 
1.2e-09 0 
1.22e-09 0 
1.24e-09 0 
1.26e-09 0 
1.28e-09 0 
1.3e-09 0 
1.32e-09 0 
1.34e-09 0 
1.36e-09 0 
1.38e-09 0 
1.4e-09 0 
1.42e-09 0 
1.44e-09 0 
1.46e-09 0 
1.48e-09 0 
1.5e-09 0 
1.52e-09 0 
1.54e-09 0 
1.56e-09 0 
1.58e-09 0 
1.6e-09 0 
1.62e-09 0 
1.64e-09 0 
1.66e-09 0 
1.68e-09 0 
1.7e-09 0 
1.72e-09 0 
1.74e-09 0 
1.76e-09 0 
1.78e-09 0 
1.8e-09 0 
1.82e-09 0 
1.84e-09 0 
1.86e-09 0 
1.88e-09 0 
1.9e-09 0 
1.92e-09 0 
1.94e-09 0 
1.96e-09 0 
1.98e-09 0 
2e-09 9.16601e-08 
2.02e-09 4.33814e-09 
2.04e-09 4.02866e-09 
2.06e-09 3.75909e-09 
2.08e-09 3.51992e-09 
2.1e-09 3.30395e-09 
2.12e-09 3.10587e-09 
2.14e-09 2.92221e-09 
2.16e-09 2.75029e-09 
2.18e-09 2.58836e-09 
2.2e-09 2.4353e-09 
2.22e-09 2.2903e-09 
2.24e-09 2.15279e-09 
2.26e-09 2.02236e-09 
2.28e-09 1.89871e-09 
2.3e-09 1.78157e-09 
2.32e-09 1.67072e-09 
2.34e-09 1.56592e-09 
2.36e-09 1.46696e-09 
2.38e-09 1.37362e-09 
2.4e-09 1.28567e-09 
2.42e-09 1.20288e-09 
2.44e-09 1.12504e-09 
2.46e-09 1.05189e-09 
2.48e-09 9.83223e-10 
2.5e-09 9.18801e-10 
2.52e-09 8.58403e-10 
2.54e-09 8.01811e-10 
2.56e-09 7.48814e-10 
2.58e-09 6.99205e-10 
2.6e-09 6.52789e-10 
2.62e-09 6.09375e-10 
2.64e-09 5.68784e-10 
2.66e-09 5.30843e-10 
2.68e-09 4.95388e-10 
2.7e-09 4.62264e-10 
2.72e-09 4.31325e-10 
2.74e-09 4.02432e-10 
2.76e-09 3.75453e-10 
2.78e-09 3.50266e-10 
2.8e-09 3.26754e-10 
2.82e-09 3.04809e-10 
2.84e-09 2.84328e-10 
2.86e-09 2.65216e-10 
2.88e-09 2.47381e-10 
2.9e-09 2.30741e-10 
2.92e-09 2.15215e-10 
2.94e-09 2.00731e-10 
2.96e-09 1.87218e-10 
2.98e-09 1.74612e-10 
3e-09 1.62853e-10 
3.02e-09 1.51885e-10 
3.04e-09 1.41653e-10 
3.06e-09 1.3211e-10 
3.08e-09 1.23209e-10 
3.1e-09 1.14906e-10 
3.12e-09 1.07163e-10 
3.14e-09 9.99405e-11 
3.16e-09 9.32046e-11 
3.18e-09 8.69223e-11 
3.2e-09 8.10631e-11 
3.22e-09 7.55986e-11 
3.24e-09 7.05023e-11 
3.26e-09 6.57494e-11 
3.28e-09 6.13167e-11 
3.3e-09 5.71827e-11 
3.32e-09 5.33274e-11 
3.34e-09 4.97319e-11 
3.36e-09 4.63788e-11 
3.38e-09 4.32517e-11 
3.4e-09 4.03353e-11 
3.42e-09 3.76156e-11 
3.44e-09 3.50793e-11 
3.46e-09 3.27139e-11 
3.48e-09 3.0508e-11 
3.5e-09 2.84508e-11 
3.52e-09 2.65323e-11 
3.54e-09 2.47432e-11 
3.56e-09 2.30747e-11 
3.58e-09 2.15187e-11 
3.6e-09 2.00676e-11 
3.62e-09 1.87144e-11 
3.64e-09 1.74524e-11 
3.66e-09 1.62755e-11 
3.68e-09 1.5178e-11 
3.7e-09 1.41544e-11 
3.72e-09 1.31999e-11 
3.74e-09 1.23098e-11 
3.76e-09 1.14796e-11 
3.78e-09 1.07055e-11 
3.8e-09 9.98356e-12 
3.82e-09 9.3103e-12 
3.84e-09 8.68244e-12 
3.86e-09 8.09692e-12 
3.88e-09 7.55089e-12 
3.9e-09 7.04168e-12 
3.92e-09 6.5668e-12 
3.94e-09 6.12395e-12 
3.96e-09 5.71096e-12 
3.98e-09 5.32583e-12 
4e-09 4.96666e-12 
4.02e-09 4.63172e-12 
4.04e-09 4.31936e-12 
4.06e-09 4.02807e-12 
4.08e-09 3.75642e-12 
4.1e-09 3.50309e-12 
4.12e-09 3.26685e-12 
4.14e-09 3.04653e-12 
4.16e-09 2.84108e-12 
4.18e-09 2.64948e-12 
4.2e-09 2.4708e-12 
4.22e-09 2.30417e-12 
4.24e-09 2.14877e-12 
4.26e-09 2.00386e-12 
4.28e-09 1.86872e-12 
4.3e-09 1.74269e-12 
4.32e-09 1.62516e-12 
4.34e-09 1.51556e-12 
4.36e-09 1.41335e-12 
4.38e-09 1.31803e-12 
4.4e-09 1.22914e-12 
4.42e-09 1.14625e-12 
4.44e-09 1.06894e-12 
4.46e-09 9.96854e-13 
4.48e-09 9.29625e-13 
4.5e-09 8.66929e-13 
4.52e-09 8.08462e-13 
4.54e-09 7.53938e-13 
4.56e-09 7.03091e-13 
4.58e-09 6.55673e-13 
4.6e-09 6.11453e-13 
4.62e-09 5.70215e-13 
4.64e-09 5.31758e-13 
4.66e-09 4.95895e-13 
4.68e-09 4.62451e-13 
4.7e-09 4.31262e-13 
4.72e-09 4.02176e-13 
4.74e-09 3.75052e-13 
4.76e-09 3.49758e-13 
4.78e-09 3.26169e-13 
4.8e-09 3.04171e-13 
4.82e-09 2.83657e-13 
4.84e-09 2.64526e-13 
4.86e-09 2.46685e-13 
4.88e-09 2.30048e-13 
4.9e-09 2.14532e-13 
4.92e-09 2.00063e-13 
4.94e-09 1.8657e-13 
4.96e-09 1.73987e-13 
4.98e-09 1.62253e-13 
5e-09 1.5131e-13 
5.02e-09 1.41105e-13 
5.04e-09 1.31588e-13 
5.06e-09 1.22713e-13 
5.08e-09 1.14436e-13 
5.1e-09 1.06718e-13 
5.12e-09 9.95206e-14 
5.14e-09 9.28084e-14 
5.16e-09 8.65488e-14 
5.18e-09 8.07115e-14 
5.2e-09 7.52678e-14 
5.22e-09 7.01913e-14 
5.24e-09 6.54572e-14 
5.26e-09 6.10423e-14 
5.28e-09 5.69252e-14 
5.3e-09 5.30858e-14 
5.32e-09 4.95053e-14 
5.34e-09 4.61664e-14 
5.36e-09 4.30526e-14 
5.38e-09 4.01488e-14 
5.4e-09 3.74409e-14 
5.42e-09 3.49156e-14 
5.44e-09 3.25606e-14 
5.46e-09 3.03645e-14 
5.48e-09 2.83165e-14 
5.5e-09 2.64066e-14 
5.52e-09 2.46255e-14 
5.54e-09 2.29645e-14 
5.56e-09 2.14156e-14 
5.58e-09 1.99712e-14 
5.6e-09 1.86241e-14 
5.62e-09 1.7368e-14 
5.64e-09 1.61965e-14 
5.66e-09 1.51041e-14 
5.68e-09 1.40853e-14 
5.7e-09 1.31353e-14 
5.72e-09 1.22493e-14 
5.74e-09 1.14231e-14 
5.76e-09 1.06526e-14 
5.78e-09 9.93408e-15 
5.8e-09 9.26403e-15 
5.82e-09 8.63917e-15 
5.84e-09 8.05645e-15 
5.86e-09 7.51304e-15 
5.88e-09 7.00628e-15 
5.9e-09 6.5337e-15 
5.92e-09 6.09299e-15 
5.94e-09 5.68202e-15 
5.96e-09 5.29876e-15 
5.98e-09 4.94135e-15 
6e-09 4.60805e-15 
6.02e-09 4.29723e-15 
6.04e-09 4.00737e-15 
6.06e-09 3.73706e-15 
6.08e-09 3.48499e-15 
6.1e-09 3.24992e-15 
6.12e-09 3.03071e-15 
6.14e-09 2.82628e-15 
6.16e-09 2.63564e-15 
6.18e-09 2.45786e-15 
6.2e-09 2.29207e-15 
6.22e-09 2.13746e-15 
6.24e-09 1.99328e-15 
6.26e-09 1.85883e-15 
6.28e-09 1.73344e-15 
6.3e-09 1.61652e-15 
6.32e-09 1.50748e-15 
6.34e-09 1.40579e-15 
6.36e-09 1.31097e-15 
6.38e-09 1.22254e-15 
6.4e-09 1.14007e-15 
6.42e-09 1.06317e-15 
6.44e-09 9.91459e-16 
6.46e-09 9.24581e-16 
6.48e-09 8.62214e-16 
6.5e-09 8.04054e-16 
6.52e-09 7.49817e-16 
6.54e-09 6.99239e-16 
6.56e-09 6.52072e-16 
6.58e-09 6.08087e-16 
6.6e-09 5.67069e-16 
6.62e-09 5.28817e-16 
6.64e-09 4.93146e-16 
6.66e-09 4.59881e-16 
6.68e-09 4.2886e-16 
6.7e-09 3.99932e-16 
6.72e-09 3.72954e-16 
6.74e-09 3.47797e-16 
6.76e-09 3.24336e-16 
6.78e-09 3.02458e-16 
6.8e-09 2.82056e-16 
6.82e-09 2.6303e-16 
6.84e-09 2.45288e-16 
6.86e-09 2.28742e-16 
6.88e-09 2.13312e-16 
6.9e-09 1.98923e-16 
6.92e-09 1.85505e-16 
6.94e-09 1.72992e-16 
6.96e-09 1.61323e-16 
6.98e-09 1.50441e-16 
7e-09 1.40293e-16 
7.02e-09 1.3083e-16 
7.04e-09 1.22005e-16 
7.06e-09 1.13775e-16 
7.08e-09 1.06101e-16 
7.1e-09 9.89439e-17 
7.12e-09 9.22699e-17 
7.14e-09 8.6046e-17 
7.16e-09 8.0242e-17 
7.18e-09 7.48295e-17 
7.2e-09 6.97821e-17 
7.22e-09 6.50751e-17 
7.24e-09 6.06857e-17 
7.26e-09 5.65924e-17 
7.28e-09 5.27752e-17 
7.3e-09 4.92155e-17 
7.32e-09 4.58959e-17 
7.34e-09 4.28002e-17 
7.36e-09 3.99134e-17 
7.38e-09 3.72213e-17 
7.4e-09 3.47107e-17 
7.42e-09 3.23696e-17 
7.44e-09 3.01863e-17 
7.46e-09 2.81503e-17 
7.48e-09 2.62517e-17 
7.5e-09 2.44811e-17 
7.52e-09 2.283e-17 
7.54e-09 2.12902e-17 
7.56e-09 1.98543e-17 
7.58e-09 1.85153e-17 
7.6e-09 1.72665e-17 
7.62e-09 1.6102e-17 
7.64e-09 1.50161e-17 
7.66e-09 1.40034e-17 
7.68e-09 1.3059e-17 
7.7e-09 1.21783e-17 
7.72e-09 1.1357e-17 
7.74e-09 1.05911e-17 
7.76e-09 9.87694e-18 
7.78e-09 9.21088e-18 
7.8e-09 8.58975e-18 
7.82e-09 8.01052e-18 
7.84e-09 7.47035e-18 
7.86e-09 6.96662e-18 
7.88e-09 6.49686e-18 
7.9e-09 6.05879e-18 
7.92e-09 5.65026e-18 
7.94e-09 5.26929e-18 
7.96e-09 4.91401e-18 
7.98e-09 4.58269e-18 
8e-09 4.27372e-18 
8.02e-09 3.98558e-18 
8.04e-09 3.71688e-18 
8.06e-09 3.4663e-18 
8.08e-09 3.23262e-18 
8.1e-09 3.01469e-18 
8.12e-09 2.81147e-18 
8.14e-09 2.62195e-18 
8.16e-09 2.44521e-18 
8.18e-09 2.28039e-18 
8.2e-09 2.12668e-18 
8.22e-09 1.98334e-18 
8.24e-09 1.84966e-18 
8.26e-09 1.725e-18 
8.28e-09 1.60874e-18 
8.3e-09 1.50032e-18 
8.32e-09 1.39922e-18 
8.34e-09 1.30493e-18 
8.36e-09 1.217e-18 
8.38e-09 1.13499e-18 
8.4e-09 1.05852e-18 
8.42e-09 9.87198e-19 
8.44e-09 9.20687e-19 
8.46e-09 8.58661e-19 
8.48e-09 8.00815e-19 
8.5e-09 7.46869e-19 
8.52e-09 6.9656e-19 
8.54e-09 6.49642e-19 
8.56e-09 6.05887e-19 
8.58e-09 5.65081e-19 
8.6e-09 5.27025e-19 
8.62e-09 4.91534e-19 
8.64e-09 4.58436e-19 
8.66e-09 4.27568e-19 
8.68e-09 3.9878e-19 
8.7e-09 3.71932e-19 
8.72e-09 3.46894e-19 
8.74e-09 3.23543e-19 
8.76e-09 3.01765e-19 
8.78e-09 2.81455e-19 
8.8e-09 2.62513e-19 
8.82e-09 2.44847e-19 
8.84e-09 2.28371e-19 
8.86e-09 2.13006e-19 
8.88e-09 1.98675e-19 
8.9e-09 1.8531e-19 
8.92e-09 1.72845e-19 
8.94e-09 1.6122e-19 
8.96e-09 1.50377e-19 
8.98e-09 1.40265e-19 
9e-09 1.30833e-19 
9.02e-09 1.22037e-19 
9.04e-09 1.13833e-19 
9.06e-09 1.06182e-19 
9.08e-09 9.90455e-20 
9.1e-09 9.23895e-20 
9.12e-09 8.61815e-20 
9.14e-09 8.03914e-20 
9.16e-09 7.49909e-20 
9.18e-09 6.99539e-20 
9.2e-09 6.52559e-20 
9.22e-09 6.0874e-20 
9.24e-09 5.67869e-20 
9.26e-09 5.29748e-20 
9.28e-09 4.94191e-20 
9.3e-09 4.61025e-20 
9.32e-09 4.30091e-20 
9.34e-09 4.01237e-20 
9.36e-09 3.74323e-20 
9.38e-09 3.49218e-20 
9.4e-09 3.25801e-20 
9.42e-09 3.03959e-20 
9.44e-09 2.83584e-20 
9.46e-09 2.64579e-20 
9.48e-09 2.46851e-20 
9.5e-09 2.30314e-20 
9.52e-09 2.14888e-20 
9.54e-09 2.00498e-20 
9.56e-09 1.87075e-20 
9.58e-09 1.74553e-20 
9.6e-09 1.62872e-20 
9.62e-09 1.51975e-20 
9.64e-09 1.4181e-20 
9.66e-09 1.32326e-20 
9.68e-09 1.2348e-20 
9.7e-09 1.15226e-20 
9.72e-09 1.07527e-20 
9.74e-09 1.00344e-20 
9.76e-09 9.36421e-21 
9.78e-09 8.739e-21 
9.8e-09 8.1557e-21 
9.82e-09 7.6115e-21 
9.84e-09 7.10376e-21 
9.86e-09 6.63005e-21 
9.88e-09 6.18807e-21 
9.9e-09 5.77569e-21 
9.92e-09 5.39093e-21 
9.94e-09 5.03193e-21 
9.96e-09 4.69696e-21 
9.98e-09 4.38441e-21 
1e-08 4.09277e-21 
