0 0 
1e-10 1.06e-17 
2e-10 1.26e-17 
3e-10 -1.1e-18 
4e-10 2.47e-17 
5e-10 1.05e-17 
6e-10 3.22e-17 
7e-10 2.35e-17 
8e-10 2.39e-17 
9e-10 2.36e-17 
1e-09 1.24e-17 
1.1e-09 3.2e-17 
1.2e-09 1.08e-17 
1.3e-09 1.07e-17 
1.4e-09 1.09e-17 
1.5e-09 1.07e-17 
1.6e-09 1.07e-17 
1.7e-09 1.13e-17 
1.8e-09 1.05e-17 
1.9e-09 1.04e-17 
2e-09 8.81678e-08 
2.1e-09 9.05846e-08 
2.2e-09 5.00419e-08 
2.3e-09 3.29535e-08 
2.4e-09 2.28506e-08 
2.5e-09 1.62337e-08 
2.6e-09 1.18115e-08 
2.7e-09 8.83252e-09 
2.8e-09 6.81617e-09 
2.9e-09 5.43228e-09 
3e-09 4.45842e-09 
3.1e-09 3.75252e-09 
3.2e-09 3.22658e-09 
3.3e-09 2.8255e-09 
3.4e-09 2.51357e-09 
3.5e-09 2.26675e-09 
3.6e-09 2.06837e-09 
3.7e-09 1.90663e-09 
3.8e-09 1.77301e-09 
3.9e-09 1.66128e-09 
4e-09 1.56678e-09 
4.1e-09 1.48602e-09 
4.2e-09 1.41634e-09 
4.3e-09 1.35567e-09 
4.4e-09 1.30244e-09 
4.5e-09 1.25537e-09 
4.6e-09 1.21348e-09 
4.7e-09 1.17597e-09 
4.8e-09 1.1422e-09 
4.9e-09 1.11163e-09 
5e-09 1.08384e-09 
5.1e-09 1.05846e-09 
5.2e-09 1.0352e-09 
5.3e-09 1.0138e-09 
5.4e-09 9.94058e-10 
5.5e-09 9.75774e-10 
5.6e-09 9.588e-10 
5.7e-09 9.43001e-10 
5.8e-09 9.2826e-10 
5.9e-09 9.14475e-10 
6e-09 9.01557e-10 
6.1e-09 8.89428e-10 
6.2e-09 8.78018e-10 
6.3e-09 8.67265e-10 
6.4e-09 8.57117e-10 
6.5e-09 8.47524e-10 
6.6e-09 8.38442e-10 
6.7e-09 8.29832e-10 
6.8e-09 8.2166e-10 
6.9e-09 8.13894e-10 
7e-09 8.06505e-10 
7.1e-09 7.99466e-10 
7.2e-09 7.92755e-10 
7.3e-09 7.86349e-10 
7.4e-09 7.80229e-10 
7.5e-09 7.74376e-10 
7.6e-09 7.68775e-10 
7.7e-09 7.6341e-10 
7.8e-09 7.58267e-10 
7.9e-09 7.53332e-10 
8e-09 7.48594e-10 
8.1e-09 7.44043e-10 
8.2e-09 7.39667e-10 
8.3e-09 7.35457e-10 
8.4e-09 7.31404e-10 
8.5e-09 7.27501e-10 
8.6e-09 7.23738e-10 
8.7e-09 7.2011e-10 
8.8e-09 7.1661e-10 
8.9e-09 7.13231e-10 
9e-09 7.09967e-10 
9.1e-09 7.06813e-10 
9.2e-09 7.03764e-10 
9.3e-09 7.00816e-10 
9.4e-09 6.97962e-10 
9.5e-09 6.95199e-10 
9.6e-09 6.92524e-10 
9.7e-09 6.89932e-10 
9.8e-09 6.8742e-10 
9.9e-09 6.84984e-10 
1e-08 6.82621e-10 
1.01e-08 6.80328e-10 
1.02e-08 6.78102e-10 
1.03e-08 6.75941e-10 
1.04e-08 6.73842e-10 
1.05e-08 6.71802e-10 
1.06e-08 6.69819e-10 
1.07e-08 6.67891e-10 
1.08e-08 6.66016e-10 
1.09e-08 6.64191e-10 
1.1e-08 6.62416e-10 
1.11e-08 6.60687e-10 
1.12e-08 6.59004e-10 
1.13e-08 6.57364e-10 
1.14e-08 6.55767e-10 
1.15e-08 6.5421e-10 
1.16e-08 6.52692e-10 
1.17e-08 6.51212e-10 
1.18e-08 6.49768e-10 
1.19e-08 6.4836e-10 
1.2e-08 6.46985e-10 
1.21e-08 6.45643e-10 
1.22e-08 6.44333e-10 
1.23e-08 6.43054e-10 
1.24e-08 6.41804e-10 
1.25e-08 6.40582e-10 
1.26e-08 6.39389e-10 
1.27e-08 6.38222e-10 
1.28e-08 6.37081e-10 
1.29e-08 6.35965e-10 
1.3e-08 6.34873e-10 
1.31e-08 6.33804e-10 
1.32e-08 6.32759e-10 
1.33e-08 6.31735e-10 
1.34e-08 6.30733e-10 
1.35e-08 6.29751e-10 
1.36e-08 6.28789e-10 
1.37e-08 6.27847e-10 
1.38e-08 6.26923e-10 
1.39e-08 6.26018e-10 
1.4e-08 6.2513e-10 
1.41e-08 6.2426e-10 
1.42e-08 6.23405e-10 
1.43e-08 6.22567e-10 
1.44e-08 6.21745e-10 
1.45e-08 6.20938e-10 
1.46e-08 6.20145e-10 
1.47e-08 6.19367e-10 
1.48e-08 6.18602e-10 
1.49e-08 6.17851e-10 
1.5e-08 6.17113e-10 
1.51e-08 6.16387e-10 
1.52e-08 6.15674e-10 
1.53e-08 6.14973e-10 
1.54e-08 6.14283e-10 
1.55e-08 6.13604e-10 
1.56e-08 6.12937e-10 
1.57e-08 6.1228e-10 
1.58e-08 6.11633e-10 
1.59e-08 6.10996e-10 
1.6e-08 6.10368e-10 
1.61e-08 6.09751e-10 
1.62e-08 6.09142e-10 
1.63e-08 6.08542e-10 
1.64e-08 6.07951e-10 
1.65e-08 6.07368e-10 
1.66e-08 6.06793e-10 
1.67e-08 6.06226e-10 
1.68e-08 6.05667e-10 
1.69e-08 6.05115e-10 
1.7e-08 6.0457e-10 
1.71e-08 6.04033e-10 
1.72e-08 6.03502e-10 
1.73e-08 6.02978e-10 
1.74e-08 6.0246e-10 
1.75e-08 6.01949e-10 
1.76e-08 6.01443e-10 
1.77e-08 6.00944e-10 
1.78e-08 6.0045e-10 
1.79e-08 5.99962e-10 
1.8e-08 5.99479e-10 
1.81e-08 5.99001e-10 
1.82e-08 5.98529e-10 
1.83e-08 5.98061e-10 
1.84e-08 5.97599e-10 
1.85e-08 5.97141e-10 
1.86e-08 5.96687e-10 
1.87e-08 5.96238e-10 
1.88e-08 5.95793e-10 
1.89e-08 5.95352e-10 
1.9e-08 5.94916e-10 
1.91e-08 5.94483e-10 
1.92e-08 5.94054e-10 
1.93e-08 5.93629e-10 
1.94e-08 5.93207e-10 
1.95e-08 5.92789e-10 
1.96e-08 5.92374e-10 
1.97e-08 5.91962e-10 
1.98e-08 5.91554e-10 
1.99e-08 5.91149e-10 
2e-08 5.90746e-10 
2.01e-08 5.90347e-10 
2.02e-08 5.8995e-10 
2.03e-08 5.89556e-10 
2.04e-08 5.89165e-10 
2.05e-08 5.88777e-10 
2.06e-08 5.8839e-10 
2.07e-08 5.88007e-10 
2.08e-08 5.87625e-10 
2.09e-08 5.87246e-10 
2.1e-08 5.86869e-10 
2.11e-08 5.86494e-10 
2.12e-08 5.86121e-10 
2.13e-08 5.85751e-10 
2.14e-08 5.85382e-10 
2.15e-08 5.85015e-10 
2.16e-08 5.8465e-10 
2.17e-08 5.84286e-10 
2.18e-08 5.83925e-10 
2.19e-08 5.83565e-10 
2.2e-08 5.83206e-10 
2.21e-08 5.8285e-10 
2.22e-08 5.82494e-10 
2.23e-08 5.8214e-10 
2.24e-08 5.81788e-10 
2.25e-08 5.81437e-10 
2.26e-08 5.81087e-10 
2.27e-08 5.80738e-10 
2.28e-08 5.80391e-10 
2.29e-08 5.80045e-10 
2.3e-08 5.79699e-10 
2.31e-08 5.79355e-10 
2.32e-08 5.79013e-10 
2.33e-08 5.78671e-10 
2.34e-08 5.7833e-10 
2.35e-08 5.7799e-10 
2.36e-08 5.77651e-10 
2.37e-08 5.77313e-10 
2.38e-08 5.76975e-10 
2.39e-08 5.76639e-10 
2.4e-08 5.76303e-10 
2.41e-08 5.75968e-10 
2.42e-08 5.75634e-10 
2.43e-08 5.75301e-10 
2.44e-08 5.74968e-10 
2.45e-08 5.74636e-10 
2.46e-08 5.74304e-10 
2.47e-08 5.73973e-10 
2.48e-08 5.73643e-10 
2.49e-08 5.73313e-10 
2.5e-08 5.72984e-10 
2.51e-08 5.72655e-10 
2.52e-08 5.72327e-10 
2.53e-08 5.71999e-10 
2.54e-08 5.71671e-10 
2.55e-08 5.71344e-10 
2.56e-08 5.71018e-10 
2.57e-08 5.70692e-10 
2.58e-08 5.70366e-10 
2.59e-08 5.7004e-10 
2.6e-08 5.69715e-10 
2.61e-08 5.6939e-10 
2.62e-08 5.69066e-10 
2.63e-08 5.68741e-10 
2.64e-08 5.68417e-10 
2.65e-08 5.68094e-10 
2.66e-08 5.6777e-10 
2.67e-08 5.67447e-10 
2.68e-08 5.67124e-10 
2.69e-08 5.66801e-10 
2.7e-08 5.66478e-10 
2.71e-08 5.66156e-10 
2.72e-08 5.65833e-10 
2.73e-08 5.65511e-10 
2.74e-08 5.65189e-10 
2.75e-08 5.64867e-10 
2.76e-08 5.64545e-10 
2.77e-08 5.64224e-10 
2.78e-08 5.63902e-10 
2.79e-08 5.63581e-10 
2.8e-08 5.63259e-10 
2.81e-08 5.62938e-10 
2.82e-08 5.62617e-10 
2.83e-08 5.62295e-10 
2.84e-08 5.61974e-10 
2.85e-08 5.61653e-10 
2.86e-08 5.61332e-10 
2.87e-08 5.61011e-10 
2.88e-08 5.6069e-10 
2.89e-08 5.60369e-10 
2.9e-08 5.60048e-10 
2.91e-08 5.59727e-10 
2.92e-08 5.59406e-10 
2.93e-08 5.59085e-10 
2.94e-08 5.58763e-10 
2.95e-08 5.58442e-10 
2.96e-08 5.58121e-10 
2.97e-08 5.578e-10 
2.98e-08 5.57479e-10 
2.99e-08 5.57158e-10 
3e-08 5.56836e-10 
3.01e-08 5.56515e-10 
3.02e-08 5.56194e-10 
3.03e-08 5.55872e-10 
3.04e-08 5.55551e-10 
3.05e-08 5.55229e-10 
3.06e-08 5.54908e-10 
3.07e-08 5.54586e-10 
3.08e-08 5.54265e-10 
3.09e-08 5.53943e-10 
3.1e-08 5.53621e-10 
3.11e-08 5.53299e-10 
3.12e-08 5.52977e-10 
3.13e-08 5.52655e-10 
3.14e-08 5.52333e-10 
3.15e-08 5.5201e-10 
3.16e-08 5.51688e-10 
3.17e-08 5.51366e-10 
3.18e-08 5.51043e-10 
3.19e-08 5.50721e-10 
3.2e-08 5.50398e-10 
3.21e-08 5.50075e-10 
3.22e-08 5.49752e-10 
3.23e-08 5.49429e-10 
3.24e-08 5.49106e-10 
3.25e-08 5.48783e-10 
3.26e-08 5.4846e-10 
3.27e-08 5.48137e-10 
3.28e-08 5.47813e-10 
3.29e-08 5.4749e-10 
3.3e-08 5.47166e-10 
3.31e-08 5.46842e-10 
3.32e-08 5.46519e-10 
3.33e-08 5.46195e-10 
3.34e-08 5.45871e-10 
3.35e-08 5.45547e-10 
3.36e-08 5.45223e-10 
3.37e-08 5.44898e-10 
3.38e-08 5.44574e-10 
3.39e-08 5.44249e-10 
3.4e-08 5.43925e-10 
3.41e-08 5.436e-10 
3.42e-08 5.43276e-10 
3.43e-08 5.42951e-10 
3.44e-08 5.42626e-10 
3.45e-08 5.42301e-10 
3.46e-08 5.41976e-10 
3.47e-08 5.41651e-10 
3.48e-08 5.41326e-10 
3.49e-08 5.41e-10 
3.5e-08 5.40675e-10 
3.51e-08 5.40349e-10 
3.52e-08 5.40024e-10 
3.53e-08 5.39698e-10 
3.54e-08 5.39372e-10 
3.55e-08 5.39047e-10 
3.56e-08 5.38721e-10 
3.57e-08 5.38395e-10 
3.58e-08 5.38069e-10 
3.59e-08 5.37743e-10 
3.6e-08 5.37417e-10 
3.61e-08 5.3709e-10 
3.62e-08 5.36764e-10 
3.63e-08 5.36438e-10 
3.64e-08 5.36111e-10 
3.65e-08 5.35785e-10 
3.66e-08 5.35458e-10 
3.67e-08 5.35132e-10 
3.68e-08 5.34805e-10 
3.69e-08 5.34478e-10 
3.7e-08 5.34152e-10 
3.71e-08 5.33825e-10 
3.72e-08 5.33498e-10 
3.73e-08 5.33171e-10 
3.74e-08 5.32844e-10 
3.75e-08 5.32517e-10 
3.76e-08 5.3219e-10 
3.77e-08 5.31863e-10 
3.78e-08 5.31536e-10 
3.79e-08 5.31209e-10 
3.8e-08 5.30882e-10 
3.81e-08 5.30554e-10 
3.82e-08 5.30227e-10 
3.83e-08 5.299e-10 
3.84e-08 5.29573e-10 
3.85e-08 5.29245e-10 
3.86e-08 5.28918e-10 
3.87e-08 5.28591e-10 
3.88e-08 5.28263e-10 
3.89e-08 5.27936e-10 
3.9e-08 5.27609e-10 
3.91e-08 5.27281e-10 
3.92e-08 5.26954e-10 
3.93e-08 5.26626e-10 
3.94e-08 5.26299e-10 
3.95e-08 5.25971e-10 
3.96e-08 5.25644e-10 
3.97e-08 5.25317e-10 
3.98e-08 5.24989e-10 
3.99e-08 5.24662e-10 
4e-08 5.24334e-10 
4.01e-08 5.24007e-10 
4.02e-08 5.23679e-10 
4.03e-08 5.23352e-10 
4.04e-08 5.23025e-10 
4.05e-08 5.22697e-10 
4.06e-08 5.2237e-10 
4.07e-08 5.22043e-10 
4.08e-08 5.21715e-10 
4.09e-08 5.21388e-10 
4.1e-08 5.21061e-10 
4.11e-08 5.20734e-10 
4.12e-08 5.20406e-10 
4.13e-08 5.20079e-10 
4.14e-08 5.19752e-10 
4.15e-08 5.19425e-10 
4.16e-08 5.19098e-10 
4.17e-08 5.18771e-10 
4.18e-08 5.18444e-10 
4.19e-08 5.18117e-10 
4.2e-08 5.1779e-10 
4.21e-08 5.17464e-10 
4.22e-08 5.17137e-10 
4.23e-08 5.1681e-10 
4.24e-08 5.16484e-10 
4.25e-08 5.16157e-10 
4.26e-08 5.15831e-10 
4.27e-08 5.15504e-10 
4.28e-08 5.15178e-10 
4.29e-08 5.14851e-10 
4.3e-08 5.14525e-10 
4.31e-08 5.14199e-10 
4.32e-08 5.13873e-10 
4.33e-08 5.13547e-10 
4.34e-08 5.13221e-10 
4.35e-08 5.12895e-10 
4.36e-08 5.12569e-10 
4.37e-08 5.12243e-10 
4.38e-08 5.11918e-10 
4.39e-08 5.11592e-10 
4.4e-08 5.11267e-10 
4.41e-08 5.10941e-10 
4.42e-08 5.10616e-10 
4.43e-08 5.10291e-10 
4.44e-08 5.09966e-10 
4.45e-08 5.09641e-10 
4.46e-08 5.09316e-10 
4.47e-08 5.08991e-10 
4.48e-08 5.08667e-10 
4.49e-08 5.08342e-10 
4.5e-08 5.08017e-10 
4.51e-08 5.07693e-10 
4.52e-08 5.07369e-10 
4.53e-08 5.07045e-10 
4.54e-08 5.06721e-10 
4.55e-08 5.06397e-10 
4.56e-08 5.06073e-10 
4.57e-08 5.05749e-10 
4.58e-08 5.05426e-10 
4.59e-08 5.05102e-10 
4.6e-08 5.04779e-10 
4.61e-08 5.04456e-10 
4.62e-08 5.04133e-10 
4.63e-08 5.0381e-10 
4.64e-08 5.03487e-10 
4.65e-08 5.03164e-10 
4.66e-08 5.02842e-10 
4.67e-08 5.02519e-10 
4.68e-08 5.02197e-10 
4.69e-08 5.01875e-10 
4.7e-08 5.01553e-10 
4.71e-08 5.01231e-10 
4.72e-08 5.00909e-10 
4.73e-08 5.00588e-10 
4.74e-08 5.00266e-10 
4.75e-08 4.99945e-10 
4.76e-08 4.99624e-10 
4.77e-08 4.99303e-10 
4.78e-08 4.98982e-10 
4.79e-08 4.98662e-10 
4.8e-08 4.98341e-10 
4.81e-08 4.98021e-10 
4.82e-08 4.97701e-10 
4.83e-08 4.97381e-10 
4.84e-08 4.97061e-10 
4.85e-08 4.96741e-10 
4.86e-08 4.96422e-10 
4.87e-08 4.96102e-10 
4.88e-08 4.95783e-10 
4.89e-08 4.95464e-10 
4.9e-08 4.95145e-10 
4.91e-08 4.94826e-10 
4.92e-08 4.94508e-10 
4.93e-08 4.9419e-10 
4.94e-08 4.93871e-10 
4.95e-08 4.93553e-10 
4.96e-08 4.93236e-10 
4.97e-08 4.92918e-10 
4.98e-08 4.92601e-10 
4.99e-08 4.92283e-10 
5e-08 4.91966e-10 
