0 0 
2e-11 0 
4e-11 0 
6e-11 0 
8e-11 0 
1e-10 0 
1.2e-10 0 
1.4e-10 0 
1.6e-10 0 
1.8e-10 0 
2e-10 0 
2.2e-10 0 
2.4e-10 0 
2.6e-10 0 
2.8e-10 0 
3e-10 0 
3.2e-10 0 
3.4e-10 0 
3.6e-10 0 
3.8e-10 0 
4e-10 0 
4.2e-10 0 
4.4e-10 0 
4.6e-10 0 
4.8e-10 0 
5e-10 0 
5.2e-10 0 
5.4e-10 0 
5.6e-10 0 
5.8e-10 0 
6e-10 0 
6.2e-10 0 
6.4e-10 0 
6.6e-10 0 
6.8e-10 0 
7e-10 0 
7.2e-10 0 
7.4e-10 0 
7.6e-10 0 
7.8e-10 0 
8e-10 0 
8.2e-10 0 
8.4e-10 0 
8.6e-10 0 
8.8e-10 0 
9e-10 0 
9.2e-10 0 
9.4e-10 0 
9.6e-10 0 
9.8e-10 0 
1e-09 0 
1.02e-09 0 
1.04e-09 0 
1.06e-09 0 
1.08e-09 0 
1.1e-09 0 
1.12e-09 0 
1.14e-09 0 
1.16e-09 0 
1.18e-09 0 
1.2e-09 0 
1.22e-09 0 
1.24e-09 0 
1.26e-09 0 
1.28e-09 0 
1.3e-09 0 
1.32e-09 0 
1.34e-09 0 
1.36e-09 0 
1.38e-09 0 
1.4e-09 0 
1.42e-09 0 
1.44e-09 0 
1.46e-09 0 
1.48e-09 0 
1.5e-09 0 
1.52e-09 0 
1.54e-09 0 
1.56e-09 0 
1.58e-09 0 
1.6e-09 0 
1.62e-09 0 
1.64e-09 0 
1.66e-09 0 
1.68e-09 0 
1.7e-09 0 
1.72e-09 0 
1.74e-09 0 
1.76e-09 0 
1.78e-09 0 
1.8e-09 0 
1.82e-09 0 
1.84e-09 0 
1.86e-09 0 
1.88e-09 0 
1.9e-09 0 
1.92e-09 0 
1.94e-09 0 
1.96e-09 0 
1.98e-09 0 
2e-09 9.16611e-08 
2.02e-09 4.33814e-09 
2.04e-09 4.02866e-09 
2.06e-09 3.75909e-09 
2.08e-09 3.51992e-09 
2.1e-09 3.30382e-09 
2.12e-09 3.10587e-09 
2.14e-09 2.92222e-09 
2.16e-09 2.75026e-09 
2.18e-09 2.58837e-09 
2.2e-09 2.43531e-09 
2.22e-09 2.29031e-09 
2.24e-09 2.15279e-09 
2.26e-09 2.02237e-09 
2.28e-09 1.89872e-09 
2.3e-09 1.78159e-09 
2.32e-09 1.67073e-09 
2.34e-09 1.56593e-09 
2.36e-09 1.46697e-09 
2.38e-09 1.37363e-09 
2.4e-09 1.28568e-09 
2.42e-09 1.2029e-09 
2.44e-09 1.12505e-09 
2.46e-09 1.05191e-09 
2.48e-09 9.83235e-10 
2.5e-09 9.18813e-10 
2.52e-09 8.58415e-10 
2.54e-09 8.01823e-10 
2.56e-09 7.48824e-10 
2.58e-09 6.99215e-10 
2.6e-09 6.52799e-10 
2.62e-09 6.09385e-10 
2.64e-09 5.68793e-10 
2.66e-09 5.30851e-10 
2.68e-09 4.95396e-10 
2.7e-09 4.62272e-10 
2.72e-09 4.31333e-10 
2.74e-09 4.02439e-10 
2.76e-09 3.7546e-10 
2.78e-09 3.50272e-10 
2.8e-09 3.2676e-10 
2.82e-09 3.04815e-10 
2.84e-09 2.84334e-10 
2.86e-09 2.65221e-10 
2.88e-09 2.47387e-10 
2.9e-09 2.30746e-10 
2.92e-09 2.1522e-10 
2.94e-09 2.00735e-10 
2.96e-09 1.87222e-10 
2.98e-09 1.74616e-10 
3e-09 1.62857e-10 
3.02e-09 1.51888e-10 
3.04e-09 1.41657e-10 
3.06e-09 1.32113e-10 
3.08e-09 1.23212e-10 
3.1e-09 1.14909e-10 
3.12e-09 1.07166e-10 
3.14e-09 9.99432e-11 
3.16e-09 9.32071e-11 
3.18e-09 8.69247e-11 
3.2e-09 8.10654e-11 
3.22e-09 7.56008e-11 
3.24e-09 7.05043e-11 
3.26e-09 6.57513e-11 
3.28e-09 6.13185e-11 
3.3e-09 5.71845e-11 
3.32e-09 5.33291e-11 
3.34e-09 4.97335e-11 
3.36e-09 4.63803e-11 
3.38e-09 4.32531e-11 
3.4e-09 4.03367e-11 
3.42e-09 3.76169e-11 
3.44e-09 3.50804e-11 
3.46e-09 3.2715e-11 
3.48e-09 3.0509e-11 
3.5e-09 2.84518e-11 
3.52e-09 2.65333e-11 
3.54e-09 2.47441e-11 
3.56e-09 2.30755e-11 
3.58e-09 2.15195e-11 
3.6e-09 2.00684e-11 
3.62e-09 1.87151e-11 
3.64e-09 1.7453e-11 
3.66e-09 1.62761e-11 
3.68e-09 1.51785e-11 
3.7e-09 1.4155e-11 
3.72e-09 1.32004e-11 
3.74e-09 1.23103e-11 
3.76e-09 1.14801e-11 
3.78e-09 1.07059e-11 
3.8e-09 9.98398e-12 
3.82e-09 9.31069e-12 
3.84e-09 8.68281e-12 
3.86e-09 8.09727e-12 
3.88e-09 7.55122e-12 
3.9e-09 7.04199e-12 
3.92e-09 6.5671e-12 
3.94e-09 6.12423e-12 
3.96e-09 5.71122e-12 
3.98e-09 5.32607e-12 
4e-09 4.96689e-12 
4.02e-09 4.63194e-12 
4.04e-09 4.31957e-12 
4.06e-09 4.02826e-12 
4.08e-09 3.7566e-12 
4.1e-09 3.50326e-12 
4.12e-09 3.26701e-12 
4.14e-09 3.04668e-12 
4.16e-09 2.84122e-12 
4.18e-09 2.64961e-12 
4.2e-09 2.47092e-12 
4.22e-09 2.30428e-12 
4.24e-09 2.14888e-12 
4.26e-09 2.00396e-12 
4.28e-09 1.86882e-12 
4.3e-09 1.74278e-12 
4.32e-09 1.62525e-12 
4.34e-09 1.51564e-12 
4.36e-09 1.41343e-12 
4.38e-09 1.31811e-12 
4.4e-09 1.22921e-12 
4.42e-09 1.14631e-12 
4.44e-09 1.06901e-12 
4.46e-09 9.96911e-13 
4.48e-09 9.29678e-13 
4.5e-09 8.66979e-13 
4.52e-09 8.08509e-13 
4.54e-09 7.53982e-13 
4.56e-09 7.03132e-13 
4.58e-09 6.55712e-13 
4.6e-09 6.1149e-13 
4.62e-09 5.7025e-13 
4.64e-09 5.31791e-13 
4.66e-09 4.95926e-13 
4.68e-09 4.62479e-13 
4.7e-09 4.31289e-13 
4.72e-09 4.02202e-13 
4.74e-09 3.75076e-13 
4.76e-09 3.4978e-13 
4.78e-09 3.2619e-13 
4.8e-09 3.04191e-13 
4.82e-09 2.83675e-13 
4.84e-09 2.64543e-13 
4.86e-09 2.46701e-13 
4.88e-09 2.30063e-13 
4.9e-09 2.14547e-13 
4.92e-09 2.00077e-13 
4.94e-09 1.86583e-13 
4.96e-09 1.73999e-13 
4.98e-09 1.62264e-13 
5e-09 1.5132e-13 
5.02e-09 1.41114e-13 
5.04e-09 1.31597e-13 
5.06e-09 1.22721e-13 
5.08e-09 1.14445e-13 
5.1e-09 1.06726e-13 
5.12e-09 9.95278e-14 
5.14e-09 9.28151e-14 
5.16e-09 8.65552e-14 
5.18e-09 8.07174e-14 
5.2e-09 7.52734e-14 
5.22e-09 7.01965e-14 
5.24e-09 6.54621e-14 
5.26e-09 6.10469e-14 
5.28e-09 5.69295e-14 
5.3e-09 5.30899e-14 
5.32e-09 4.95091e-14 
5.34e-09 4.61699e-14 
5.36e-09 4.30559e-14 
5.38e-09 4.01519e-14 
5.4e-09 3.74438e-14 
5.42e-09 3.49183e-14 
5.44e-09 3.25632e-14 
5.46e-09 3.03669e-14 
5.48e-09 2.83187e-14 
5.5e-09 2.64087e-14 
5.52e-09 2.46275e-14 
5.54e-09 2.29664e-14 
5.56e-09 2.14174e-14 
5.58e-09 1.99728e-14 
5.6e-09 1.86257e-14 
5.62e-09 1.73694e-14 
5.64e-09 1.61979e-14 
5.66e-09 1.51053e-14 
5.68e-09 1.40865e-14 
5.7e-09 1.31364e-14 
5.72e-09 1.22504e-14 
5.74e-09 1.14241e-14 
5.76e-09 1.06535e-14 
5.78e-09 9.93495e-15 
5.8e-09 9.26484e-15 
5.82e-09 8.63993e-15 
5.84e-09 8.05717e-15 
5.86e-09 7.51371e-15 
5.88e-09 7.00691e-15 
5.9e-09 6.53429e-15 
5.92e-09 6.09355e-15 
5.94e-09 5.68253e-15 
5.96e-09 5.29924e-15 
5.98e-09 4.9418e-15 
6e-09 4.60847e-15 
6.02e-09 4.29763e-15 
6.04e-09 4.00774e-15 
6.06e-09 3.73742e-15 
6.08e-09 3.48532e-15 
6.1e-09 3.25023e-15 
6.12e-09 3.031e-15 
6.14e-09 2.82655e-15 
6.16e-09 2.63589e-15 
6.18e-09 2.45809e-15 
6.2e-09 2.29229e-15 
6.22e-09 2.13767e-15 
6.24e-09 1.99348e-15 
6.26e-09 1.85901e-15 
6.28e-09 1.73362e-15 
6.3e-09 1.61668e-15 
6.32e-09 1.50763e-15 
6.34e-09 1.40593e-15 
6.36e-09 1.3111e-15 
6.38e-09 1.22266e-15 
6.4e-09 1.14019e-15 
6.42e-09 1.06328e-15 
6.44e-09 9.91561e-16 
6.46e-09 9.24676e-16 
6.48e-09 8.62304e-16 
6.5e-09 8.04138e-16 
6.52e-09 7.49896e-16 
6.54e-09 6.99312e-16 
6.56e-09 6.52141e-16 
6.58e-09 6.08151e-16 
6.6e-09 5.67129e-16 
6.62e-09 5.28874e-16 
6.64e-09 4.93199e-16 
6.66e-09 4.59931e-16 
6.68e-09 4.28907e-16 
6.7e-09 3.99975e-16 
6.72e-09 3.72995e-16 
6.74e-09 3.47835e-16 
6.76e-09 3.24372e-16 
6.78e-09 3.02492e-16 
6.8e-09 2.82088e-16 
6.82e-09 2.6306e-16 
6.84e-09 2.45315e-16 
6.86e-09 2.28768e-16 
6.88e-09 2.13336e-16 
6.9e-09 1.98946e-16 
6.92e-09 1.85526e-16 
6.94e-09 1.73012e-16 
6.96e-09 1.61342e-16 
6.98e-09 1.50459e-16 
7e-09 1.4031e-16 
7.02e-09 1.30845e-16 
7.04e-09 1.22019e-16 
7.06e-09 1.13789e-16 
7.08e-09 1.06113e-16 
7.1e-09 9.89557e-17 
7.12e-09 9.22808e-17 
7.14e-09 8.60563e-17 
7.16e-09 8.02516e-17 
7.18e-09 7.48385e-17 
7.2e-09 6.97905e-17 
7.22e-09 6.50831e-17 
7.24e-09 6.06931e-17 
7.26e-09 5.65993e-17 
7.28e-09 5.27817e-17 
7.3e-09 4.92216e-17 
7.32e-09 4.59016e-17 
7.34e-09 4.28055e-17 
7.36e-09 3.99183e-17 
7.38e-09 3.72259e-17 
7.4e-09 3.47151e-17 
7.42e-09 3.23736e-17 
7.44e-09 3.01901e-17 
7.46e-09 2.81539e-17 
7.48e-09 2.6255e-17 
7.5e-09 2.44842e-17 
7.52e-09 2.28329e-17 
7.54e-09 2.12929e-17 
7.56e-09 1.98569e-17 
7.58e-09 1.85177e-17 
7.6e-09 1.72688e-17 
7.62e-09 1.61041e-17 
7.64e-09 1.50181e-17 
7.66e-09 1.40052e-17 
7.68e-09 1.30607e-17 
7.7e-09 1.21799e-17 
7.72e-09 1.13585e-17 
7.74e-09 1.05926e-17 
7.76e-09 9.87826e-18 
7.78e-09 9.21212e-18 
7.8e-09 8.59091e-18 
7.82e-09 8.0116e-18 
7.84e-09 7.47137e-18 
7.86e-09 6.96757e-18 
7.88e-09 6.49775e-18 
7.9e-09 6.05962e-18 
7.92e-09 5.65104e-18 
7.94e-09 5.27001e-18 
7.96e-09 4.91469e-18 
7.98e-09 4.58333e-18 
8e-09 4.27431e-18 
8.02e-09 3.98614e-18 
8.04e-09 3.7174e-18 
8.06e-09 3.46679e-18 
8.08e-09 3.23307e-18 
8.1e-09 3.01512e-18 
8.12e-09 2.81187e-18 
8.14e-09 2.62232e-18 
8.16e-09 2.44556e-18 
8.18e-09 2.28071e-18 
8.2e-09 2.12698e-18 
8.22e-09 1.98362e-18 
8.24e-09 1.84993e-18 
8.26e-09 1.72525e-18 
8.28e-09 1.60898e-18 
8.3e-09 1.50054e-18 
8.32e-09 1.39942e-18 
8.34e-09 1.30512e-18 
8.36e-09 1.21717e-18 
8.38e-09 1.13516e-18 
8.4e-09 1.05867e-18 
8.42e-09 9.87345e-19 
8.44e-09 9.20825e-19 
8.46e-09 8.58789e-19 
8.48e-09 8.00936e-19 
8.5e-09 7.46982e-19 
8.52e-09 6.96665e-19 
8.54e-09 6.49741e-19 
8.56e-09 6.05979e-19 
8.58e-09 5.65167e-19 
8.6e-09 5.27105e-19 
8.62e-09 4.9161e-19 
8.64e-09 4.58506e-19 
8.66e-09 4.27633e-19 
8.68e-09 3.98842e-19 
8.7e-09 3.7199e-19 
8.72e-09 3.46948e-19 
8.74e-09 3.23593e-19 
8.76e-09 3.01812e-19 
8.78e-09 2.81499e-19 
8.8e-09 2.62554e-19 
8.82e-09 2.44886e-19 
8.84e-09 2.28407e-19 
8.86e-09 2.13039e-19 
8.88e-09 1.98707e-19 
8.9e-09 1.85339e-19 
8.92e-09 1.72873e-19 
8.94e-09 1.61245e-19 
8.96e-09 1.50401e-19 
8.98e-09 1.40287e-19 
9e-09 1.30855e-19 
9.02e-09 1.22057e-19 
9.04e-09 1.13852e-19 
9.06e-09 1.06199e-19 
9.08e-09 9.90616e-20 
9.1e-09 9.24045e-20 
9.12e-09 8.61955e-20 
9.14e-09 8.04045e-20 
9.16e-09 7.50032e-20 
9.18e-09 6.99654e-20 
9.2e-09 6.52666e-20 
9.22e-09 6.0884e-20 
9.24e-09 5.67963e-20 
9.26e-09 5.29835e-20 
9.28e-09 4.94273e-20 
9.3e-09 4.61102e-20 
9.32e-09 4.30162e-20 
9.34e-09 4.01303e-20 
9.36e-09 3.74385e-20 
9.38e-09 3.49277e-20 
9.4e-09 3.25856e-20 
9.42e-09 3.0401e-20 
9.44e-09 2.83632e-20 
9.46e-09 2.64624e-20 
9.48e-09 2.46893e-20 
9.5e-09 2.30353e-20 
9.52e-09 2.14925e-20 
9.54e-09 2.00533e-20 
9.56e-09 1.87107e-20 
9.58e-09 1.74583e-20 
9.6e-09 1.629e-20 
9.62e-09 1.52001e-20 
9.64e-09 1.41834e-20 
9.66e-09 1.32349e-20 
9.68e-09 1.23501e-20 
9.7e-09 1.15246e-20 
9.72e-09 1.07545e-20 
9.74e-09 1.00361e-20 
9.76e-09 9.36583e-21 
9.78e-09 8.74051e-21 
9.8e-09 8.15711e-21 
9.82e-09 7.61282e-21 
9.84e-09 7.105e-21 
9.86e-09 6.6312e-21 
9.88e-09 6.18915e-21 
9.9e-09 5.7767e-21 
9.92e-09 5.39188e-21 
9.94e-09 5.03281e-21 
9.96e-09 4.69779e-21 
9.98e-09 4.38518e-21 
1e-08 4.0935e-21 
