0 0 
1e-10 -2.01e-17 
2e-10 1.03e-17 
3e-10 -1.7e-18 
4e-10 2.3e-17 
5e-10 1.01e-17 
6e-10 3.2e-17 
7e-10 2.37e-17 
8e-10 2.42e-17 
9e-10 2.39e-17 
1e-09 1.16e-17 
1.1e-09 3.13e-17 
1.2e-09 9.9e-18 
1.3e-09 1.12e-17 
1.4e-09 1.08e-17 
1.5e-09 1.05e-17 
1.6e-09 1e-17 
1.7e-09 9.4e-18 
1.8e-09 8.9e-18 
1.9e-09 1.05e-17 
2e-09 3.21394e-08 
2.1e-09 6.46258e-08 
2.2e-09 5.13914e-08 
2.3e-09 4.40057e-08 
2.4e-09 3.83872e-08 
2.5e-09 3.36873e-08 
2.6e-09 2.9635e-08 
2.7e-09 2.61147e-08 
2.8e-09 2.3047e-08 
2.9e-09 2.03706e-08 
3e-09 1.80355e-08 
3.1e-09 1.59997e-08 
3.2e-09 1.42265e-08 
3.3e-09 1.26829e-08 
3.4e-09 1.13399e-08 
3.5e-09 1.01715e-08 
3.6e-09 9.15479e-09 
3.7e-09 8.26968e-09 
3.8e-09 7.49855e-09 
3.9e-09 6.82607e-09 
4e-09 6.23889e-09 
4.1e-09 5.72548e-09 
4.2e-09 5.27584e-09 
4.3e-09 4.88134e-09 
4.4e-09 4.53454e-09 
4.5e-09 4.22903e-09 
4.6e-09 3.95927e-09 
4.7e-09 3.7205e-09 
4.8e-09 3.50862e-09 
4.9e-09 3.3201e-09 
5e-09 3.15188e-09 
5.1e-09 3.00135e-09 
5.2e-09 2.86625e-09 
5.3e-09 2.74462e-09 
5.4e-09 2.63477e-09 
5.5e-09 2.53525e-09 
5.6e-09 2.44481e-09 
5.7e-09 2.36235e-09 
5.8e-09 2.28693e-09 
5.9e-09 2.21774e-09 
6e-09 2.15405e-09 
6.1e-09 2.09525e-09 
6.2e-09 2.04081e-09 
6.3e-09 1.99026e-09 
6.4e-09 1.94317e-09 
6.5e-09 1.89921e-09 
6.6e-09 1.85805e-09 
6.7e-09 1.81941e-09 
6.8e-09 1.78306e-09 
6.9e-09 1.74877e-09 
7e-09 1.71637e-09 
7.1e-09 1.68569e-09 
7.2e-09 1.65657e-09 
7.3e-09 1.62888e-09 
7.4e-09 1.60251e-09 
7.5e-09 1.57736e-09 
7.6e-09 1.55332e-09 
7.7e-09 1.53032e-09 
7.8e-09 1.50829e-09 
7.9e-09 1.48714e-09 
8e-09 1.46683e-09 
8.1e-09 1.44729e-09 
8.2e-09 1.42848e-09 
8.3e-09 1.41035e-09 
8.4e-09 1.39285e-09 
8.5e-09 1.37596e-09 
8.6e-09 1.35963e-09 
8.7e-09 1.34384e-09 
8.8e-09 1.32855e-09 
8.9e-09 1.31374e-09 
9e-09 1.29938e-09 
9.1e-09 1.28546e-09 
9.2e-09 1.27194e-09 
9.3e-09 1.25881e-09 
9.4e-09 1.24605e-09 
9.5e-09 1.23364e-09 
9.6e-09 1.22157e-09 
9.7e-09 1.20982e-09 
9.8e-09 1.19838e-09 
9.9e-09 1.18724e-09 
1e-08 1.17637e-09 
1.01e-08 1.16578e-09 
1.02e-08 1.15546e-09 
1.03e-08 1.14538e-09 
1.04e-08 1.13554e-09 
1.05e-08 1.12594e-09 
1.06e-08 1.11655e-09 
1.07e-08 1.10739e-09 
1.08e-08 1.09843e-09 
1.09e-08 1.08967e-09 
1.1e-08 1.0811e-09 
1.11e-08 1.07272e-09 
1.12e-08 1.06452e-09 
1.13e-08 1.0565e-09 
1.14e-08 1.04864e-09 
1.15e-08 1.04095e-09 
1.16e-08 1.03342e-09 
1.17e-08 1.02604e-09 
1.18e-08 1.01881e-09 
1.19e-08 1.01172e-09 
1.2e-08 1.00477e-09 
1.21e-08 9.97958e-10 
1.22e-08 9.91278e-10 
1.23e-08 9.84725e-10 
1.24e-08 9.78297e-10 
1.25e-08 9.7199e-10 
1.26e-08 9.65801e-10 
1.27e-08 9.59725e-10 
1.28e-08 9.53761e-10 
1.29e-08 9.47905e-10 
1.3e-08 9.42154e-10 
1.31e-08 9.36506e-10 
1.32e-08 9.30958e-10 
1.33e-08 9.25507e-10 
1.34e-08 9.2015e-10 
1.35e-08 9.14887e-10 
1.36e-08 9.09713e-10 
1.37e-08 9.04627e-10 
1.38e-08 8.99627e-10 
1.39e-08 8.9471e-10 
1.4e-08 8.89875e-10 
1.41e-08 8.8512e-10 
1.42e-08 8.80442e-10 
1.43e-08 8.75841e-10 
1.44e-08 8.71313e-10 
1.45e-08 8.66858e-10 
1.46e-08 8.62474e-10 
1.47e-08 8.58159e-10 
1.48e-08 8.53911e-10 
1.49e-08 8.4973e-10 
1.5e-08 8.45613e-10 
1.51e-08 8.41559e-10 
1.52e-08 8.37567e-10 
1.53e-08 8.33635e-10 
1.54e-08 8.29763e-10 
1.55e-08 8.25948e-10 
1.56e-08 8.2219e-10 
1.57e-08 8.18487e-10 
1.58e-08 8.14839e-10 
1.59e-08 8.11243e-10 
1.6e-08 8.077e-10 
1.61e-08 8.04207e-10 
1.62e-08 8.00765e-10 
1.63e-08 7.97371e-10 
1.64e-08 7.94025e-10 
1.65e-08 7.90725e-10 
1.66e-08 7.87472e-10 
1.67e-08 7.84263e-10 
1.68e-08 7.81099e-10 
1.69e-08 7.77978e-10 
1.7e-08 7.74899e-10 
1.71e-08 7.71861e-10 
1.72e-08 7.68865e-10 
1.73e-08 7.65908e-10 
1.74e-08 7.6299e-10 
1.75e-08 7.60111e-10 
1.76e-08 7.57269e-10 
1.77e-08 7.54464e-10 
1.78e-08 7.51696e-10 
1.79e-08 7.48963e-10 
1.8e-08 7.46264e-10 
1.81e-08 7.436e-10 
1.82e-08 7.4097e-10 
1.83e-08 7.38372e-10 
1.84e-08 7.35807e-10 
1.85e-08 7.33273e-10 
1.86e-08 7.30771e-10 
1.87e-08 7.28299e-10 
1.88e-08 7.25857e-10 
1.89e-08 7.23445e-10 
1.9e-08 7.21062e-10 
1.91e-08 7.18707e-10 
1.92e-08 7.1638e-10 
1.93e-08 7.1408e-10 
1.94e-08 7.11807e-10 
1.95e-08 7.09561e-10 
1.96e-08 7.07341e-10 
1.97e-08 7.05146e-10 
1.98e-08 7.02976e-10 
1.99e-08 7.00831e-10 
2e-08 6.98711e-10 
2.01e-08 6.96614e-10 
2.02e-08 6.9454e-10 
2.03e-08 6.92489e-10 
2.04e-08 6.90461e-10 
2.05e-08 6.88456e-10 
2.06e-08 6.86472e-10 
2.07e-08 6.84509e-10 
2.08e-08 6.82568e-10 
2.09e-08 6.80647e-10 
2.1e-08 6.78747e-10 
2.11e-08 6.76867e-10 
2.12e-08 6.75007e-10 
2.13e-08 6.73166e-10 
2.14e-08 6.71344e-10 
2.15e-08 6.69541e-10 
2.16e-08 6.67757e-10 
2.17e-08 6.6599e-10 
2.18e-08 6.64242e-10 
2.19e-08 6.62511e-10 
2.2e-08 6.60797e-10 
2.21e-08 6.59101e-10 
2.22e-08 6.57421e-10 
2.23e-08 6.55758e-10 
2.24e-08 6.54111e-10 
2.25e-08 6.5248e-10 
2.26e-08 6.50865e-10 
2.27e-08 6.49265e-10 
2.28e-08 6.4768e-10 
2.29e-08 6.46111e-10 
2.3e-08 6.44556e-10 
2.31e-08 6.43016e-10 
2.32e-08 6.4149e-10 
2.33e-08 6.39978e-10 
2.34e-08 6.38481e-10 
2.35e-08 6.36996e-10 
2.36e-08 6.35526e-10 
2.37e-08 6.34068e-10 
2.38e-08 6.32624e-10 
2.39e-08 6.31193e-10 
2.4e-08 6.29774e-10 
2.41e-08 6.28368e-10 
2.42e-08 6.26974e-10 
2.43e-08 6.25592e-10 
2.44e-08 6.24222e-10 
2.45e-08 6.22864e-10 
2.46e-08 6.21518e-10 
2.47e-08 6.20183e-10 
2.48e-08 6.18859e-10 
2.49e-08 6.17546e-10 
2.5e-08 6.16245e-10 
2.51e-08 6.14954e-10 
2.52e-08 6.13674e-10 
2.53e-08 6.12404e-10 
2.54e-08 6.11145e-10 
2.55e-08 6.09896e-10 
2.56e-08 6.08656e-10 
2.57e-08 6.07427e-10 
2.58e-08 6.06208e-10 
2.59e-08 6.04998e-10 
2.6e-08 6.03798e-10 
2.61e-08 6.02607e-10 
2.62e-08 6.01425e-10 
2.63e-08 6.00253e-10 
2.64e-08 5.99089e-10 
2.65e-08 5.97934e-10 
2.66e-08 5.96789e-10 
2.67e-08 5.95651e-10 
2.68e-08 5.94523e-10 
2.69e-08 5.93402e-10 
2.7e-08 5.9229e-10 
2.71e-08 5.91186e-10 
2.72e-08 5.9009e-10 
2.73e-08 5.89003e-10 
2.74e-08 5.87923e-10 
2.75e-08 5.86851e-10 
2.76e-08 5.85786e-10 
2.77e-08 5.84729e-10 
2.78e-08 5.8368e-10 
2.79e-08 5.82637e-10 
2.8e-08 5.81603e-10 
2.81e-08 5.80575e-10 
2.82e-08 5.79554e-10 
2.83e-08 5.78541e-10 
2.84e-08 5.77534e-10 
2.85e-08 5.76534e-10 
2.86e-08 5.75541e-10 
2.87e-08 5.74555e-10 
2.88e-08 5.73575e-10 
2.89e-08 5.72601e-10 
2.9e-08 5.71634e-10 
2.91e-08 5.70674e-10 
2.92e-08 5.69719e-10 
2.93e-08 5.68771e-10 
2.94e-08 5.67829e-10 
2.95e-08 5.66893e-10 
2.96e-08 5.65963e-10 
2.97e-08 5.65038e-10 
2.98e-08 5.6412e-10 
2.99e-08 5.63207e-10 
3e-08 5.623e-10 
3.01e-08 5.61399e-10 
3.02e-08 5.60503e-10 
3.03e-08 5.59612e-10 
3.04e-08 5.58727e-10 
3.05e-08 5.57848e-10 
3.06e-08 5.56973e-10 
3.07e-08 5.56104e-10 
3.08e-08 5.5524e-10 
3.09e-08 5.54381e-10 
3.1e-08 5.53527e-10 
3.11e-08 5.52678e-10 
3.12e-08 5.51835e-10 
3.13e-08 5.50995e-10 
3.14e-08 5.50161e-10 
3.15e-08 5.49332e-10 
3.16e-08 5.48507e-10 
3.17e-08 5.47687e-10 
3.18e-08 5.46872e-10 
3.19e-08 5.46061e-10 
3.2e-08 5.45254e-10 
3.21e-08 5.44452e-10 
3.22e-08 5.43655e-10 
3.23e-08 5.42862e-10 
3.24e-08 5.42073e-10 
3.25e-08 5.41288e-10 
3.26e-08 5.40508e-10 
3.27e-08 5.39732e-10 
3.28e-08 5.3896e-10 
3.29e-08 5.38192e-10 
3.3e-08 5.37428e-10 
3.31e-08 5.36668e-10 
3.32e-08 5.35912e-10 
3.33e-08 5.3516e-10 
3.34e-08 5.34412e-10 
3.35e-08 5.33668e-10 
3.36e-08 5.32927e-10 
3.37e-08 5.3219e-10 
3.38e-08 5.31457e-10 
3.39e-08 5.30728e-10 
3.4e-08 5.30003e-10 
3.41e-08 5.2928e-10 
3.42e-08 5.28562e-10 
3.43e-08 5.27847e-10 
3.44e-08 5.27136e-10 
3.45e-08 5.26428e-10 
3.46e-08 5.25723e-10 
3.47e-08 5.25022e-10 
3.48e-08 5.24324e-10 
3.49e-08 5.2363e-10 
3.5e-08 5.22939e-10 
3.51e-08 5.22251e-10 
3.52e-08 5.21566e-10 
3.53e-08 5.20885e-10 
3.54e-08 5.20206e-10 
3.55e-08 5.19531e-10 
3.56e-08 5.18859e-10 
3.57e-08 5.1819e-10 
3.58e-08 5.17525e-10 
3.59e-08 5.16862e-10 
3.6e-08 5.16202e-10 
3.61e-08 5.15545e-10 
3.62e-08 5.14891e-10 
3.63e-08 5.1424e-10 
3.64e-08 5.13592e-10 
3.65e-08 5.12947e-10 
3.66e-08 5.12304e-10 
3.67e-08 5.11665e-10 
3.68e-08 5.11028e-10 
3.69e-08 5.10394e-10 
3.7e-08 5.09763e-10 
3.71e-08 5.09134e-10 
3.72e-08 5.08508e-10 
3.73e-08 5.07885e-10 
3.74e-08 5.07264e-10 
3.75e-08 5.06646e-10 
3.76e-08 5.06031e-10 
3.77e-08 5.05418e-10 
3.78e-08 5.04808e-10 
3.79e-08 5.042e-10 
3.8e-08 5.03595e-10 
3.81e-08 5.02992e-10 
3.82e-08 5.02392e-10 
3.83e-08 5.01794e-10 
3.84e-08 5.01198e-10 
3.85e-08 5.00605e-10 
3.86e-08 5.00014e-10 
3.87e-08 4.99426e-10 
3.88e-08 4.9884e-10 
3.89e-08 4.98257e-10 
3.9e-08 4.97675e-10 
3.91e-08 4.97096e-10 
3.92e-08 4.96519e-10 
3.93e-08 4.95945e-10 
3.94e-08 4.95372e-10 
3.95e-08 4.94802e-10 
3.96e-08 4.94234e-10 
3.97e-08 4.93668e-10 
3.98e-08 4.93105e-10 
3.99e-08 4.92543e-10 
4e-08 4.91984e-10 
4.01e-08 4.91427e-10 
4.02e-08 4.90871e-10 
4.03e-08 4.90318e-10 
4.04e-08 4.89767e-10 
4.05e-08 4.89218e-10 
4.06e-08 4.88671e-10 
4.07e-08 4.88126e-10 
4.08e-08 4.87583e-10 
4.09e-08 4.87042e-10 
4.1e-08 4.86503e-10 
4.11e-08 4.85966e-10 
4.12e-08 4.85431e-10 
4.13e-08 4.84898e-10 
4.14e-08 4.84366e-10 
4.15e-08 4.83837e-10 
4.16e-08 4.83309e-10 
4.17e-08 4.82784e-10 
4.18e-08 4.8226e-10 
4.19e-08 4.81738e-10 
4.2e-08 4.81217e-10 
4.21e-08 4.80699e-10 
4.22e-08 4.80182e-10 
4.23e-08 4.79667e-10 
4.24e-08 4.79154e-10 
4.25e-08 4.78643e-10 
4.26e-08 4.78133e-10 
4.27e-08 4.77625e-10 
4.28e-08 4.77119e-10 
4.29e-08 4.76615e-10 
4.3e-08 4.76112e-10 
4.31e-08 4.75611e-10 
4.32e-08 4.75112e-10 
4.33e-08 4.74614e-10 
4.34e-08 4.74118e-10 
4.35e-08 4.73623e-10 
4.36e-08 4.7313e-10 
4.37e-08 4.72639e-10 
4.38e-08 4.7215e-10 
4.39e-08 4.71662e-10 
4.4e-08 4.71175e-10 
4.41e-08 4.7069e-10 
4.42e-08 4.70207e-10 
4.43e-08 4.69725e-10 
4.44e-08 4.69245e-10 
4.45e-08 4.68766e-10 
4.46e-08 4.68289e-10 
4.47e-08 4.67813e-10 
4.48e-08 4.67339e-10 
4.49e-08 4.66866e-10 
4.5e-08 4.66395e-10 
4.51e-08 4.65925e-10 
4.52e-08 4.65457e-10 
4.53e-08 4.6499e-10 
4.54e-08 4.64525e-10 
4.55e-08 4.64061e-10 
4.56e-08 4.63598e-10 
4.57e-08 4.63137e-10 
4.58e-08 4.62677e-10 
4.59e-08 4.62219e-10 
4.6e-08 4.61762e-10 
4.61e-08 4.61307e-10 
4.62e-08 4.60852e-10 
4.63e-08 4.60399e-10 
4.64e-08 4.59948e-10 
4.65e-08 4.59498e-10 
4.66e-08 4.59049e-10 
4.67e-08 4.58602e-10 
4.68e-08 4.58155e-10 
4.69e-08 4.57711e-10 
4.7e-08 4.57267e-10 
4.71e-08 4.56825e-10 
4.72e-08 4.56384e-10 
4.73e-08 4.55944e-10 
4.74e-08 4.55506e-10 
4.75e-08 4.55069e-10 
4.76e-08 4.54633e-10 
4.77e-08 4.54198e-10 
4.78e-08 4.53765e-10 
4.79e-08 4.53333e-10 
4.8e-08 4.52902e-10 
4.81e-08 4.52472e-10 
4.82e-08 4.52044e-10 
4.83e-08 4.51616e-10 
4.84e-08 4.5119e-10 
4.85e-08 4.50765e-10 
4.86e-08 4.50342e-10 
4.87e-08 4.49919e-10 
4.88e-08 4.49498e-10 
4.89e-08 4.49078e-10 
4.9e-08 4.48659e-10 
4.91e-08 4.48241e-10 
4.92e-08 4.47824e-10 
4.93e-08 4.47409e-10 
4.94e-08 4.46994e-10 
4.95e-08 4.46581e-10 
4.96e-08 4.46169e-10 
4.97e-08 4.45758e-10 
4.98e-08 4.45348e-10 
4.99e-08 4.44939e-10 
5e-08 4.44531e-10 
