0 0 
1e-10 -2.04e-17 
2e-10 1.18e-17 
3e-10 -1.2e-18 
4e-10 2.42e-17 
5e-10 1.09e-17 
6e-10 3.1e-17 
7e-10 2.33e-17 
8e-10 2.38e-17 
9e-10 2.54e-17 
1e-09 1.17e-17 
1.1e-09 3.11e-17 
1.2e-09 1.06e-17 
1.3e-09 1.07e-17 
1.4e-09 1.13e-17 
1.5e-09 1.03e-17 
1.6e-09 1.11e-17 
1.7e-09 1.16e-17 
1.8e-09 1.12e-17 
1.9e-09 1.13e-17 
2e-09 7.04616e-08 
2.1e-09 7.86886e-08 
2.2e-09 4.40589e-08 
2.3e-09 2.93322e-08 
2.4e-09 2.05765e-08 
2.5e-09 1.48047e-08 
2.6e-09 1.09221e-08 
2.7e-09 8.28433e-09 
2.8e-09 6.47564e-09 
2.9e-09 5.21222e-09 
3e-09 4.30646e-09 
3.1e-09 3.6394e-09 
3.2e-09 3.13612e-09 
3.3e-09 2.74829e-09 
3.4e-09 2.44391e-09 
3.5e-09 2.20115e-09 
3.6e-09 2.00466e-09 
3.7e-09 1.84345e-09 
3.8e-09 1.70951e-09 
3.9e-09 1.5969e-09 
4e-09 1.50118e-09 
4.1e-09 1.41896e-09 
4.2e-09 1.34767e-09 
4.3e-09 1.2853e-09 
4.4e-09 1.2303e-09 
4.5e-09 1.18143e-09 
4.6e-09 1.13772e-09 
4.7e-09 1.09838e-09 
4.8e-09 1.06278e-09 
4.9e-09 1.03039e-09 
5e-09 1.00079e-09 
5.1e-09 9.73621e-10 
5.2e-09 9.48585e-10 
5.3e-09 9.25434e-10 
5.4e-09 9.03956e-10 
5.5e-09 8.8397e-10 
5.6e-09 8.65322e-10 
5.7e-09 8.47876e-10 
5.8e-09 8.31517e-10 
5.9e-09 8.16143e-10 
6e-09 8.01666e-10 
6.1e-09 7.88006e-10 
6.2e-09 7.75094e-10 
6.3e-09 7.6287e-10 
6.4e-09 7.51278e-10 
6.5e-09 7.4027e-10 
6.6e-09 7.29801e-10 
6.7e-09 7.19832e-10 
6.8e-09 7.10328e-10 
6.9e-09 7.01256e-10 
7e-09 6.92587e-10 
7.1e-09 6.84295e-10 
7.2e-09 6.76354e-10 
7.3e-09 6.68744e-10 
7.4e-09 6.61444e-10 
7.5e-09 6.54435e-10 
7.6e-09 6.47701e-10 
7.7e-09 6.41225e-10 
7.8e-09 6.34993e-10 
7.9e-09 6.28991e-10 
8e-09 6.23208e-10 
8.1e-09 6.17631e-10 
8.2e-09 6.12251e-10 
8.3e-09 6.07056e-10 
8.4e-09 6.02039e-10 
8.5e-09 5.9719e-10 
8.6e-09 5.92501e-10 
8.7e-09 5.87965e-10 
8.8e-09 5.83574e-10 
8.9e-09 5.79323e-10 
9e-09 5.75204e-10 
9.1e-09 5.71213e-10 
9.2e-09 5.67343e-10 
9.3e-09 5.6359e-10 
9.4e-09 5.59948e-10 
9.5e-09 5.56414e-10 
9.6e-09 5.52982e-10 
9.7e-09 5.4965e-10 
9.8e-09 5.46412e-10 
9.9e-09 5.43265e-10 
1e-08 5.40207e-10 
1.01e-08 5.37233e-10 
1.02e-08 5.3434e-10 
1.03e-08 5.31526e-10 
1.04e-08 5.28788e-10 
1.05e-08 5.26122e-10 
1.06e-08 5.23527e-10 
1.07e-08 5.21001e-10 
1.08e-08 5.1854e-10 
1.09e-08 5.16142e-10 
1.1e-08 5.13807e-10 
1.11e-08 5.1153e-10 
1.12e-08 5.09311e-10 
1.13e-08 5.07149e-10 
1.14e-08 5.0504e-10 
1.15e-08 5.02983e-10 
1.16e-08 5.00977e-10 
1.17e-08 4.9902e-10 
1.18e-08 4.97111e-10 
1.19e-08 4.95248e-10 
1.2e-08 4.93431e-10 
1.21e-08 4.91656e-10 
1.22e-08 4.89924e-10 
1.23e-08 4.88233e-10 
1.24e-08 4.86583e-10 
1.25e-08 4.84971e-10 
1.26e-08 4.83396e-10 
1.27e-08 4.81859e-10 
1.28e-08 4.80357e-10 
1.29e-08 4.7889e-10 
1.3e-08 4.77457e-10 
1.31e-08 4.76056e-10 
1.32e-08 4.74688e-10 
1.33e-08 4.73351e-10 
1.34e-08 4.72044e-10 
1.35e-08 4.70767e-10 
1.36e-08 4.69518e-10 
1.37e-08 4.68298e-10 
1.38e-08 4.67105e-10 
1.39e-08 4.65939e-10 
1.4e-08 4.64799e-10 
1.41e-08 4.63684e-10 
1.42e-08 4.62594e-10 
1.43e-08 4.61528e-10 
1.44e-08 4.60485e-10 
1.45e-08 4.59466e-10 
1.46e-08 4.58469e-10 
1.47e-08 4.57494e-10 
1.48e-08 4.5654e-10 
1.49e-08 4.55607e-10 
1.5e-08 4.54695e-10 
1.51e-08 4.53802e-10 
1.52e-08 4.52929e-10 
1.53e-08 4.52075e-10 
1.54e-08 4.51239e-10 
1.55e-08 4.50422e-10 
1.56e-08 4.49622e-10 
1.57e-08 4.48839e-10 
1.58e-08 4.48073e-10 
1.59e-08 4.47324e-10 
1.6e-08 4.46591e-10 
1.61e-08 4.45874e-10 
1.62e-08 4.45172e-10 
1.63e-08 4.44485e-10 
1.64e-08 4.43813e-10 
1.65e-08 4.43156e-10 
1.66e-08 4.42512e-10 
1.67e-08 4.41882e-10 
1.68e-08 4.41266e-10 
1.69e-08 4.40663e-10 
1.7e-08 4.40073e-10 
1.71e-08 4.39496e-10 
1.72e-08 4.38931e-10 
1.73e-08 4.38378e-10 
1.74e-08 4.37836e-10 
1.75e-08 4.37307e-10 
1.76e-08 4.36789e-10 
1.77e-08 4.36282e-10 
1.78e-08 4.35785e-10 
1.79e-08 4.353e-10 
1.8e-08 4.34824e-10 
1.81e-08 4.34359e-10 
1.82e-08 4.33904e-10 
1.83e-08 4.33459e-10 
1.84e-08 4.33023e-10 
1.85e-08 4.32596e-10 
1.86e-08 4.32179e-10 
1.87e-08 4.31771e-10 
1.88e-08 4.31371e-10 
1.89e-08 4.3098e-10 
1.9e-08 4.30598e-10 
1.91e-08 4.30224e-10 
1.92e-08 4.29857e-10 
1.93e-08 4.29499e-10 
1.94e-08 4.29149e-10 
1.95e-08 4.28806e-10 
1.96e-08 4.2847e-10 
1.97e-08 4.28142e-10 
1.98e-08 4.27821e-10 
1.99e-08 4.27507e-10 
2e-08 4.27199e-10 
2.01e-08 4.26899e-10 
2.02e-08 4.26605e-10 
2.03e-08 4.26317e-10 
2.04e-08 4.26036e-10 
2.05e-08 4.25761e-10 
2.06e-08 4.25492e-10 
2.07e-08 4.25229e-10 
2.08e-08 4.24971e-10 
2.09e-08 4.24719e-10 
2.1e-08 4.24473e-10 
2.11e-08 4.24233e-10 
2.12e-08 4.23997e-10 
2.13e-08 4.23767e-10 
2.14e-08 4.23542e-10 
2.15e-08 4.23322e-10 
2.16e-08 4.23107e-10 
2.17e-08 4.22897e-10 
2.18e-08 4.22692e-10 
2.19e-08 4.22491e-10 
2.2e-08 4.22294e-10 
2.21e-08 4.22103e-10 
2.22e-08 4.21915e-10 
2.23e-08 4.21732e-10 
2.24e-08 4.21553e-10 
2.25e-08 4.21377e-10 
2.26e-08 4.21206e-10 
2.27e-08 4.21039e-10 
2.28e-08 4.20876e-10 
2.29e-08 4.20716e-10 
2.3e-08 4.20561e-10 
2.31e-08 4.20408e-10 
2.32e-08 4.20259e-10 
2.33e-08 4.20114e-10 
2.34e-08 4.19972e-10 
2.35e-08 4.19834e-10 
2.36e-08 4.19698e-10 
2.37e-08 4.19566e-10 
2.38e-08 4.19437e-10 
2.39e-08 4.19311e-10 
2.4e-08 4.19188e-10 
2.41e-08 4.19068e-10 
2.42e-08 4.18951e-10 
2.43e-08 4.18836e-10 
2.44e-08 4.18724e-10 
2.45e-08 4.18615e-10 
2.46e-08 4.18509e-10 
2.47e-08 4.18405e-10 
2.48e-08 4.18303e-10 
2.49e-08 4.18204e-10 
2.5e-08 4.18108e-10 
2.51e-08 4.18014e-10 
2.52e-08 4.17922e-10 
2.53e-08 4.17832e-10 
2.54e-08 4.17745e-10 
2.55e-08 4.17659e-10 
2.56e-08 4.17576e-10 
2.57e-08 4.17495e-10 
2.58e-08 4.17416e-10 
2.59e-08 4.17338e-10 
2.6e-08 4.17263e-10 
2.61e-08 4.1719e-10 
2.62e-08 4.17118e-10 
2.63e-08 4.17048e-10 
2.64e-08 4.1698e-10 
2.65e-08 4.16914e-10 
2.66e-08 4.16849e-10 
2.67e-08 4.16786e-10 
2.68e-08 4.16724e-10 
2.69e-08 4.16665e-10 
2.7e-08 4.16606e-10 
2.71e-08 4.16549e-10 
2.72e-08 4.16494e-10 
2.73e-08 4.1644e-10 
2.74e-08 4.16387e-10 
2.75e-08 4.16335e-10 
2.76e-08 4.16285e-10 
2.77e-08 4.16236e-10 
2.78e-08 4.16189e-10 
2.79e-08 4.16143e-10 
2.8e-08 4.16097e-10 
2.81e-08 4.16053e-10 
2.82e-08 4.1601e-10 
2.83e-08 4.15968e-10 
2.84e-08 4.15928e-10 
2.85e-08 4.15888e-10 
2.86e-08 4.15849e-10 
2.87e-08 4.15811e-10 
2.88e-08 4.15774e-10 
2.89e-08 4.15738e-10 
2.9e-08 4.15703e-10 
2.91e-08 4.15669e-10 
2.92e-08 4.15636e-10 
2.93e-08 4.15603e-10 
2.94e-08 4.15572e-10 
2.95e-08 4.15541e-10 
2.96e-08 4.1551e-10 
2.97e-08 4.15481e-10 
2.98e-08 4.15452e-10 
2.99e-08 4.15424e-10 
3e-08 4.15397e-10 
3.01e-08 4.1537e-10 
3.02e-08 4.15344e-10 
3.03e-08 4.15318e-10 
3.04e-08 4.15293e-10 
3.05e-08 4.15268e-10 
3.06e-08 4.15244e-10 
3.07e-08 4.15221e-10 
3.08e-08 4.15198e-10 
3.09e-08 4.15176e-10 
3.1e-08 4.15153e-10 
3.11e-08 4.15132e-10 
3.12e-08 4.15111e-10 
3.13e-08 4.1509e-10 
3.14e-08 4.1507e-10 
3.15e-08 4.1505e-10 
3.16e-08 4.1503e-10 
3.17e-08 4.15011e-10 
3.18e-08 4.14992e-10 
3.19e-08 4.14973e-10 
3.2e-08 4.14954e-10 
3.21e-08 4.14936e-10 
3.22e-08 4.14918e-10 
3.23e-08 4.14901e-10 
3.24e-08 4.14883e-10 
3.25e-08 4.14866e-10 
3.26e-08 4.14849e-10 
3.27e-08 4.14832e-10 
3.28e-08 4.14816e-10 
3.29e-08 4.14799e-10 
3.3e-08 4.14783e-10 
3.31e-08 4.14767e-10 
3.32e-08 4.14751e-10 
3.33e-08 4.14735e-10 
3.34e-08 4.14719e-10 
3.35e-08 4.14703e-10 
3.36e-08 4.14687e-10 
3.37e-08 4.14672e-10 
3.38e-08 4.14656e-10 
3.39e-08 4.14641e-10 
3.4e-08 4.14625e-10 
3.41e-08 4.1461e-10 
3.42e-08 4.14594e-10 
3.43e-08 4.14579e-10 
3.44e-08 4.14563e-10 
3.45e-08 4.14548e-10 
3.46e-08 4.14532e-10 
3.47e-08 4.14516e-10 
3.48e-08 4.14501e-10 
3.49e-08 4.14485e-10 
3.5e-08 4.14469e-10 
3.51e-08 4.14454e-10 
3.52e-08 4.14438e-10 
3.53e-08 4.14422e-10 
3.54e-08 4.14405e-10 
3.55e-08 4.14389e-10 
3.56e-08 4.14373e-10 
3.57e-08 4.14356e-10 
3.58e-08 4.1434e-10 
3.59e-08 4.14323e-10 
3.6e-08 4.14306e-10 
3.61e-08 4.14289e-10 
3.62e-08 4.14272e-10 
3.63e-08 4.14254e-10 
3.64e-08 4.14237e-10 
3.65e-08 4.14219e-10 
3.66e-08 4.14201e-10 
3.67e-08 4.14183e-10 
3.68e-08 4.14165e-10 
3.69e-08 4.14146e-10 
3.7e-08 4.14127e-10 
3.71e-08 4.14108e-10 
3.72e-08 4.14089e-10 
3.73e-08 4.1407e-10 
3.74e-08 4.1405e-10 
3.75e-08 4.1403e-10 
3.76e-08 4.1401e-10 
3.77e-08 4.13989e-10 
3.78e-08 4.13969e-10 
3.79e-08 4.13948e-10 
3.8e-08 4.13926e-10 
3.81e-08 4.13905e-10 
3.82e-08 4.13883e-10 
3.83e-08 4.13861e-10 
3.84e-08 4.13838e-10 
3.85e-08 4.13816e-10 
3.86e-08 4.13793e-10 
3.87e-08 4.13769e-10 
3.88e-08 4.13746e-10 
3.89e-08 4.13722e-10 
3.9e-08 4.13698e-10 
3.91e-08 4.13673e-10 
3.92e-08 4.13648e-10 
3.93e-08 4.13623e-10 
3.94e-08 4.13598e-10 
3.95e-08 4.13572e-10 
3.96e-08 4.13545e-10 
3.97e-08 4.13519e-10 
3.98e-08 4.13492e-10 
3.99e-08 4.13465e-10 
4e-08 4.13437e-10 
4.01e-08 4.13409e-10 
4.02e-08 4.13381e-10 
4.03e-08 4.13352e-10 
4.04e-08 4.13323e-10 
4.05e-08 4.13294e-10 
4.06e-08 4.13264e-10 
4.07e-08 4.13234e-10 
4.08e-08 4.13203e-10 
4.09e-08 4.13172e-10 
4.1e-08 4.13141e-10 
4.11e-08 4.13109e-10 
4.12e-08 4.13077e-10 
4.13e-08 4.13045e-10 
4.14e-08 4.13012e-10 
4.15e-08 4.12979e-10 
4.16e-08 4.12945e-10 
4.17e-08 4.12911e-10 
4.18e-08 4.12877e-10 
4.19e-08 4.12842e-10 
4.2e-08 4.12807e-10 
4.21e-08 4.12771e-10 
4.22e-08 4.12735e-10 
4.23e-08 4.12699e-10 
4.24e-08 4.12662e-10 
4.25e-08 4.12624e-10 
4.26e-08 4.12587e-10 
4.27e-08 4.12549e-10 
4.28e-08 4.1251e-10 
4.29e-08 4.12471e-10 
4.3e-08 4.12432e-10 
4.31e-08 4.12392e-10 
4.32e-08 4.12352e-10 
4.33e-08 4.12311e-10 
4.34e-08 4.1227e-10 
4.35e-08 4.12229e-10 
4.36e-08 4.12187e-10 
4.37e-08 4.12145e-10 
4.38e-08 4.12102e-10 
4.39e-08 4.12059e-10 
4.4e-08 4.12016e-10 
4.41e-08 4.11972e-10 
4.42e-08 4.11927e-10 
4.43e-08 4.11882e-10 
4.44e-08 4.11837e-10 
4.45e-08 4.11791e-10 
4.46e-08 4.11745e-10 
4.47e-08 4.11699e-10 
4.48e-08 4.11652e-10 
4.49e-08 4.11604e-10 
4.5e-08 4.11556e-10 
4.51e-08 4.11508e-10 
4.52e-08 4.11459e-10 
4.53e-08 4.1141e-10 
4.54e-08 4.1136e-10 
4.55e-08 4.1131e-10 
4.56e-08 4.1126e-10 
4.57e-08 4.11209e-10 
4.58e-08 4.11158e-10 
4.59e-08 4.11106e-10 
4.6e-08 4.11054e-10 
4.61e-08 4.11001e-10 
4.62e-08 4.10948e-10 
4.63e-08 4.10894e-10 
4.64e-08 4.1084e-10 
4.65e-08 4.10786e-10 
4.66e-08 4.10731e-10 
4.67e-08 4.10676e-10 
4.68e-08 4.1062e-10 
4.69e-08 4.10564e-10 
4.7e-08 4.10507e-10 
4.71e-08 4.1045e-10 
4.72e-08 4.10393e-10 
4.73e-08 4.10335e-10 
4.74e-08 4.10277e-10 
4.75e-08 4.10218e-10 
4.76e-08 4.10159e-10 
4.77e-08 4.10099e-10 
4.78e-08 4.10039e-10 
4.79e-08 4.09978e-10 
4.8e-08 4.09917e-10 
4.81e-08 4.09856e-10 
4.82e-08 4.09794e-10 
4.83e-08 4.09732e-10 
4.84e-08 4.09669e-10 
4.85e-08 4.09606e-10 
4.86e-08 4.09543e-10 
4.87e-08 4.09479e-10 
4.88e-08 4.09414e-10 
4.89e-08 4.09349e-10 
4.9e-08 4.09284e-10 
4.91e-08 4.09219e-10 
4.92e-08 4.09152e-10 
4.93e-08 4.09086e-10 
4.94e-08 4.09019e-10 
4.95e-08 4.08952e-10 
4.96e-08 4.08884e-10 
4.97e-08 4.08816e-10 
4.98e-08 4.08747e-10 
4.99e-08 4.08678e-10 
5e-08 4.08608e-10 
