0 0 
1e-10 -1.98e-17 
2e-10 1.08e-17 
3e-10 -2.3e-18 
4e-10 2.27e-17 
5e-10 9.5e-18 
6e-10 3.17e-17 
7e-10 2.36e-17 
8e-10 2.26e-17 
9e-10 2.22e-17 
1e-09 1.03e-17 
1.1e-09 3.17e-17 
1.2e-09 8.8e-18 
1.3e-09 8.5e-18 
1.4e-09 8.5e-18 
1.5e-09 8.7e-18 
1.6e-09 9.5e-18 
1.7e-09 8.8e-18 
1.8e-09 8.4e-18 
1.9e-09 8.8e-18 
2e-09 4.66579e-08 
2.1e-09 7.26544e-08 
2.2e-09 5.09978e-08 
2.3e-09 4.12061e-08 
2.4e-09 3.50845e-08 
2.5e-09 3.07718e-08 
2.6e-09 2.75346e-08 
2.7e-09 2.49951e-08 
2.8e-09 2.29129e-08 
2.9e-09 2.11373e-08 
3e-09 1.95779e-08 
3.1e-09 1.81819e-08 
3.2e-09 1.69174e-08 
3.3e-09 1.5764e-08 
3.4e-09 1.47073e-08 
3.5e-09 1.37367e-08 
3.6e-09 1.28435e-08 
3.7e-09 1.20206e-08 
3.8e-09 1.12615e-08 
3.9e-09 1.05607e-08 
4e-09 9.91322e-09 
4.1e-09 9.31449e-09 
4.2e-09 8.76048e-09 
4.3e-09 8.24751e-09 
4.4e-09 7.77224e-09 
4.5e-09 7.33164e-09 
4.6e-09 6.92294e-09 
4.7e-09 6.54364e-09 
4.8e-09 6.19144e-09 
4.9e-09 5.86422e-09 
5e-09 5.56007e-09 
5.1e-09 5.27723e-09 
5.2e-09 5.01407e-09 
5.3e-09 4.76911e-09 
5.4e-09 4.54099e-09 
5.5e-09 4.32843e-09 
5.6e-09 4.1303e-09 
5.7e-09 3.94552e-09 
5.8e-09 3.77311e-09 
5.9e-09 3.61216e-09 
6e-09 3.46183e-09 
6.1e-09 3.32136e-09 
6.2e-09 3.19002e-09 
6.3e-09 3.06717e-09 
6.4e-09 2.95219e-09 
6.5e-09 2.84451e-09 
6.6e-09 2.74361e-09 
6.7e-09 2.64902e-09 
6.8e-09 2.56029e-09 
6.9e-09 2.477e-09 
7e-09 2.39877e-09 
7.1e-09 2.32525e-09 
7.2e-09 2.25611e-09 
7.3e-09 2.19104e-09 
7.4e-09 2.12977e-09 
7.5e-09 2.07203e-09 
7.6e-09 2.01758e-09 
7.7e-09 1.9662e-09 
7.8e-09 1.91768e-09 
7.9e-09 1.87182e-09 
8e-09 1.82845e-09 
8.1e-09 1.78741e-09 
8.2e-09 1.74853e-09 
8.3e-09 1.71167e-09 
8.4e-09 1.67671e-09 
8.5e-09 1.64351e-09 
8.6e-09 1.61197e-09 
8.7e-09 1.58197e-09 
8.8e-09 1.55343e-09 
8.9e-09 1.52624e-09 
9e-09 1.50032e-09 
9.1e-09 1.47559e-09 
9.2e-09 1.45198e-09 
9.3e-09 1.42942e-09 
9.4e-09 1.40784e-09 
9.5e-09 1.38719e-09 
9.6e-09 1.36741e-09 
9.7e-09 1.34845e-09 
9.8e-09 1.33026e-09 
9.9e-09 1.31279e-09 
1e-08 1.29601e-09 
1.01e-08 1.27987e-09 
1.02e-08 1.26433e-09 
1.03e-08 1.24938e-09 
1.04e-08 1.23496e-09 
1.05e-08 1.22106e-09 
1.06e-08 1.20764e-09 
1.07e-08 1.19468e-09 
1.08e-08 1.18215e-09 
1.09e-08 1.17004e-09 
1.1e-08 1.15832e-09 
1.11e-08 1.14697e-09 
1.12e-08 1.13597e-09 
1.13e-08 1.12531e-09 
1.14e-08 1.11497e-09 
1.15e-08 1.10493e-09 
1.16e-08 1.09518e-09 
1.17e-08 1.0857e-09 
1.18e-08 1.07649e-09 
1.19e-08 1.06753e-09 
1.2e-08 1.05881e-09 
1.21e-08 1.05032e-09 
1.22e-08 1.04204e-09 
1.23e-08 1.03398e-09 
1.24e-08 1.02612e-09 
1.25e-08 1.01845e-09 
1.26e-08 1.01097e-09 
1.27e-08 1.00366e-09 
1.28e-08 9.96528e-10 
1.29e-08 9.89557e-10 
1.3e-08 9.82743e-10 
1.31e-08 9.76081e-10 
1.32e-08 9.69566e-10 
1.33e-08 9.63191e-10 
1.34e-08 9.56952e-10 
1.35e-08 9.50844e-10 
1.36e-08 9.44862e-10 
1.37e-08 9.39002e-10 
1.38e-08 9.33261e-10 
1.39e-08 9.27633e-10 
1.4e-08 9.22116e-10 
1.41e-08 9.16705e-10 
1.42e-08 9.11398e-10 
1.43e-08 9.06191e-10 
1.44e-08 9.01081e-10 
1.45e-08 8.96065e-10 
1.46e-08 8.91141e-10 
1.47e-08 8.86305e-10 
1.48e-08 8.81555e-10 
1.49e-08 8.76888e-10 
1.5e-08 8.72303e-10 
1.51e-08 8.67797e-10 
1.52e-08 8.63367e-10 
1.53e-08 8.59012e-10 
1.54e-08 8.5473e-10 
1.55e-08 8.50518e-10 
1.56e-08 8.46375e-10 
1.57e-08 8.42299e-10 
1.58e-08 8.38289e-10 
1.59e-08 8.34342e-10 
1.6e-08 8.30458e-10 
1.61e-08 8.26634e-10 
1.62e-08 8.22869e-10 
1.63e-08 8.19162e-10 
1.64e-08 8.15511e-10 
1.65e-08 8.11915e-10 
1.66e-08 8.08372e-10 
1.67e-08 8.04882e-10 
1.68e-08 8.01444e-10 
1.69e-08 7.98055e-10 
1.7e-08 7.94715e-10 
1.71e-08 7.91423e-10 
1.72e-08 7.88178e-10 
1.73e-08 7.84978e-10 
1.74e-08 7.81824e-10 
1.75e-08 7.78713e-10 
1.76e-08 7.75644e-10 
1.77e-08 7.72618e-10 
1.78e-08 7.69633e-10 
1.79e-08 7.66688e-10 
1.8e-08 7.63782e-10 
1.81e-08 7.60915e-10 
1.82e-08 7.58086e-10 
1.83e-08 7.55293e-10 
1.84e-08 7.52537e-10 
1.85e-08 7.49816e-10 
1.86e-08 7.47131e-10 
1.87e-08 7.44479e-10 
1.88e-08 7.41861e-10 
1.89e-08 7.39275e-10 
1.9e-08 7.36722e-10 
1.91e-08 7.342e-10 
1.92e-08 7.31709e-10 
1.93e-08 7.29249e-10 
1.94e-08 7.26818e-10 
1.95e-08 7.24417e-10 
1.96e-08 7.22044e-10 
1.97e-08 7.197e-10 
1.98e-08 7.17383e-10 
1.99e-08 7.15093e-10 
2e-08 7.1283e-10 
2.01e-08 7.10593e-10 
2.02e-08 7.08381e-10 
2.03e-08 7.06195e-10 
2.04e-08 7.04034e-10 
2.05e-08 7.01897e-10 
2.06e-08 6.99784e-10 
2.07e-08 6.97694e-10 
2.08e-08 6.95628e-10 
2.09e-08 6.93584e-10 
2.1e-08 6.91563e-10 
2.11e-08 6.89563e-10 
2.12e-08 6.87585e-10 
2.13e-08 6.85628e-10 
2.14e-08 6.83692e-10 
2.15e-08 6.81776e-10 
2.16e-08 6.7988e-10 
2.17e-08 6.78005e-10 
2.18e-08 6.76148e-10 
2.19e-08 6.74311e-10 
2.2e-08 6.72493e-10 
2.21e-08 6.70693e-10 
2.22e-08 6.68911e-10 
2.23e-08 6.67147e-10 
2.24e-08 6.65401e-10 
2.25e-08 6.63672e-10 
2.26e-08 6.6196e-10 
2.27e-08 6.60265e-10 
2.28e-08 6.58586e-10 
2.29e-08 6.56924e-10 
2.3e-08 6.55277e-10 
2.31e-08 6.53647e-10 
2.32e-08 6.52032e-10 
2.33e-08 6.50432e-10 
2.34e-08 6.48847e-10 
2.35e-08 6.47277e-10 
2.36e-08 6.45721e-10 
2.37e-08 6.4418e-10 
2.38e-08 6.42653e-10 
2.39e-08 6.4114e-10 
2.4e-08 6.39641e-10 
2.41e-08 6.38155e-10 
2.42e-08 6.36682e-10 
2.43e-08 6.35222e-10 
2.44e-08 6.33776e-10 
2.45e-08 6.32342e-10 
2.46e-08 6.3092e-10 
2.47e-08 6.29511e-10 
2.48e-08 6.28114e-10 
2.49e-08 6.26729e-10 
2.5e-08 6.25356e-10 
2.51e-08 6.23994e-10 
2.52e-08 6.22644e-10 
2.53e-08 6.21305e-10 
2.54e-08 6.19977e-10 
2.55e-08 6.1866e-10 
2.56e-08 6.17355e-10 
2.57e-08 6.16059e-10 
2.58e-08 6.14775e-10 
2.59e-08 6.135e-10 
2.6e-08 6.12236e-10 
2.61e-08 6.10982e-10 
2.62e-08 6.09738e-10 
2.63e-08 6.08503e-10 
2.64e-08 6.07279e-10 
2.65e-08 6.06064e-10 
2.66e-08 6.04858e-10 
2.67e-08 6.03662e-10 
2.68e-08 6.02474e-10 
2.69e-08 6.01296e-10 
2.7e-08 6.00127e-10 
2.71e-08 5.98966e-10 
2.72e-08 5.97815e-10 
2.73e-08 5.96671e-10 
2.74e-08 5.95537e-10 
2.75e-08 5.9441e-10 
2.76e-08 5.93292e-10 
2.77e-08 5.92182e-10 
2.78e-08 5.9108e-10 
2.79e-08 5.89986e-10 
2.8e-08 5.88899e-10 
2.81e-08 5.87821e-10 
2.82e-08 5.8675e-10 
2.83e-08 5.85686e-10 
2.84e-08 5.8463e-10 
2.85e-08 5.83581e-10 
2.86e-08 5.8254e-10 
2.87e-08 5.81505e-10 
2.88e-08 5.80478e-10 
2.89e-08 5.79457e-10 
2.9e-08 5.78444e-10 
2.91e-08 5.77437e-10 
2.92e-08 5.76437e-10 
2.93e-08 5.75444e-10 
2.94e-08 5.74457e-10 
2.95e-08 5.73477e-10 
2.96e-08 5.72503e-10 
2.97e-08 5.71535e-10 
2.98e-08 5.70574e-10 
2.99e-08 5.69618e-10 
3e-08 5.68669e-10 
3.01e-08 5.67726e-10 
3.02e-08 5.66789e-10 
3.03e-08 5.65858e-10 
3.04e-08 5.64932e-10 
3.05e-08 5.64012e-10 
3.06e-08 5.63098e-10 
3.07e-08 5.6219e-10 
3.08e-08 5.61287e-10 
3.09e-08 5.60389e-10 
3.1e-08 5.59497e-10 
3.11e-08 5.5861e-10 
3.12e-08 5.57729e-10 
3.13e-08 5.56853e-10 
3.14e-08 5.55982e-10 
3.15e-08 5.55116e-10 
3.16e-08 5.54255e-10 
3.17e-08 5.53399e-10 
3.18e-08 5.52548e-10 
3.19e-08 5.51702e-10 
3.2e-08 5.50861e-10 
3.21e-08 5.50024e-10 
3.22e-08 5.49193e-10 
3.23e-08 5.48366e-10 
3.24e-08 5.47543e-10 
3.25e-08 5.46725e-10 
3.26e-08 5.45912e-10 
3.27e-08 5.45103e-10 
3.28e-08 5.44299e-10 
3.29e-08 5.43499e-10 
3.3e-08 5.42703e-10 
3.31e-08 5.41912e-10 
3.32e-08 5.41125e-10 
3.33e-08 5.40342e-10 
3.34e-08 5.39563e-10 
3.35e-08 5.38789e-10 
3.36e-08 5.38018e-10 
3.37e-08 5.37251e-10 
3.38e-08 5.36489e-10 
3.39e-08 5.3573e-10 
3.4e-08 5.34975e-10 
3.41e-08 5.34225e-10 
3.42e-08 5.33478e-10 
3.43e-08 5.32734e-10 
3.44e-08 5.31995e-10 
3.45e-08 5.31259e-10 
3.46e-08 5.30527e-10 
3.47e-08 5.29799e-10 
3.48e-08 5.29074e-10 
3.49e-08 5.28353e-10 
3.5e-08 5.27635e-10 
3.51e-08 5.26921e-10 
3.52e-08 5.2621e-10 
3.53e-08 5.25502e-10 
3.54e-08 5.24798e-10 
3.55e-08 5.24098e-10 
3.56e-08 5.23401e-10 
3.57e-08 5.22707e-10 
3.58e-08 5.22016e-10 
3.59e-08 5.21328e-10 
3.6e-08 5.20644e-10 
3.61e-08 5.19963e-10 
3.62e-08 5.19285e-10 
3.63e-08 5.1861e-10 
3.64e-08 5.17939e-10 
3.65e-08 5.1727e-10 
3.66e-08 5.16604e-10 
3.67e-08 5.15942e-10 
3.68e-08 5.15282e-10 
3.69e-08 5.14625e-10 
3.7e-08 5.13972e-10 
3.71e-08 5.13321e-10 
3.72e-08 5.12673e-10 
3.73e-08 5.12028e-10 
3.74e-08 5.11385e-10 
3.75e-08 5.10746e-10 
3.76e-08 5.10109e-10 
3.77e-08 5.09475e-10 
3.78e-08 5.08844e-10 
3.79e-08 5.08215e-10 
3.8e-08 5.07589e-10 
3.81e-08 5.06966e-10 
3.82e-08 5.06345e-10 
3.83e-08 5.05727e-10 
3.84e-08 5.05112e-10 
3.85e-08 5.04499e-10 
3.86e-08 5.03888e-10 
3.87e-08 5.03281e-10 
3.88e-08 5.02675e-10 
3.89e-08 5.02072e-10 
3.9e-08 5.01472e-10 
3.91e-08 5.00874e-10 
3.92e-08 5.00278e-10 
3.93e-08 4.99685e-10 
3.94e-08 4.99094e-10 
3.95e-08 4.98506e-10 
3.96e-08 4.9792e-10 
3.97e-08 4.97336e-10 
3.98e-08 4.96754e-10 
3.99e-08 4.96175e-10 
4e-08 4.95598e-10 
4.01e-08 4.95023e-10 
4.02e-08 4.94451e-10 
4.03e-08 4.9388e-10 
4.04e-08 4.93312e-10 
4.05e-08 4.92746e-10 
4.06e-08 4.92183e-10 
4.07e-08 4.91621e-10 
4.08e-08 4.91061e-10 
4.09e-08 4.90504e-10 
4.1e-08 4.89949e-10 
4.11e-08 4.89395e-10 
4.12e-08 4.88844e-10 
4.13e-08 4.88295e-10 
4.14e-08 4.87748e-10 
4.15e-08 4.87203e-10 
4.16e-08 4.86659e-10 
4.17e-08 4.86118e-10 
4.18e-08 4.85579e-10 
4.19e-08 4.85042e-10 
4.2e-08 4.84506e-10 
4.21e-08 4.83973e-10 
4.22e-08 4.83442e-10 
4.23e-08 4.82912e-10 
4.24e-08 4.82384e-10 
4.25e-08 4.81858e-10 
4.26e-08 4.81334e-10 
4.27e-08 4.80812e-10 
4.28e-08 4.80292e-10 
4.29e-08 4.79773e-10 
4.3e-08 4.79256e-10 
4.31e-08 4.78741e-10 
4.32e-08 4.78228e-10 
4.33e-08 4.77717e-10 
4.34e-08 4.77207e-10 
4.35e-08 4.76699e-10 
4.36e-08 4.76193e-10 
4.37e-08 4.75688e-10 
4.38e-08 4.75186e-10 
4.39e-08 4.74685e-10 
4.4e-08 4.74185e-10 
4.41e-08 4.73687e-10 
4.42e-08 4.73191e-10 
4.43e-08 4.72697e-10 
4.44e-08 4.72204e-10 
4.45e-08 4.71713e-10 
4.46e-08 4.71223e-10 
4.47e-08 4.70735e-10 
4.48e-08 4.70248e-10 
4.49e-08 4.69764e-10 
4.5e-08 4.6928e-10 
4.51e-08 4.68799e-10 
4.52e-08 4.68318e-10 
4.53e-08 4.6784e-10 
4.54e-08 4.67363e-10 
4.55e-08 4.66887e-10 
4.56e-08 4.66413e-10 
4.57e-08 4.6594e-10 
4.58e-08 4.65469e-10 
4.59e-08 4.64999e-10 
4.6e-08 4.64531e-10 
4.61e-08 4.64064e-10 
4.62e-08 4.63599e-10 
4.63e-08 4.63135e-10 
4.64e-08 4.62673e-10 
4.65e-08 4.62212e-10 
4.66e-08 4.61752e-10 
4.67e-08 4.61294e-10 
4.68e-08 4.60837e-10 
4.69e-08 4.60382e-10 
4.7e-08 4.59928e-10 
4.71e-08 4.59475e-10 
4.72e-08 4.59024e-10 
4.73e-08 4.58574e-10 
4.74e-08 4.58125e-10 
4.75e-08 4.57678e-10 
4.76e-08 4.57232e-10 
4.77e-08 4.56788e-10 
4.78e-08 4.56344e-10 
4.79e-08 4.55902e-10 
4.8e-08 4.55462e-10 
4.81e-08 4.55022e-10 
4.82e-08 4.54584e-10 
4.83e-08 4.54147e-10 
4.84e-08 4.53712e-10 
4.85e-08 4.53277e-10 
4.86e-08 4.52844e-10 
4.87e-08 4.52413e-10 
4.88e-08 4.51982e-10 
4.89e-08 4.51553e-10 
4.9e-08 4.51125e-10 
4.91e-08 4.50698e-10 
4.92e-08 4.50272e-10 
4.93e-08 4.49847e-10 
4.94e-08 4.49424e-10 
4.95e-08 4.49002e-10 
4.96e-08 4.48581e-10 
4.97e-08 4.48161e-10 
4.98e-08 4.47743e-10 
4.99e-08 4.47325e-10 
5e-08 4.46909e-10 
