0 0 
1e-10 1.05e-17 
2e-10 8.2e-18 
3e-10 -5.5e-18 
4e-10 2.67e-17 
5e-10 7e-18 
6e-10 3.48e-17 
7e-10 2.75e-17 
8e-10 2.53e-17 
9e-10 2.72e-17 
1e-09 9e-18 
1.1e-09 3.5e-17 
1.2e-09 7.5e-18 
1.3e-09 7.2e-18 
1.4e-09 7e-18 
1.5e-09 7.9e-18 
1.6e-09 7.4e-18 
1.7e-09 8.3e-18 
1.8e-09 8.2e-18 
1.9e-09 6.8e-18 
2e-09 9.01484e-08 
2.1e-09 9.20104e-08 
2.2e-09 5.08056e-08 
2.3e-09 3.34283e-08 
2.4e-09 2.31539e-08 
2.5e-09 1.64294e-08 
2.6e-09 1.1938e-08 
2.7e-09 8.91416e-09 
2.8e-09 6.86967e-09 
2.9e-09 5.46892e-09 
3e-09 4.4853e-09 
3.1e-09 3.77379e-09 
3.2e-09 3.24464e-09 
3.3e-09 2.84185e-09 
3.4e-09 2.52911e-09 
3.5e-09 2.28203e-09 
3.6e-09 2.08372e-09 
3.7e-09 1.92223e-09 
3.8e-09 1.78895e-09 
3.9e-09 1.6776e-09 
4e-09 1.58351e-09 
4.1e-09 1.50315e-09 
4.2e-09 1.43385e-09 
4.3e-09 1.37356e-09 
4.4e-09 1.32068e-09 
4.5e-09 1.27397e-09 
4.6e-09 1.23241e-09 
4.7e-09 1.19522e-09 
4.8e-09 1.16175e-09 
4.9e-09 1.13148e-09 
5e-09 1.10398e-09 
5.1e-09 1.07888e-09 
5.2e-09 1.05589e-09 
5.3e-09 1.03475e-09 
5.4e-09 1.01525e-09 
5.5e-09 9.9722e-10 
5.6e-09 9.80484e-10 
5.7e-09 9.64917e-10 
5.8e-09 9.50401e-10 
5.9e-09 9.36835e-10 
6e-09 9.24129e-10 
6.1e-09 9.12205e-10 
6.2e-09 9.00995e-10 
6.3e-09 8.90437e-10 
6.4e-09 8.80476e-10 
6.5e-09 8.71065e-10 
6.6e-09 8.62161e-10 
6.7e-09 8.53723e-10 
6.8e-09 8.45718e-10 
6.9e-09 8.38113e-10 
7e-09 8.3088e-10 
7.1e-09 8.23993e-10 
7.2e-09 8.17429e-10 
7.3e-09 8.11166e-10 
7.4e-09 8.05183e-10 
7.5e-09 7.99465e-10 
7.6e-09 7.93992e-10 
7.7e-09 7.88752e-10 
7.8e-09 7.8373e-10 
7.9e-09 7.78912e-10 
8e-09 7.74287e-10 
8.1e-09 7.69845e-10 
8.2e-09 7.65574e-10 
8.3e-09 7.61466e-10 
8.4e-09 7.57511e-10 
8.5e-09 7.53702e-10 
8.6e-09 7.50031e-10 
8.7e-09 7.4649e-10 
8.8e-09 7.43074e-10 
8.9e-09 7.39776e-10 
9e-09 7.3659e-10 
9.1e-09 7.33511e-10 
9.2e-09 7.30534e-10 
9.3e-09 7.27654e-10 
9.4e-09 7.24866e-10 
9.5e-09 7.22166e-10 
9.6e-09 7.19551e-10 
9.7e-09 7.17016e-10 
9.8e-09 7.14558e-10 
9.9e-09 7.12174e-10 
1e-08 7.0986e-10 
1.01e-08 7.07614e-10 
1.02e-08 7.05432e-10 
1.03e-08 7.03312e-10 
1.04e-08 7.01252e-10 
1.05e-08 6.99249e-10 
1.06e-08 6.973e-10 
1.07e-08 6.95404e-10 
1.08e-08 6.93559e-10 
1.09e-08 6.91762e-10 
1.1e-08 6.90012e-10 
1.11e-08 6.88307e-10 
1.12e-08 6.86645e-10 
1.13e-08 6.85024e-10 
1.14e-08 6.83444e-10 
1.15e-08 6.81902e-10 
1.16e-08 6.80397e-10 
1.17e-08 6.78928e-10 
1.18e-08 6.77494e-10 
1.19e-08 6.76092e-10 
1.2e-08 6.74723e-10 
1.21e-08 6.73385e-10 
1.22e-08 6.72077e-10 
1.23e-08 6.70798e-10 
1.24e-08 6.69547e-10 
1.25e-08 6.68323e-10 
1.26e-08 6.67124e-10 
1.27e-08 6.65951e-10 
1.28e-08 6.64803e-10 
1.29e-08 6.63677e-10 
1.3e-08 6.62575e-10 
1.31e-08 6.61494e-10 
1.32e-08 6.60435e-10 
1.33e-08 6.59396e-10 
1.34e-08 6.58377e-10 
1.35e-08 6.57378e-10 
1.36e-08 6.56397e-10 
1.37e-08 6.55434e-10 
1.38e-08 6.54489e-10 
1.39e-08 6.53561e-10 
1.4e-08 6.52649e-10 
1.41e-08 6.51753e-10 
1.42e-08 6.50872e-10 
1.43e-08 6.50006e-10 
1.44e-08 6.49155e-10 
1.45e-08 6.48318e-10 
1.46e-08 6.47494e-10 
1.47e-08 6.46684e-10 
1.48e-08 6.45886e-10 
1.49e-08 6.45101e-10 
1.5e-08 6.44327e-10 
1.51e-08 6.43566e-10 
1.52e-08 6.42815e-10 
1.53e-08 6.42076e-10 
1.54e-08 6.41347e-10 
1.55e-08 6.40629e-10 
1.56e-08 6.3992e-10 
1.57e-08 6.39221e-10 
1.58e-08 6.38532e-10 
1.59e-08 6.37852e-10 
1.6e-08 6.3718e-10 
1.61e-08 6.36518e-10 
1.62e-08 6.35863e-10 
1.63e-08 6.35217e-10 
1.64e-08 6.34579e-10 
1.65e-08 6.33948e-10 
1.66e-08 6.33324e-10 
1.67e-08 6.32708e-10 
1.68e-08 6.32099e-10 
1.69e-08 6.31497e-10 
1.7e-08 6.30901e-10 
1.71e-08 6.30311e-10 
1.72e-08 6.29728e-10 
1.73e-08 6.29151e-10 
1.74e-08 6.28579e-10 
1.75e-08 6.28014e-10 
1.76e-08 6.27454e-10 
1.77e-08 6.26899e-10 
1.78e-08 6.26349e-10 
1.79e-08 6.25805e-10 
1.8e-08 6.25265e-10 
1.81e-08 6.2473e-10 
1.82e-08 6.242e-10 
1.83e-08 6.23674e-10 
1.84e-08 6.23152e-10 
1.85e-08 6.22635e-10 
1.86e-08 6.22122e-10 
1.87e-08 6.21613e-10 
1.88e-08 6.21107e-10 
1.89e-08 6.20606e-10 
1.9e-08 6.20108e-10 
1.91e-08 6.19614e-10 
1.92e-08 6.19123e-10 
1.93e-08 6.18635e-10 
1.94e-08 6.18151e-10 
1.95e-08 6.1767e-10 
1.96e-08 6.17191e-10 
1.97e-08 6.16716e-10 
1.98e-08 6.16244e-10 
1.99e-08 6.15774e-10 
2e-08 6.15308e-10 
2.01e-08 6.14843e-10 
2.02e-08 6.14382e-10 
2.03e-08 6.13923e-10 
2.04e-08 6.13466e-10 
2.05e-08 6.13011e-10 
2.06e-08 6.12559e-10 
2.07e-08 6.12109e-10 
2.08e-08 6.11661e-10 
2.09e-08 6.11216e-10 
2.1e-08 6.10772e-10 
2.11e-08 6.1033e-10 
2.12e-08 6.0989e-10 
2.13e-08 6.09452e-10 
2.14e-08 6.09015e-10 
2.15e-08 6.08581e-10 
2.16e-08 6.08148e-10 
2.17e-08 6.07716e-10 
2.18e-08 6.07287e-10 
2.19e-08 6.06858e-10 
2.2e-08 6.06432e-10 
2.21e-08 6.06006e-10 
2.22e-08 6.05582e-10 
2.23e-08 6.05159e-10 
2.24e-08 6.04738e-10 
2.25e-08 6.04318e-10 
2.26e-08 6.03899e-10 
2.27e-08 6.03481e-10 
2.28e-08 6.03065e-10 
2.29e-08 6.02649e-10 
2.3e-08 6.02235e-10 
2.31e-08 6.01822e-10 
2.32e-08 6.01409e-10 
2.33e-08 6.00998e-10 
2.34e-08 6.00587e-10 
2.35e-08 6.00178e-10 
2.36e-08 5.99769e-10 
2.37e-08 5.99361e-10 
2.38e-08 5.98954e-10 
2.39e-08 5.98548e-10 
2.4e-08 5.98143e-10 
2.41e-08 5.97738e-10 
2.42e-08 5.97334e-10 
2.43e-08 5.96931e-10 
2.44e-08 5.96529e-10 
2.45e-08 5.96127e-10 
2.46e-08 5.95726e-10 
2.47e-08 5.95325e-10 
2.48e-08 5.94925e-10 
2.49e-08 5.94525e-10 
2.5e-08 5.94127e-10 
2.51e-08 5.93728e-10 
2.52e-08 5.9333e-10 
2.53e-08 5.92933e-10 
2.54e-08 5.92536e-10 
2.55e-08 5.9214e-10 
2.56e-08 5.91744e-10 
2.57e-08 5.91348e-10 
2.58e-08 5.90953e-10 
2.59e-08 5.90559e-10 
2.6e-08 5.90164e-10 
2.61e-08 5.8977e-10 
2.62e-08 5.89377e-10 
2.63e-08 5.88984e-10 
2.64e-08 5.88591e-10 
2.65e-08 5.88198e-10 
2.66e-08 5.87806e-10 
2.67e-08 5.87414e-10 
2.68e-08 5.87023e-10 
2.69e-08 5.86632e-10 
2.7e-08 5.86241e-10 
2.71e-08 5.8585e-10 
2.72e-08 5.85459e-10 
2.73e-08 5.85069e-10 
2.74e-08 5.84679e-10 
2.75e-08 5.84289e-10 
2.76e-08 5.839e-10 
2.77e-08 5.8351e-10 
2.78e-08 5.83121e-10 
2.79e-08 5.82732e-10 
2.8e-08 5.82344e-10 
2.81e-08 5.81955e-10 
2.82e-08 5.81567e-10 
2.83e-08 5.81179e-10 
2.84e-08 5.80791e-10 
2.85e-08 5.80403e-10 
2.86e-08 5.80015e-10 
2.87e-08 5.79628e-10 
2.88e-08 5.7924e-10 
2.89e-08 5.78853e-10 
2.9e-08 5.78466e-10 
2.91e-08 5.78079e-10 
2.92e-08 5.77693e-10 
2.93e-08 5.77306e-10 
2.94e-08 5.76919e-10 
2.95e-08 5.76533e-10 
2.96e-08 5.76147e-10 
2.97e-08 5.7576e-10 
2.98e-08 5.75374e-10 
2.99e-08 5.74988e-10 
3e-08 5.74603e-10 
3.01e-08 5.74217e-10 
3.02e-08 5.73831e-10 
3.03e-08 5.73446e-10 
3.04e-08 5.7306e-10 
3.05e-08 5.72675e-10 
3.06e-08 5.7229e-10 
3.07e-08 5.71904e-10 
3.08e-08 5.71519e-10 
3.09e-08 5.71134e-10 
3.1e-08 5.70749e-10 
3.11e-08 5.70365e-10 
3.12e-08 5.6998e-10 
3.13e-08 5.69595e-10 
3.14e-08 5.69211e-10 
3.15e-08 5.68826e-10 
3.16e-08 5.68442e-10 
3.17e-08 5.68058e-10 
3.18e-08 5.67673e-10 
3.19e-08 5.67289e-10 
3.2e-08 5.66905e-10 
3.21e-08 5.66521e-10 
3.22e-08 5.66137e-10 
3.23e-08 5.65753e-10 
3.24e-08 5.6537e-10 
3.25e-08 5.64986e-10 
3.26e-08 5.64602e-10 
3.27e-08 5.64219e-10 
3.28e-08 5.63835e-10 
3.29e-08 5.63452e-10 
3.3e-08 5.63069e-10 
3.31e-08 5.62686e-10 
3.32e-08 5.62303e-10 
3.33e-08 5.61919e-10 
3.34e-08 5.61537e-10 
3.35e-08 5.61154e-10 
3.36e-08 5.60771e-10 
3.37e-08 5.60388e-10 
3.38e-08 5.60006e-10 
3.39e-08 5.59623e-10 
3.4e-08 5.59241e-10 
3.41e-08 5.58858e-10 
3.42e-08 5.58476e-10 
3.43e-08 5.58094e-10 
3.44e-08 5.57712e-10 
3.45e-08 5.5733e-10 
3.46e-08 5.56948e-10 
3.47e-08 5.56566e-10 
3.48e-08 5.56185e-10 
3.49e-08 5.55803e-10 
3.5e-08 5.55421e-10 
3.51e-08 5.5504e-10 
3.52e-08 5.54659e-10 
3.53e-08 5.54278e-10 
3.54e-08 5.53897e-10 
3.55e-08 5.53516e-10 
3.56e-08 5.53135e-10 
3.57e-08 5.52754e-10 
3.58e-08 5.52373e-10 
3.59e-08 5.51993e-10 
3.6e-08 5.51612e-10 
3.61e-08 5.51232e-10 
3.62e-08 5.50852e-10 
3.63e-08 5.50472e-10 
3.64e-08 5.50092e-10 
3.65e-08 5.49712e-10 
3.66e-08 5.49332e-10 
3.67e-08 5.48953e-10 
3.68e-08 5.48573e-10 
3.69e-08 5.48194e-10 
3.7e-08 5.47815e-10 
3.71e-08 5.47436e-10 
3.72e-08 5.47057e-10 
3.73e-08 5.46678e-10 
3.74e-08 5.46299e-10 
3.75e-08 5.45921e-10 
3.76e-08 5.45542e-10 
3.77e-08 5.45164e-10 
3.78e-08 5.44786e-10 
3.79e-08 5.44408e-10 
3.8e-08 5.4403e-10 
3.81e-08 5.43652e-10 
3.82e-08 5.43275e-10 
3.83e-08 5.42898e-10 
3.84e-08 5.4252e-10 
3.85e-08 5.42143e-10 
3.86e-08 5.41766e-10 
3.87e-08 5.4139e-10 
3.88e-08 5.41013e-10 
3.89e-08 5.40637e-10 
3.9e-08 5.4026e-10 
3.91e-08 5.39884e-10 
3.92e-08 5.39508e-10 
3.93e-08 5.39133e-10 
3.94e-08 5.38757e-10 
3.95e-08 5.38382e-10 
3.96e-08 5.38007e-10 
3.97e-08 5.37631e-10 
3.98e-08 5.37257e-10 
3.99e-08 5.36882e-10 
4e-08 5.36507e-10 
4.01e-08 5.36133e-10 
4.02e-08 5.35759e-10 
4.03e-08 5.35385e-10 
4.04e-08 5.35011e-10 
4.05e-08 5.34638e-10 
4.06e-08 5.34264e-10 
4.07e-08 5.33891e-10 
4.08e-08 5.33518e-10 
4.09e-08 5.33145e-10 
4.1e-08 5.32773e-10 
4.11e-08 5.324e-10 
4.12e-08 5.32028e-10 
4.13e-08 5.31656e-10 
4.14e-08 5.31284e-10 
4.15e-08 5.30913e-10 
4.16e-08 5.30542e-10 
4.17e-08 5.3017e-10 
4.18e-08 5.29799e-10 
4.19e-08 5.29429e-10 
4.2e-08 5.29058e-10 
4.21e-08 5.28688e-10 
4.22e-08 5.28318e-10 
4.23e-08 5.27948e-10 
4.24e-08 5.27578e-10 
4.25e-08 5.27209e-10 
4.26e-08 5.2684e-10 
4.27e-08 5.26471e-10 
4.28e-08 5.26102e-10 
4.29e-08 5.25734e-10 
4.3e-08 5.25365e-10 
4.31e-08 5.24997e-10 
4.32e-08 5.2463e-10 
4.33e-08 5.24262e-10 
4.34e-08 5.23895e-10 
4.35e-08 5.23528e-10 
4.36e-08 5.23161e-10 
4.37e-08 5.22794e-10 
4.38e-08 5.22428e-10 
4.39e-08 5.22062e-10 
4.4e-08 5.21696e-10 
4.41e-08 5.2133e-10 
4.42e-08 5.20965e-10 
4.43e-08 5.206e-10 
4.44e-08 5.20235e-10 
4.45e-08 5.19871e-10 
4.46e-08 5.19506e-10 
4.47e-08 5.19142e-10 
4.48e-08 5.18778e-10 
4.49e-08 5.18415e-10 
4.5e-08 5.18051e-10 
4.51e-08 5.17688e-10 
4.52e-08 5.17326e-10 
4.53e-08 5.16963e-10 
4.54e-08 5.16601e-10 
4.55e-08 5.16239e-10 
4.56e-08 5.15877e-10 
4.57e-08 5.15516e-10 
4.58e-08 5.15155e-10 
4.59e-08 5.14794e-10 
4.6e-08 5.14433e-10 
4.61e-08 5.14073e-10 
4.62e-08 5.13713e-10 
4.63e-08 5.13353e-10 
4.64e-08 5.12993e-10 
4.65e-08 5.12634e-10 
4.66e-08 5.12275e-10 
4.67e-08 5.11916e-10 
4.68e-08 5.11558e-10 
4.69e-08 5.112e-10 
4.7e-08 5.10842e-10 
4.71e-08 5.10485e-10 
4.72e-08 5.10127e-10 
4.73e-08 5.0977e-10 
4.74e-08 5.09414e-10 
4.75e-08 5.09057e-10 
4.76e-08 5.08701e-10 
4.77e-08 5.08345e-10 
4.78e-08 5.0799e-10 
4.79e-08 5.07635e-10 
4.8e-08 5.0728e-10 
4.81e-08 5.06925e-10 
4.82e-08 5.06571e-10 
4.83e-08 5.06217e-10 
4.84e-08 5.05863e-10 
4.85e-08 5.0551e-10 
4.86e-08 5.05157e-10 
4.87e-08 5.04804e-10 
4.88e-08 5.04451e-10 
4.89e-08 5.04099e-10 
4.9e-08 5.03747e-10 
4.91e-08 5.03396e-10 
4.92e-08 5.03044e-10 
4.93e-08 5.02693e-10 
4.94e-08 5.02343e-10 
4.95e-08 5.01992e-10 
4.96e-08 5.01642e-10 
4.97e-08 5.01293e-10 
4.98e-08 5.00943e-10 
4.99e-08 5.00594e-10 
5e-08 5.00245e-10 
