0 0 
2e-11 -6.62e-17 
4e-11 8.71e-17 
6e-11 9.64e-17 
8e-11 6.33e-17 
1e-10 6.13e-17 
1.2e-10 6.38e-17 
1.4e-10 6.5e-17 
1.6e-10 6.28e-17 
1.8e-10 6.31e-17 
2e-10 6.49e-17 
2.2e-10 6.45e-17 
2.4e-10 2.55e-17 
2.6e-10 2.8e-17 
2.8e-10 2.46e-17 
3e-10 2.57e-17 
3.2e-10 2.64e-17 
3.4e-10 2.75e-17 
3.6e-10 2.63e-17 
3.8e-10 2.5e-17 
4e-10 2.41e-17 
4.2e-10 2.44e-17 
4.4e-10 2.55e-17 
4.6e-10 2.5e-17 
4.8e-10 6.06e-17 
5e-10 6.04e-17 
5.2e-10 6.94e-17 
5.4e-10 6.27e-17 
5.6e-10 6.04e-17 
5.8e-10 6.72e-17 
6e-10 6.34e-17 
6.2e-10 6.21e-17 
6.4e-10 6.33e-17 
6.6e-10 5.89e-17 
6.8e-10 5.9e-17 
7e-10 6.17e-17 
7.2e-10 6.44e-17 
7.4e-10 6.31e-17 
7.6e-10 5.89e-17 
7.8e-10 6.23e-17 
8e-10 6.09e-17 
8.2e-10 6.5e-17 
8.4e-10 6.45e-17 
8.6e-10 6.14e-17 
8.8e-10 6.31e-17 
9e-10 6.36e-17 
9.2e-10 5.84e-17 
9.4e-10 6.22e-17 
9.6e-10 6.58e-17 
9.8e-10 6.69e-17 
1e-09 -8.4e-18 
1.02e-09 7.94e-17 
1.04e-09 6.45e-17 
1.06e-09 6.93e-17 
1.08e-09 6.77e-17 
1.1e-09 6.64e-17 
1.12e-09 6.25e-17 
1.14e-09 6.61e-17 
1.16e-09 6.64e-17 
1.18e-09 6.74e-17 
1.2e-09 6.72e-17 
1.22e-09 6.63e-17 
1.24e-09 6.64e-17 
1.26e-09 6.69e-17 
1.28e-09 6.8e-17 
1.3e-09 6.66e-17 
1.32e-09 7.05e-17 
1.34e-09 6.83e-17 
1.36e-09 6.88e-17 
1.38e-09 6.67e-17 
1.4e-09 6.93e-17 
1.42e-09 6.7e-17 
1.44e-09 6.73e-17 
1.46e-09 6.63e-17 
1.48e-09 6.82e-17 
1.5e-09 1.359e-16 
1.52e-09 -4.8e-18 
1.54e-09 6.46e-17 
1.56e-09 7.01e-17 
1.58e-09 6.66e-17 
1.6e-09 6.75e-17 
1.62e-09 6.96e-17 
1.64e-09 6.71e-17 
1.66e-09 6.38e-17 
1.68e-09 6.68e-17 
1.7e-09 6.6e-17 
1.72e-09 6.83e-17 
1.74e-09 6.51e-17 
1.76e-09 6.7e-17 
1.78e-09 6.51e-17 
1.8e-09 6.62e-17 
1.82e-09 6.7e-17 
1.84e-09 6.59e-17 
1.86e-09 6.35e-17 
1.88e-09 5.93e-17 
1.9e-09 6.39e-17 
1.92e-09 6.79e-17 
1.94e-09 6.48e-17 
1.96e-09 6.7e-17 
1.98e-09 6.56e-17 
2e-09 5.53325e-08 
2.02e-09 1.32699e-07 
2.04e-09 1.13902e-07 
2.06e-09 9.71452e-08 
2.08e-09 8.34452e-08 
2.1e-09 7.26276e-08 
2.12e-09 6.40942e-08 
2.14e-09 5.73121e-08 
2.16e-09 5.18272e-08 
2.18e-09 4.72983e-08 
2.2e-09 4.34796e-08 
2.22e-09 4.01973e-08 
2.24e-09 3.73293e-08 
2.26e-09 3.47893e-08 
2.28e-09 3.2516e-08 
2.3e-09 3.04648e-08 
2.32e-09 2.8603e-08 
2.34e-09 2.69052e-08 
2.36e-09 2.53519e-08 
2.38e-09 2.39271e-08 
2.4e-09 2.26178e-08 
2.42e-09 2.1413e-08 
2.44e-09 2.03035e-08 
2.46e-09 1.9281e-08 
2.48e-09 1.83385e-08 
2.5e-09 1.74697e-08 
2.52e-09 1.66688e-08 
2.54e-09 1.59307e-08 
2.56e-09 1.52506e-08 
2.58e-09 1.46242e-08 
2.6e-09 1.40475e-08 
2.62e-09 1.35165e-08 
2.64e-09 1.3028e-08 
2.66e-09 1.25785e-08 
2.68e-09 1.21651e-08 
2.7e-09 1.17849e-08 
2.72e-09 1.14352e-08 
2.74e-09 1.11137e-08 
2.76e-09 1.08179e-08 
2.78e-09 1.05459e-08 
2.8e-09 1.02956e-08 
2.82e-09 1.00652e-08 
2.84e-09 9.85295e-09 
2.86e-09 9.65742e-09 
2.88e-09 9.47711e-09 
2.9e-09 9.3107e-09 
2.92e-09 9.15697e-09 
2.94e-09 9.01479e-09 
2.96e-09 8.88313e-09 
2.98e-09 8.76104e-09 
3e-09 8.64766e-09 
3.02e-09 8.54217e-09 
3.04e-09 8.44385e-09 
3.06e-09 8.35203e-09 
3.08e-09 8.26609e-09 
3.1e-09 8.18549e-09 
3.12e-09 8.1097e-09 
3.14e-09 8.03827e-09 
3.16e-09 7.97077e-09 
3.18e-09 7.90683e-09 
3.2e-09 7.84609e-09 
3.22e-09 7.78824e-09 
3.24e-09 7.733e-09 
3.26e-09 7.6801e-09 
3.28e-09 7.62932e-09 
3.3e-09 7.58045e-09 
3.32e-09 7.5333e-09 
3.34e-09 7.4877e-09 
3.36e-09 7.44351e-09 
3.38e-09 7.40057e-09 
3.4e-09 7.35878e-09 
3.42e-09 7.31802e-09 
3.44e-09 7.2782e-09 
3.46e-09 7.23924e-09 
3.48e-09 7.20104e-09 
3.5e-09 7.16356e-09 
3.52e-09 7.12672e-09 
3.54e-09 7.09047e-09 
3.56e-09 7.05477e-09 
3.58e-09 7.01957e-09 
3.6e-09 6.98483e-09 
3.62e-09 6.95053e-09 
3.64e-09 6.91664e-09 
3.66e-09 6.88312e-09 
3.68e-09 6.84996e-09 
3.7e-09 6.81714e-09 
3.72e-09 6.78463e-09 
3.74e-09 6.75243e-09 
3.76e-09 6.72053e-09 
3.78e-09 6.6889e-09 
3.8e-09 6.65754e-09 
3.82e-09 6.62645e-09 
3.84e-09 6.5956e-09 
3.86e-09 6.565e-09 
3.88e-09 6.53464e-09 
3.9e-09 6.50452e-09 
3.92e-09 6.47463e-09 
3.94e-09 6.44496e-09 
3.96e-09 6.41551e-09 
3.98e-09 6.38629e-09 
4e-09 6.35728e-09 
4.02e-09 6.32848e-09 
4.04e-09 6.29989e-09 
4.06e-09 6.27152e-09 
4.08e-09 6.24335e-09 
4.1e-09 6.21538e-09 
4.12e-09 6.18762e-09 
4.14e-09 6.16005e-09 
4.16e-09 6.13269e-09 
4.18e-09 6.10553e-09 
4.2e-09 6.07856e-09 
4.22e-09 6.05178e-09 
4.24e-09 6.0252e-09 
4.26e-09 5.99882e-09 
4.28e-09 5.97262e-09 
4.3e-09 5.94661e-09 
4.32e-09 5.9208e-09 
4.34e-09 5.89516e-09 
4.36e-09 5.86972e-09 
4.38e-09 5.84445e-09 
4.4e-09 5.81937e-09 
4.42e-09 5.79447e-09 
4.44e-09 5.76975e-09 
4.46e-09 5.74521e-09 
4.48e-09 5.72085e-09 
4.5e-09 5.69666e-09 
4.52e-09 5.67265e-09 
4.54e-09 5.6488e-09 
4.56e-09 5.62513e-09 
4.58e-09 5.60163e-09 
4.6e-09 5.5783e-09 
4.62e-09 5.55513e-09 
4.64e-09 5.53213e-09 
4.66e-09 5.5093e-09 
4.68e-09 5.48662e-09 
4.7e-09 5.46411e-09 
4.72e-09 5.44176e-09 
4.74e-09 5.41956e-09 
4.76e-09 5.39752e-09 
4.78e-09 5.37564e-09 
4.8e-09 5.35391e-09 
4.82e-09 5.33234e-09 
4.84e-09 5.31091e-09 
4.86e-09 5.28963e-09 
4.88e-09 5.26851e-09 
4.9e-09 5.24753e-09 
4.92e-09 5.22669e-09 
4.94e-09 5.206e-09 
4.96e-09 5.18546e-09 
4.98e-09 5.16505e-09 
5e-09 5.14479e-09 
5.02e-09 5.12466e-09 
5.04e-09 5.10467e-09 
5.06e-09 5.08482e-09 
5.08e-09 5.0651e-09 
5.1e-09 5.04552e-09 
5.12e-09 5.02607e-09 
5.14e-09 5.00675e-09 
5.16e-09 4.98756e-09 
5.18e-09 4.96849e-09 
5.2e-09 4.94956e-09 
5.22e-09 4.93075e-09 
5.24e-09 4.91207e-09 
5.26e-09 4.89351e-09 
5.28e-09 4.87508e-09 
5.3e-09 4.85677e-09 
5.32e-09 4.83857e-09 
5.34e-09 4.8205e-09 
5.36e-09 4.80255e-09 
5.38e-09 4.78471e-09 
5.4e-09 4.76699e-09 
5.42e-09 4.74938e-09 
5.44e-09 4.73189e-09 
5.46e-09 4.71451e-09 
5.48e-09 4.69725e-09 
5.5e-09 4.68009e-09 
5.52e-09 4.66305e-09 
5.54e-09 4.64611e-09 
5.56e-09 4.62928e-09 
5.58e-09 4.61256e-09 
5.6e-09 4.59595e-09 
5.62e-09 4.57944e-09 
5.64e-09 4.56303e-09 
5.66e-09 4.54673e-09 
5.68e-09 4.53053e-09 
5.7e-09 4.51443e-09 
5.72e-09 4.49843e-09 
5.74e-09 4.48253e-09 
5.76e-09 4.46674e-09 
5.78e-09 4.45103e-09 
5.8e-09 4.43543e-09 
5.82e-09 4.41992e-09 
5.84e-09 4.40451e-09 
5.86e-09 4.38919e-09 
5.88e-09 4.37397e-09 
5.9e-09 4.35884e-09 
5.92e-09 4.3438e-09 
5.94e-09 4.32885e-09 
5.96e-09 4.314e-09 
5.98e-09 4.29923e-09 
6e-09 4.28455e-09 
6.02e-09 4.26996e-09 
6.04e-09 4.25546e-09 
6.06e-09 4.24105e-09 
6.08e-09 4.22672e-09 
6.1e-09 4.21248e-09 
6.12e-09 4.19832e-09 
6.14e-09 4.18425e-09 
6.16e-09 4.17026e-09 
6.18e-09 4.15635e-09 
6.2e-09 4.14252e-09 
6.22e-09 4.12878e-09 
6.24e-09 4.11511e-09 
6.26e-09 4.10153e-09 
6.28e-09 4.08803e-09 
6.3e-09 4.0746e-09 
6.32e-09 4.06125e-09 
6.34e-09 4.04798e-09 
6.36e-09 4.03479e-09 
6.38e-09 4.02167e-09 
6.4e-09 4.00863e-09 
6.42e-09 3.99566e-09 
6.44e-09 3.98277e-09 
6.46e-09 3.96995e-09 
6.48e-09 3.95721e-09 
6.5e-09 3.94454e-09 
6.52e-09 3.93194e-09 
6.54e-09 3.91941e-09 
6.56e-09 3.90695e-09 
6.58e-09 3.89456e-09 
6.6e-09 3.88225e-09 
6.62e-09 3.87e-09 
6.64e-09 3.85782e-09 
6.66e-09 3.84571e-09 
6.68e-09 3.83366e-09 
6.7e-09 3.82169e-09 
6.72e-09 3.80978e-09 
6.74e-09 3.79793e-09 
6.76e-09 3.78616e-09 
6.78e-09 3.77444e-09 
6.8e-09 3.7628e-09 
6.82e-09 3.75121e-09 
6.84e-09 3.73969e-09 
6.86e-09 3.72824e-09 
6.88e-09 3.71684e-09 
6.9e-09 3.70551e-09 
6.92e-09 3.69424e-09 
6.94e-09 3.68303e-09 
6.96e-09 3.67188e-09 
6.98e-09 3.6608e-09 
7e-09 3.64977e-09 
7.02e-09 3.6388e-09 
7.04e-09 3.62789e-09 
7.06e-09 3.61704e-09 
7.08e-09 3.60625e-09 
7.1e-09 3.59552e-09 
7.12e-09 3.58484e-09 
7.14e-09 3.57422e-09 
7.16e-09 3.56366e-09 
7.18e-09 3.55315e-09 
7.2e-09 3.5427e-09 
7.22e-09 3.5323e-09 
7.24e-09 3.52196e-09 
7.26e-09 3.51168e-09 
7.28e-09 3.50144e-09 
7.3e-09 3.49126e-09 
7.32e-09 3.48114e-09 
7.34e-09 3.47107e-09 
7.36e-09 3.46105e-09 
7.38e-09 3.45108e-09 
7.4e-09 3.44116e-09 
7.42e-09 3.4313e-09 
7.44e-09 3.42148e-09 
7.46e-09 3.41172e-09 
7.48e-09 3.40201e-09 
7.5e-09 3.39235e-09 
7.52e-09 3.38273e-09 
7.54e-09 3.37317e-09 
7.56e-09 3.36366e-09 
7.58e-09 3.35419e-09 
7.6e-09 3.34477e-09 
7.62e-09 3.3354e-09 
7.64e-09 3.32608e-09 
7.66e-09 3.31681e-09 
7.68e-09 3.30758e-09 
7.7e-09 3.2984e-09 
7.72e-09 3.28926e-09 
7.74e-09 3.28017e-09 
7.76e-09 3.27113e-09 
7.78e-09 3.26213e-09 
7.8e-09 3.25318e-09 
7.82e-09 3.24427e-09 
7.84e-09 3.23541e-09 
7.86e-09 3.22659e-09 
7.88e-09 3.21781e-09 
7.9e-09 3.20908e-09 
7.92e-09 3.20039e-09 
7.94e-09 3.19174e-09 
7.96e-09 3.18314e-09 
7.98e-09 3.17458e-09 
8e-09 3.16606e-09 
8.02e-09 3.15758e-09 
8.04e-09 3.14914e-09 
8.06e-09 3.14075e-09 
8.08e-09 3.13239e-09 
8.1e-09 3.12408e-09 
8.12e-09 3.11581e-09 
8.14e-09 3.10758e-09 
8.16e-09 3.09938e-09 
8.18e-09 3.09123e-09 
8.2e-09 3.08311e-09 
8.22e-09 3.07504e-09 
8.24e-09 3.067e-09 
8.26e-09 3.05901e-09 
8.28e-09 3.05105e-09 
8.3e-09 3.04313e-09 
8.32e-09 3.03524e-09 
8.34e-09 3.0274e-09 
8.36e-09 3.01959e-09 
8.38e-09 3.01182e-09 
8.4e-09 3.00408e-09 
8.42e-09 2.99638e-09 
8.44e-09 2.98872e-09 
8.46e-09 2.98109e-09 
8.48e-09 2.9735e-09 
8.5e-09 2.96595e-09 
8.52e-09 2.95843e-09 
8.54e-09 2.95095e-09 
8.56e-09 2.9435e-09 
8.58e-09 2.93608e-09 
8.6e-09 2.9287e-09 
8.62e-09 2.92136e-09 
8.64e-09 2.91405e-09 
8.66e-09 2.90677e-09 
8.68e-09 2.89953e-09 
8.7e-09 2.89232e-09 
8.72e-09 2.88514e-09 
8.74e-09 2.87799e-09 
8.76e-09 2.87088e-09 
8.78e-09 2.8638e-09 
8.8e-09 2.85676e-09 
8.82e-09 2.84974e-09 
8.84e-09 2.84276e-09 
8.86e-09 2.83581e-09 
8.88e-09 2.82889e-09 
8.9e-09 2.822e-09 
8.92e-09 2.81515e-09 
8.94e-09 2.80832e-09 
8.96e-09 2.80153e-09 
8.98e-09 2.79476e-09 
9e-09 2.78803e-09 
9.02e-09 2.78133e-09 
9.04e-09 2.77465e-09 
9.06e-09 2.76801e-09 
9.08e-09 2.76139e-09 
9.1e-09 2.75481e-09 
9.12e-09 2.74825e-09 
9.14e-09 2.74173e-09 
9.16e-09 2.73523e-09 
9.18e-09 2.72876e-09 
9.2e-09 2.72232e-09 
9.22e-09 2.71591e-09 
9.24e-09 2.70953e-09 
9.26e-09 2.70317e-09 
9.28e-09 2.69685e-09 
9.3e-09 2.69055e-09 
9.32e-09 2.68427e-09 
9.34e-09 2.67803e-09 
9.36e-09 2.67181e-09 
9.38e-09 2.66562e-09 
9.4e-09 2.65946e-09 
9.42e-09 2.65332e-09 
9.44e-09 2.64721e-09 
9.46e-09 2.64113e-09 
9.48e-09 2.63507e-09 
9.5e-09 2.62904e-09 
9.52e-09 2.62303e-09 
9.54e-09 2.61705e-09 
9.56e-09 2.6111e-09 
9.58e-09 2.60517e-09 
9.6e-09 2.59927e-09 
9.62e-09 2.59339e-09 
9.64e-09 2.58754e-09 
9.66e-09 2.58171e-09 
9.68e-09 2.57591e-09 
9.7e-09 2.57013e-09 
9.72e-09 2.56437e-09 
9.74e-09 2.55864e-09 
9.76e-09 2.55294e-09 
9.78e-09 2.54726e-09 
9.8e-09 2.5416e-09 
9.82e-09 2.53596e-09 
9.84e-09 2.53035e-09 
9.86e-09 2.52477e-09 
9.88e-09 2.5192e-09 
9.9e-09 2.51366e-09 
9.92e-09 2.50815e-09 
9.94e-09 2.50265e-09 
9.96e-09 2.49718e-09 
9.98e-09 2.49173e-09 
1e-08 2.4863e-09 
