0 0 
2e-11 7.53e-17 
4e-11 8.28e-17 
6e-11 9.26e-17 
8e-11 6.05e-17 
1e-10 5.85e-17 
1.2e-10 5.75e-17 
1.4e-10 5.98e-17 
1.6e-10 5.8e-17 
1.8e-10 5.92e-17 
2e-10 6e-17 
2.2e-10 5.85e-17 
2.4e-10 2.03e-17 
2.6e-10 2.81e-17 
2.8e-10 2.14e-17 
3e-10 2.36e-17 
3.2e-10 2.3e-17 
3.4e-10 2.25e-17 
3.6e-10 2.36e-17 
3.8e-10 2.54e-17 
4e-10 2.12e-17 
4.2e-10 1.77e-17 
4.4e-10 2.87e-17 
4.6e-10 2.45e-17 
4.8e-10 6.27e-17 
5e-10 5.4e-17 
5.2e-10 5.7e-17 
5.4e-10 5.99e-17 
5.6e-10 6.08e-17 
5.8e-10 5.95e-17 
6e-10 6.15e-17 
6.2e-10 6.34e-17 
6.4e-10 5.67e-17 
6.6e-10 6.26e-17 
6.8e-10 6.12e-17 
7e-10 6.34e-17 
7.2e-10 6e-17 
7.4e-10 6.4e-17 
7.6e-10 6.17e-17 
7.8e-10 6.26e-17 
8e-10 5.91e-17 
8.2e-10 6.02e-17 
8.4e-10 5.94e-17 
8.6e-10 6.49e-17 
8.8e-10 6.23e-17 
9e-10 6.07e-17 
9.2e-10 6.28e-17 
9.4e-10 6.31e-17 
9.6e-10 5.82e-17 
9.8e-10 6.16e-17 
1e-09 -1.01e-17 
1.02e-09 7.97e-17 
1.04e-09 5.83e-17 
1.06e-09 5.87e-17 
1.08e-09 5.84e-17 
1.1e-09 5.68e-17 
1.12e-09 5.77e-17 
1.14e-09 5.67e-17 
1.16e-09 5.98e-17 
1.18e-09 5.88e-17 
1.2e-09 5.87e-17 
1.22e-09 5.8e-17 
1.24e-09 5.82e-17 
1.26e-09 5.89e-17 
1.28e-09 5.77e-17 
1.3e-09 5.67e-17 
1.32e-09 6.02e-17 
1.34e-09 5.8e-17 
1.36e-09 5.76e-17 
1.38e-09 6.03e-17 
1.4e-09 5.7e-17 
1.42e-09 5.91e-17 
1.44e-09 5.96e-17 
1.46e-09 5.69e-17 
1.48e-09 5.82e-17 
1.5e-09 1.285e-16 
1.52e-09 -6.3e-18 
1.54e-09 5.65e-17 
1.56e-09 5.9e-17 
1.58e-09 5.65e-17 
1.6e-09 5.45e-17 
1.62e-09 6.06e-17 
1.64e-09 5.93e-17 
1.66e-09 5.9e-17 
1.68e-09 5.71e-17 
1.7e-09 5.78e-17 
1.72e-09 5.68e-17 
1.74e-09 5.91e-17 
1.76e-09 5.78e-17 
1.78e-09 5.64e-17 
1.8e-09 5.64e-17 
1.82e-09 5.75e-17 
1.84e-09 5.96e-17 
1.86e-09 5.59e-17 
1.88e-09 5.18e-17 
1.9e-09 5.71e-17 
1.92e-09 5.61e-17 
1.94e-09 5.65e-17 
1.96e-09 5.63e-17 
1.98e-09 5.77e-17 
2e-09 8.52044e-08 
2.02e-09 1.88875e-07 
2.04e-09 1.54666e-07 
2.06e-09 1.26742e-07 
2.08e-09 1.05376e-07 
2.1e-09 8.93736e-08 
2.12e-09 7.72618e-08 
2.14e-09 6.78774e-08 
2.16e-09 6.04585e-08 
2.18e-09 5.44065e-08 
2.2e-09 4.93616e-08 
2.22e-09 4.50648e-08 
2.24e-09 4.13386e-08 
2.26e-09 3.80596e-08 
2.28e-09 3.51406e-08 
2.3e-09 3.25185e-08 
2.32e-09 3.01469e-08 
2.34e-09 2.79904e-08 
2.36e-09 2.60217e-08 
2.38e-09 2.4219e-08 
2.4e-09 2.25645e-08 
2.42e-09 2.10433e-08 
2.44e-09 1.96426e-08 
2.46e-09 1.83516e-08 
2.48e-09 1.71606e-08 
2.5e-09 1.60613e-08 
2.52e-09 1.50461e-08 
2.54e-09 1.41083e-08 
2.56e-09 1.32417e-08 
2.58e-09 1.2441e-08 
2.6e-09 1.17009e-08 
2.62e-09 1.10169e-08 
2.64e-09 1.03846e-08 
2.66e-09 9.79999e-09 
2.68e-09 9.25949e-09 
2.7e-09 8.75958e-09 
2.72e-09 8.29705e-09 
2.74e-09 7.86892e-09 
2.76e-09 7.47241e-09 
2.78e-09 7.10495e-09 
2.8e-09 6.76416e-09 
2.82e-09 6.44785e-09 
2.84e-09 6.15398e-09 
2.86e-09 5.8807e-09 
2.88e-09 5.62632e-09 
2.9e-09 5.38926e-09 
2.92e-09 5.16812e-09 
2.94e-09 4.96159e-09 
2.96e-09 4.7685e-09 
2.98e-09 4.58778e-09 
3e-09 4.41843e-09 
3.02e-09 4.25958e-09 
3.04e-09 4.11041e-09 
3.06e-09 3.97018e-09 
3.08e-09 3.83823e-09 
3.1e-09 3.71394e-09 
3.12e-09 3.59675e-09 
3.14e-09 3.48615e-09 
3.16e-09 3.38167e-09 
3.18e-09 3.28288e-09 
3.2e-09 3.18939e-09 
3.22e-09 3.10084e-09 
3.24e-09 3.0169e-09 
3.26e-09 2.93726e-09 
3.28e-09 2.86164e-09 
3.3e-09 2.78979e-09 
3.32e-09 2.72147e-09 
3.34e-09 2.65645e-09 
3.36e-09 2.59453e-09 
3.38e-09 2.53553e-09 
3.4e-09 2.47926e-09 
3.42e-09 2.42556e-09 
3.44e-09 2.37428e-09 
3.46e-09 2.32529e-09 
3.48e-09 2.27844e-09 
3.5e-09 2.23363e-09 
3.52e-09 2.19073e-09 
3.54e-09 2.14964e-09 
3.56e-09 2.11026e-09 
3.58e-09 2.07249e-09 
3.6e-09 2.03625e-09 
3.62e-09 2.00147e-09 
3.64e-09 1.96805e-09 
3.66e-09 1.93594e-09 
3.68e-09 1.90506e-09 
3.7e-09 1.87535e-09 
3.72e-09 1.84676e-09 
3.74e-09 1.81922e-09 
3.76e-09 1.79269e-09 
3.78e-09 1.76711e-09 
3.8e-09 1.74244e-09 
3.82e-09 1.71864e-09 
3.84e-09 1.69566e-09 
3.86e-09 1.67347e-09 
3.88e-09 1.65203e-09 
3.9e-09 1.6313e-09 
3.92e-09 1.61126e-09 
3.94e-09 1.59187e-09 
3.96e-09 1.5731e-09 
3.98e-09 1.55492e-09 
4e-09 1.53731e-09 
4.02e-09 1.52025e-09 
4.04e-09 1.50371e-09 
4.06e-09 1.48766e-09 
4.08e-09 1.4721e-09 
4.1e-09 1.45699e-09 
4.12e-09 1.44232e-09 
4.14e-09 1.42807e-09 
4.16e-09 1.41422e-09 
4.18e-09 1.40076e-09 
4.2e-09 1.38768e-09 
4.22e-09 1.37495e-09 
4.24e-09 1.36256e-09 
4.26e-09 1.35051e-09 
4.28e-09 1.33877e-09 
4.3e-09 1.32734e-09 
4.32e-09 1.3162e-09 
4.34e-09 1.30535e-09 
4.36e-09 1.29477e-09 
4.38e-09 1.28445e-09 
4.4e-09 1.27439e-09 
4.42e-09 1.26457e-09 
4.44e-09 1.25499e-09 
4.46e-09 1.24563e-09 
4.48e-09 1.23649e-09 
4.5e-09 1.22757e-09 
4.52e-09 1.21885e-09 
4.54e-09 1.21033e-09 
4.56e-09 1.20201e-09 
4.58e-09 1.19386e-09 
4.6e-09 1.1859e-09 
4.62e-09 1.17811e-09 
4.64e-09 1.17049e-09 
4.66e-09 1.16303e-09 
4.68e-09 1.15573e-09 
4.7e-09 1.14858e-09 
4.72e-09 1.14158e-09 
4.74e-09 1.13473e-09 
4.76e-09 1.12801e-09 
4.78e-09 1.12142e-09 
4.8e-09 1.11497e-09 
4.82e-09 1.10865e-09 
4.84e-09 1.10245e-09 
4.86e-09 1.09637e-09 
4.88e-09 1.0904e-09 
4.9e-09 1.08455e-09 
4.92e-09 1.07881e-09 
4.94e-09 1.07317e-09 
4.96e-09 1.06764e-09 
4.98e-09 1.06221e-09 
5e-09 1.05688e-09 
5.02e-09 1.05165e-09 
5.04e-09 1.0465e-09 
5.06e-09 1.04145e-09 
5.08e-09 1.03649e-09 
5.1e-09 1.03161e-09 
5.12e-09 1.02682e-09 
5.14e-09 1.02211e-09 
5.16e-09 1.01747e-09 
5.18e-09 1.01292e-09 
5.2e-09 1.00844e-09 
5.22e-09 1.00404e-09 
5.24e-09 9.99709e-10 
5.26e-09 9.95447e-10 
5.28e-09 9.91253e-10 
5.3e-09 9.87126e-10 
5.32e-09 9.83064e-10 
5.34e-09 9.79067e-10 
5.36e-09 9.75131e-10 
5.38e-09 9.71257e-10 
5.4e-09 9.67442e-10 
5.42e-09 9.63685e-10 
5.44e-09 9.59985e-10 
5.46e-09 9.5634e-10 
5.48e-09 9.5275e-10 
5.5e-09 9.49213e-10 
5.52e-09 9.45728e-10 
5.54e-09 9.42293e-10 
5.56e-09 9.38908e-10 
5.58e-09 9.35572e-10 
5.6e-09 9.32284e-10 
5.62e-09 9.29042e-10 
5.64e-09 9.25846e-10 
5.66e-09 9.22694e-10 
5.68e-09 9.19586e-10 
5.7e-09 9.16521e-10 
5.72e-09 9.13498e-10 
5.74e-09 9.10516e-10 
5.76e-09 9.07575e-10 
5.78e-09 9.04672e-10 
5.8e-09 9.01809e-10 
5.82e-09 8.98983e-10 
5.84e-09 8.96195e-10 
5.86e-09 8.93443e-10 
5.88e-09 8.90727e-10 
5.9e-09 8.88045e-10 
5.92e-09 8.85399e-10 
5.94e-09 8.82786e-10 
5.96e-09 8.80206e-10 
5.98e-09 8.77658e-10 
6e-09 8.75143e-10 
6.02e-09 8.72659e-10 
6.04e-09 8.70205e-10 
6.06e-09 8.67782e-10 
6.08e-09 8.65388e-10 
6.1e-09 8.63023e-10 
6.12e-09 8.60687e-10 
6.14e-09 8.58379e-10 
6.16e-09 8.56099e-10 
6.18e-09 8.53845e-10 
6.2e-09 8.51618e-10 
6.22e-09 8.49418e-10 
6.24e-09 8.47243e-10 
6.26e-09 8.45093e-10 
6.28e-09 8.42968e-10 
6.3e-09 8.40867e-10 
6.32e-09 8.38791e-10 
6.34e-09 8.36737e-10 
6.36e-09 8.34708e-10 
6.38e-09 8.327e-10 
6.4e-09 8.30716e-10 
6.42e-09 8.28753e-10 
6.44e-09 8.26812e-10 
6.46e-09 8.24893e-10 
6.48e-09 8.22994e-10 
6.5e-09 8.21116e-10 
6.52e-09 8.19258e-10 
6.54e-09 8.17421e-10 
6.56e-09 8.15603e-10 
6.58e-09 8.13804e-10 
6.6e-09 8.12025e-10 
6.62e-09 8.10264e-10 
6.64e-09 8.08522e-10 
6.66e-09 8.06798e-10 
6.68e-09 8.05092e-10 
6.7e-09 8.03404e-10 
6.72e-09 8.01733e-10 
6.74e-09 8.00079e-10 
6.76e-09 7.98442e-10 
6.78e-09 7.96822e-10 
6.8e-09 7.95218e-10 
6.82e-09 7.9363e-10 
6.84e-09 7.92058e-10 
6.86e-09 7.90502e-10 
6.88e-09 7.88961e-10 
6.9e-09 7.87435e-10 
6.92e-09 7.85925e-10 
6.94e-09 7.84429e-10 
6.96e-09 7.82948e-10 
6.98e-09 7.81481e-10 
7e-09 7.80028e-10 
7.02e-09 7.7859e-10 
7.04e-09 7.77165e-10 
7.06e-09 7.75753e-10 
7.08e-09 7.74355e-10 
7.1e-09 7.7297e-10 
7.12e-09 7.71599e-10 
7.14e-09 7.7024e-10 
7.16e-09 7.68894e-10 
7.18e-09 7.6756e-10 
7.2e-09 7.66238e-10 
7.22e-09 7.64929e-10 
7.24e-09 7.63632e-10 
7.26e-09 7.62347e-10 
7.28e-09 7.61073e-10 
7.3e-09 7.59811e-10 
7.32e-09 7.5856e-10 
7.34e-09 7.57321e-10 
7.36e-09 7.56092e-10 
7.38e-09 7.54875e-10 
7.4e-09 7.53668e-10 
7.42e-09 7.52472e-10 
7.44e-09 7.51287e-10 
7.46e-09 7.50112e-10 
7.48e-09 7.48947e-10 
7.5e-09 7.47793e-10 
7.52e-09 7.46648e-10 
7.54e-09 7.45513e-10 
7.56e-09 7.44389e-10 
7.58e-09 7.43273e-10 
7.6e-09 7.42168e-10 
7.62e-09 7.41071e-10 
7.64e-09 7.39984e-10 
7.66e-09 7.38906e-10 
7.68e-09 7.37838e-10 
7.7e-09 7.36778e-10 
7.72e-09 7.35727e-10 
7.74e-09 7.34685e-10 
7.76e-09 7.33651e-10 
7.78e-09 7.32626e-10 
7.8e-09 7.3161e-10 
7.82e-09 7.30602e-10 
7.84e-09 7.29602e-10 
7.86e-09 7.2861e-10 
7.88e-09 7.27626e-10 
7.9e-09 7.2665e-10 
7.92e-09 7.25682e-10 
7.94e-09 7.24722e-10 
7.96e-09 7.2377e-10 
7.98e-09 7.22825e-10 
8e-09 7.21888e-10 
8.02e-09 7.20958e-10 
8.04e-09 7.20035e-10 
8.06e-09 7.1912e-10 
8.08e-09 7.18212e-10 
8.1e-09 7.17311e-10 
8.12e-09 7.16417e-10 
8.14e-09 7.1553e-10 
8.16e-09 7.1465e-10 
8.18e-09 7.13777e-10 
8.2e-09 7.1291e-10 
8.22e-09 7.1205e-10 
8.24e-09 7.11197e-10 
8.26e-09 7.1035e-10 
8.28e-09 7.09509e-10 
8.3e-09 7.08675e-10 
8.32e-09 7.07847e-10 
8.34e-09 7.07026e-10 
8.36e-09 7.0621e-10 
8.38e-09 7.05401e-10 
8.4e-09 7.04598e-10 
8.42e-09 7.038e-10 
8.44e-09 7.03009e-10 
8.46e-09 7.02223e-10 
8.48e-09 7.01444e-10 
8.5e-09 7.0067e-10 
8.52e-09 6.99901e-10 
8.54e-09 6.99138e-10 
8.56e-09 6.98381e-10 
8.58e-09 6.9763e-10 
8.6e-09 6.96883e-10 
8.62e-09 6.96142e-10 
8.64e-09 6.95407e-10 
8.66e-09 6.94676e-10 
8.68e-09 6.93951e-10 
8.7e-09 6.93231e-10 
8.72e-09 6.92517e-10 
8.74e-09 6.91807e-10 
8.76e-09 6.91102e-10 
8.78e-09 6.90403e-10 
8.8e-09 6.89708e-10 
8.82e-09 6.89018e-10 
8.84e-09 6.88333e-10 
8.86e-09 6.87652e-10 
8.88e-09 6.86977e-10 
8.9e-09 6.86306e-10 
8.92e-09 6.85639e-10 
8.94e-09 6.84978e-10 
8.96e-09 6.8432e-10 
8.98e-09 6.83668e-10 
9e-09 6.8302e-10 
9.02e-09 6.82376e-10 
9.04e-09 6.81736e-10 
9.06e-09 6.81101e-10 
9.08e-09 6.8047e-10 
9.1e-09 6.79844e-10 
9.12e-09 6.79222e-10 
9.14e-09 6.78603e-10 
9.16e-09 6.77989e-10 
9.18e-09 6.77379e-10 
9.2e-09 6.76774e-10 
9.22e-09 6.76172e-10 
9.24e-09 6.75574e-10 
9.26e-09 6.7498e-10 
9.28e-09 6.7439e-10 
9.3e-09 6.73804e-10 
9.32e-09 6.73222e-10 
9.34e-09 6.72643e-10 
9.36e-09 6.72068e-10 
9.38e-09 6.71497e-10 
9.4e-09 6.7093e-10 
9.42e-09 6.70367e-10 
9.44e-09 6.69807e-10 
9.46e-09 6.6925e-10 
9.48e-09 6.68698e-10 
9.5e-09 6.68148e-10 
9.52e-09 6.67603e-10 
9.54e-09 6.6706e-10 
9.56e-09 6.66521e-10 
9.58e-09 6.65986e-10 
9.6e-09 6.65454e-10 
9.62e-09 6.64925e-10 
9.64e-09 6.644e-10 
9.66e-09 6.63878e-10 
9.68e-09 6.63359e-10 
9.7e-09 6.62844e-10 
9.72e-09 6.62332e-10 
9.74e-09 6.61823e-10 
9.76e-09 6.61317e-10 
9.78e-09 6.60814e-10 
9.8e-09 6.60314e-10 
9.82e-09 6.59818e-10 
9.84e-09 6.59324e-10 
9.86e-09 6.58833e-10 
9.88e-09 6.58346e-10 
9.9e-09 6.57861e-10 
9.92e-09 6.5738e-10 
9.94e-09 6.56901e-10 
9.96e-09 6.56425e-10 
9.98e-09 6.55952e-10 
1e-08 6.55482e-10 
