0 0 
1e-10 4.94e-17 
2e-10 1.25e-17 
3e-10 -2e-19 
4e-10 2.54e-17 
5e-10 1.21e-17 
6e-10 3.3e-17 
7e-10 2.57e-17 
8e-10 2.53e-17 
9e-10 2.49e-17 
1e-09 1.35e-17 
1.1e-09 3.25e-17 
1.2e-09 1.24e-17 
1.3e-09 1.25e-17 
1.4e-09 1.22e-17 
1.5e-09 1.19e-17 
1.6e-09 1.23e-17 
1.7e-09 1.23e-17 
1.8e-09 1.2e-17 
1.9e-09 1.2e-17 
2e-09 9.36565e-08 
2.1e-09 9.46134e-08 
2.2e-09 5.22048e-08 
2.3e-09 3.43094e-08 
2.4e-09 2.37179e-08 
2.5e-09 1.67945e-08 
2.6e-09 1.21749e-08 
2.7e-09 9.06799e-09 
2.8e-09 6.97108e-09 
2.9e-09 5.53893e-09 
3e-09 4.5371e-09 
3.1e-09 3.81513e-09 
3.2e-09 3.28024e-09 
3.3e-09 2.87455e-09 
3.4e-09 2.56065e-09 
3.5e-09 2.31346e-09 
3.6e-09 2.11563e-09 
3.7e-09 1.95493e-09 
3.8e-09 1.82259e-09 
3.9e-09 1.71221e-09 
4e-09 1.61908e-09 
4.1e-09 1.53964e-09 
4.2e-09 1.47121e-09 
4.3e-09 1.41175e-09 
4.4e-09 1.35964e-09 
4.5e-09 1.31364e-09 
4.6e-09 1.27277e-09 
4.7e-09 1.23623e-09 
4.8e-09 1.20337e-09 
4.9e-09 1.17369e-09 
5e-09 1.14674e-09 
5.1e-09 1.12217e-09 
5.2e-09 1.09969e-09 
5.3e-09 1.07905e-09 
5.4e-09 1.06002e-09 
5.5e-09 1.04244e-09 
5.6e-09 1.02615e-09 
5.7e-09 1.01101e-09 
5.8e-09 9.969e-10 
5.9e-09 9.83728e-10 
6e-09 9.71403e-10 
6.1e-09 9.59846e-10 
6.2e-09 9.48989e-10 
6.3e-09 9.38772e-10 
6.4e-09 9.29141e-10 
6.5e-09 9.20047e-10 
6.6e-09 9.11448e-10 
6.7e-09 9.03304e-10 
6.8e-09 8.95582e-10 
6.9e-09 8.8825e-10 
7e-09 8.81279e-10 
7.1e-09 8.74644e-10 
7.2e-09 8.68322e-10 
7.3e-09 8.62291e-10 
7.4e-09 8.56532e-10 
7.5e-09 8.51028e-10 
7.6e-09 8.45761e-10 
7.7e-09 8.40717e-10 
7.8e-09 8.35883e-10 
7.9e-09 8.31245e-10 
8e-09 8.26793e-10 
8.1e-09 8.22514e-10 
8.2e-09 8.184e-10 
8.3e-09 8.14441e-10 
8.4e-09 8.10628e-10 
8.5e-09 8.06954e-10 
8.6e-09 8.0341e-10 
8.7e-09 7.99991e-10 
8.8e-09 7.96689e-10 
8.9e-09 7.93498e-10 
9e-09 7.90414e-10 
9.1e-09 7.8743e-10 
9.2e-09 7.84541e-10 
9.3e-09 7.81744e-10 
9.4e-09 7.79033e-10 
9.5e-09 7.76405e-10 
9.6e-09 7.73855e-10 
9.7e-09 7.71381e-10 
9.8e-09 7.68978e-10 
9.9e-09 7.66643e-10 
1e-08 7.64374e-10 
1.01e-08 7.62167e-10 
1.02e-08 7.6002e-10 
1.03e-08 7.5793e-10 
1.04e-08 7.55895e-10 
1.05e-08 7.53912e-10 
1.06e-08 7.51979e-10 
1.07e-08 7.50095e-10 
1.08e-08 7.48257e-10 
1.09e-08 7.46463e-10 
1.1e-08 7.44711e-10 
1.11e-08 7.43e-10 
1.12e-08 7.41329e-10 
1.13e-08 7.39695e-10 
1.14e-08 7.38098e-10 
1.15e-08 7.36535e-10 
1.16e-08 7.35006e-10 
1.17e-08 7.33509e-10 
1.18e-08 7.32043e-10 
1.19e-08 7.30607e-10 
1.2e-08 7.292e-10 
1.21e-08 7.27821e-10 
1.22e-08 7.26468e-10 
1.23e-08 7.25141e-10 
1.24e-08 7.23839e-10 
1.25e-08 7.22561e-10 
1.26e-08 7.21306e-10 
1.27e-08 7.20073e-10 
1.28e-08 7.18862e-10 
1.29e-08 7.17672e-10 
1.3e-08 7.16502e-10 
1.31e-08 7.15351e-10 
1.32e-08 7.14219e-10 
1.33e-08 7.13105e-10 
1.34e-08 7.12009e-10 
1.35e-08 7.10929e-10 
1.36e-08 7.09866e-10 
1.37e-08 7.08818e-10 
1.38e-08 7.07786e-10 
1.39e-08 7.06769e-10 
1.4e-08 7.05766e-10 
1.41e-08 7.04777e-10 
1.42e-08 7.03802e-10 
1.43e-08 7.02839e-10 
1.44e-08 7.01889e-10 
1.45e-08 7.00951e-10 
1.46e-08 7.00025e-10 
1.47e-08 6.9911e-10 
1.48e-08 6.98207e-10 
1.49e-08 6.97314e-10 
1.5e-08 6.96431e-10 
1.51e-08 6.95559e-10 
1.52e-08 6.94696e-10 
1.53e-08 6.93843e-10 
1.54e-08 6.92999e-10 
1.55e-08 6.92164e-10 
1.56e-08 6.91338e-10 
1.57e-08 6.9052e-10 
1.58e-08 6.8971e-10 
1.59e-08 6.88908e-10 
1.6e-08 6.88113e-10 
1.61e-08 6.87326e-10 
1.62e-08 6.86547e-10 
1.63e-08 6.85774e-10 
1.64e-08 6.85008e-10 
1.65e-08 6.84248e-10 
1.66e-08 6.83495e-10 
1.67e-08 6.82749e-10 
1.68e-08 6.82008e-10 
1.69e-08 6.81273e-10 
1.7e-08 6.80543e-10 
1.71e-08 6.7982e-10 
1.72e-08 6.79101e-10 
1.73e-08 6.78388e-10 
1.74e-08 6.7768e-10 
1.75e-08 6.76977e-10 
1.76e-08 6.76279e-10 
1.77e-08 6.75585e-10 
1.78e-08 6.74896e-10 
1.79e-08 6.74211e-10 
1.8e-08 6.7353e-10 
1.81e-08 6.72854e-10 
1.82e-08 6.72181e-10 
1.83e-08 6.71513e-10 
1.84e-08 6.70848e-10 
1.85e-08 6.70187e-10 
1.86e-08 6.6953e-10 
1.87e-08 6.68876e-10 
1.88e-08 6.68226e-10 
1.89e-08 6.67579e-10 
1.9e-08 6.66935e-10 
1.91e-08 6.66294e-10 
1.92e-08 6.65657e-10 
1.93e-08 6.65022e-10 
1.94e-08 6.64391e-10 
1.95e-08 6.63762e-10 
1.96e-08 6.63136e-10 
1.97e-08 6.62512e-10 
1.98e-08 6.61891e-10 
1.99e-08 6.61273e-10 
2e-08 6.60657e-10 
2.01e-08 6.60044e-10 
2.02e-08 6.59433e-10 
2.03e-08 6.58824e-10 
2.04e-08 6.58218e-10 
2.05e-08 6.57613e-10 
2.06e-08 6.57011e-10 
2.07e-08 6.56411e-10 
2.08e-08 6.55813e-10 
2.09e-08 6.55217e-10 
2.1e-08 6.54623e-10 
2.11e-08 6.5403e-10 
2.12e-08 6.5344e-10 
2.13e-08 6.52851e-10 
2.14e-08 6.52264e-10 
2.15e-08 6.51679e-10 
2.16e-08 6.51095e-10 
2.17e-08 6.50513e-10 
2.18e-08 6.49933e-10 
2.19e-08 6.49354e-10 
2.2e-08 6.48777e-10 
2.21e-08 6.48201e-10 
2.22e-08 6.47627e-10 
2.23e-08 6.47054e-10 
2.24e-08 6.46482e-10 
2.25e-08 6.45912e-10 
2.26e-08 6.45343e-10 
2.27e-08 6.44775e-10 
2.28e-08 6.44209e-10 
2.29e-08 6.43644e-10 
2.3e-08 6.4308e-10 
2.31e-08 6.42517e-10 
2.32e-08 6.41956e-10 
2.33e-08 6.41395e-10 
2.34e-08 6.40836e-10 
2.35e-08 6.40278e-10 
2.36e-08 6.3972e-10 
2.37e-08 6.39164e-10 
2.38e-08 6.38609e-10 
2.39e-08 6.38055e-10 
2.4e-08 6.37502e-10 
2.41e-08 6.3695e-10 
2.42e-08 6.36399e-10 
2.43e-08 6.35849e-10 
2.44e-08 6.35299e-10 
2.45e-08 6.34751e-10 
2.46e-08 6.34203e-10 
2.47e-08 6.33657e-10 
2.48e-08 6.33111e-10 
2.49e-08 6.32566e-10 
2.5e-08 6.32022e-10 
2.51e-08 6.31479e-10 
2.52e-08 6.30936e-10 
2.53e-08 6.30395e-10 
2.54e-08 6.29854e-10 
2.55e-08 6.29314e-10 
2.56e-08 6.28774e-10 
2.57e-08 6.28236e-10 
2.58e-08 6.27698e-10 
2.59e-08 6.27161e-10 
2.6e-08 6.26625e-10 
2.61e-08 6.26089e-10 
2.62e-08 6.25554e-10 
2.63e-08 6.2502e-10 
2.64e-08 6.24486e-10 
2.65e-08 6.23953e-10 
2.66e-08 6.23421e-10 
2.67e-08 6.22889e-10 
2.68e-08 6.22358e-10 
2.69e-08 6.21828e-10 
2.7e-08 6.21298e-10 
2.71e-08 6.20769e-10 
2.72e-08 6.20241e-10 
2.73e-08 6.19713e-10 
2.74e-08 6.19186e-10 
2.75e-08 6.1866e-10 
2.76e-08 6.18134e-10 
2.77e-08 6.17608e-10 
2.78e-08 6.17083e-10 
2.79e-08 6.16559e-10 
2.8e-08 6.16036e-10 
2.81e-08 6.15513e-10 
2.82e-08 6.1499e-10 
2.83e-08 6.14469e-10 
2.84e-08 6.13947e-10 
2.85e-08 6.13427e-10 
2.86e-08 6.12906e-10 
2.87e-08 6.12387e-10 
2.88e-08 6.11868e-10 
2.89e-08 6.11349e-10 
2.9e-08 6.10832e-10 
2.91e-08 6.10314e-10 
2.92e-08 6.09797e-10 
2.93e-08 6.09281e-10 
2.94e-08 6.08765e-10 
2.95e-08 6.0825e-10 
2.96e-08 6.07735e-10 
2.97e-08 6.07221e-10 
2.98e-08 6.06708e-10 
2.99e-08 6.06195e-10 
3e-08 6.05682e-10 
3.01e-08 6.0517e-10 
3.02e-08 6.04659e-10 
3.03e-08 6.04148e-10 
3.04e-08 6.03637e-10 
3.05e-08 6.03127e-10 
3.06e-08 6.02618e-10 
3.07e-08 6.02109e-10 
3.08e-08 6.01601e-10 
3.09e-08 6.01093e-10 
3.1e-08 6.00586e-10 
3.11e-08 6.00079e-10 
3.12e-08 5.99572e-10 
3.13e-08 5.99067e-10 
3.14e-08 5.98561e-10 
3.15e-08 5.98057e-10 
3.16e-08 5.97552e-10 
3.17e-08 5.97049e-10 
3.18e-08 5.96545e-10 
3.19e-08 5.96043e-10 
3.2e-08 5.9554e-10 
3.21e-08 5.95039e-10 
3.22e-08 5.94538e-10 
3.23e-08 5.94037e-10 
3.24e-08 5.93537e-10 
3.25e-08 5.93037e-10 
3.26e-08 5.92538e-10 
3.27e-08 5.92039e-10 
3.28e-08 5.91541e-10 
3.29e-08 5.91044e-10 
3.3e-08 5.90547e-10 
3.31e-08 5.9005e-10 
3.32e-08 5.89554e-10 
3.33e-08 5.89058e-10 
3.34e-08 5.88563e-10 
3.35e-08 5.88069e-10 
3.36e-08 5.87575e-10 
3.37e-08 5.87081e-10 
3.38e-08 5.86588e-10 
3.39e-08 5.86096e-10 
3.4e-08 5.85604e-10 
3.41e-08 5.85112e-10 
3.42e-08 5.84621e-10 
3.43e-08 5.84131e-10 
3.44e-08 5.83641e-10 
3.45e-08 5.83152e-10 
3.46e-08 5.82663e-10 
3.47e-08 5.82175e-10 
3.48e-08 5.81687e-10 
3.49e-08 5.81199e-10 
3.5e-08 5.80713e-10 
3.51e-08 5.80226e-10 
3.52e-08 5.7974e-10 
3.53e-08 5.79255e-10 
3.54e-08 5.78771e-10 
3.55e-08 5.78286e-10 
3.56e-08 5.77803e-10 
3.57e-08 5.7732e-10 
3.58e-08 5.76837e-10 
3.59e-08 5.76355e-10 
3.6e-08 5.75873e-10 
3.61e-08 5.75392e-10 
3.62e-08 5.74912e-10 
3.63e-08 5.74432e-10 
3.64e-08 5.73952e-10 
3.65e-08 5.73473e-10 
3.66e-08 5.72995e-10 
3.67e-08 5.72517e-10 
3.68e-08 5.7204e-10 
3.69e-08 5.71563e-10 
3.7e-08 5.71086e-10 
3.71e-08 5.70611e-10 
3.72e-08 5.70136e-10 
3.73e-08 5.69661e-10 
3.74e-08 5.69187e-10 
3.75e-08 5.68713e-10 
3.76e-08 5.6824e-10 
3.77e-08 5.67767e-10 
3.78e-08 5.67295e-10 
3.79e-08 5.66824e-10 
3.8e-08 5.66353e-10 
3.81e-08 5.65883e-10 
3.82e-08 5.65413e-10 
3.83e-08 5.64943e-10 
3.84e-08 5.64475e-10 
3.85e-08 5.64006e-10 
3.86e-08 5.63539e-10 
3.87e-08 5.63072e-10 
3.88e-08 5.62605e-10 
3.89e-08 5.62139e-10 
3.9e-08 5.61673e-10 
3.91e-08 5.61208e-10 
3.92e-08 5.60744e-10 
3.93e-08 5.6028e-10 
3.94e-08 5.59817e-10 
3.95e-08 5.59354e-10 
3.96e-08 5.58892e-10 
3.97e-08 5.5843e-10 
3.98e-08 5.57969e-10 
3.99e-08 5.57508e-10 
4e-08 5.57048e-10 
4.01e-08 5.56589e-10 
4.02e-08 5.5613e-10 
4.03e-08 5.55672e-10 
4.04e-08 5.55214e-10 
4.05e-08 5.54757e-10 
4.06e-08 5.543e-10 
4.07e-08 5.53844e-10 
4.08e-08 5.53388e-10 
4.09e-08 5.52933e-10 
4.1e-08 5.52478e-10 
4.11e-08 5.52025e-10 
4.12e-08 5.51571e-10 
4.13e-08 5.51118e-10 
4.14e-08 5.50666e-10 
4.15e-08 5.50214e-10 
4.16e-08 5.49763e-10 
4.17e-08 5.49313e-10 
4.18e-08 5.48863e-10 
4.19e-08 5.48413e-10 
4.2e-08 5.47964e-10 
4.21e-08 5.47516e-10 
4.22e-08 5.47068e-10 
4.23e-08 5.46621e-10 
4.24e-08 5.46174e-10 
4.25e-08 5.45728e-10 
4.26e-08 5.45282e-10 
4.27e-08 5.44837e-10 
4.28e-08 5.44393e-10 
4.29e-08 5.43949e-10 
4.3e-08 5.43506e-10 
4.31e-08 5.43063e-10 
4.32e-08 5.42621e-10 
4.33e-08 5.42179e-10 
4.34e-08 5.41738e-10 
4.35e-08 5.41298e-10 
4.36e-08 5.40858e-10 
4.37e-08 5.40418e-10 
4.38e-08 5.39979e-10 
4.39e-08 5.39541e-10 
4.4e-08 5.39104e-10 
4.41e-08 5.38666e-10 
4.42e-08 5.3823e-10 
4.43e-08 5.37794e-10 
4.44e-08 5.37359e-10 
4.45e-08 5.36924e-10 
4.46e-08 5.36489e-10 
4.47e-08 5.36056e-10 
4.48e-08 5.35623e-10 
4.49e-08 5.3519e-10 
4.5e-08 5.34758e-10 
4.51e-08 5.34327e-10 
4.52e-08 5.33896e-10 
4.53e-08 5.33465e-10 
4.54e-08 5.33036e-10 
4.55e-08 5.32606e-10 
4.56e-08 5.32178e-10 
4.57e-08 5.3175e-10 
4.58e-08 5.31322e-10 
4.59e-08 5.30895e-10 
4.6e-08 5.30469e-10 
4.61e-08 5.30043e-10 
4.62e-08 5.29618e-10 
4.63e-08 5.29193e-10 
4.64e-08 5.28769e-10 
4.65e-08 5.28346e-10 
4.66e-08 5.27923e-10 
4.67e-08 5.275e-10 
4.68e-08 5.27078e-10 
4.69e-08 5.26657e-10 
4.7e-08 5.26237e-10 
4.71e-08 5.25816e-10 
4.72e-08 5.25397e-10 
4.73e-08 5.24978e-10 
4.74e-08 5.24559e-10 
4.75e-08 5.24142e-10 
4.76e-08 5.23724e-10 
4.77e-08 5.23308e-10 
4.78e-08 5.22891e-10 
4.79e-08 5.22476e-10 
4.8e-08 5.22061e-10 
4.81e-08 5.21646e-10 
4.82e-08 5.21232e-10 
4.83e-08 5.20819e-10 
4.84e-08 5.20406e-10 
4.85e-08 5.19994e-10 
4.86e-08 5.19582e-10 
4.87e-08 5.19171e-10 
4.88e-08 5.18761e-10 
4.89e-08 5.18351e-10 
4.9e-08 5.17941e-10 
4.91e-08 5.17533e-10 
4.92e-08 5.17124e-10 
4.93e-08 5.16717e-10 
4.94e-08 5.16309e-10 
4.95e-08 5.15903e-10 
4.96e-08 5.15497e-10 
4.97e-08 5.15091e-10 
4.98e-08 5.14687e-10 
4.99e-08 5.14282e-10 
5e-08 5.13878e-10 
