0 0 
1e-10 -2.05e-17 
2e-10 7.6e-18 
3e-10 -5e-18 
4e-10 2.05e-17 
5e-10 6.7e-18 
6e-10 2.94e-17 
7e-10 2.13e-17 
8e-10 2.05e-17 
9e-10 2.08e-17 
1e-09 9.6e-18 
1.1e-09 2.91e-17 
1.2e-09 7.3e-18 
1.3e-09 6.8e-18 
1.4e-09 6.2e-18 
1.5e-09 7.5e-18 
1.6e-09 6.9e-18 
1.7e-09 8.6e-18 
1.8e-09 7.2e-18 
1.9e-09 7.6e-18 
2e-09 8.59641e-08 
2.1e-09 8.90025e-08 
2.2e-09 4.92031e-08 
2.3e-09 3.24323e-08 
2.4e-09 2.25174e-08 
2.5e-09 1.60185e-08 
2.6e-09 1.16725e-08 
2.7e-09 8.7426e-09 
2.8e-09 6.75702e-09 
2.9e-09 5.3916e-09 
3e-09 4.42852e-09 
3.1e-09 3.72894e-09 
3.2e-09 3.20671e-09 
3.3e-09 2.80777e-09 
3.4e-09 2.497e-09 
3.5e-09 2.25073e-09 
3.6e-09 2.05254e-09 
3.7e-09 1.89075e-09 
3.8e-09 1.75697e-09 
3.9e-09 1.64499e-09 
4e-09 1.55021e-09 
4.1e-09 1.46915e-09 
4.2e-09 1.39916e-09 
4.3e-09 1.33818e-09 
4.4e-09 1.28464e-09 
4.5e-09 1.23727e-09 
4.6e-09 1.19509e-09 
4.7e-09 1.15729e-09 
4.8e-09 1.12323e-09 
4.9e-09 1.09239e-09 
5e-09 1.06432e-09 
5.1e-09 1.03868e-09 
5.2e-09 1.01516e-09 
5.3e-09 9.93497e-10 
5.4e-09 9.73497e-10 
5.5e-09 9.5497e-10 
5.6e-09 9.37757e-10 
5.7e-09 9.21725e-10 
5.8e-09 9.06757e-10 
5.9e-09 8.9275e-10 
6e-09 8.79615e-10 
6.1e-09 8.67274e-10 
6.2e-09 8.55657e-10 
6.3e-09 8.44704e-10 
6.4e-09 8.34359e-10 
6.5e-09 8.24574e-10 
6.6e-09 8.15306e-10 
6.7e-09 8.06515e-10 
6.8e-09 7.98166e-10 
6.9e-09 7.90228e-10 
7e-09 7.82671e-10 
7.1e-09 7.75469e-10 
7.2e-09 7.68599e-10 
7.3e-09 7.62038e-10 
7.4e-09 7.55768e-10 
7.5e-09 7.49769e-10 
7.6e-09 7.44026e-10 
7.7e-09 7.38522e-10 
7.8e-09 7.33244e-10 
7.9e-09 7.28179e-10 
8e-09 7.23314e-10 
8.1e-09 7.18639e-10 
8.2e-09 7.14143e-10 
8.3e-09 7.09817e-10 
8.4e-09 7.05651e-10 
8.5e-09 7.01638e-10 
8.6e-09 6.97769e-10 
8.7e-09 6.94038e-10 
8.8e-09 6.90438e-10 
8.9e-09 6.86962e-10 
9e-09 6.83605e-10 
9.1e-09 6.8036e-10 
9.2e-09 6.77224e-10 
9.3e-09 6.7419e-10 
9.4e-09 6.71254e-10 
9.5e-09 6.68413e-10 
9.6e-09 6.65661e-10 
9.7e-09 6.62995e-10 
9.8e-09 6.60412e-10 
9.9e-09 6.57908e-10 
1e-08 6.55479e-10 
1.01e-08 6.53123e-10 
1.02e-08 6.50836e-10 
1.03e-08 6.48617e-10 
1.04e-08 6.46461e-10 
1.05e-08 6.44368e-10 
1.06e-08 6.42334e-10 
1.07e-08 6.40357e-10 
1.08e-08 6.38435e-10 
1.09e-08 6.36566e-10 
1.1e-08 6.34748e-10 
1.11e-08 6.3298e-10 
1.12e-08 6.31258e-10 
1.13e-08 6.29583e-10 
1.14e-08 6.27951e-10 
1.15e-08 6.26363e-10 
1.16e-08 6.24815e-10 
1.17e-08 6.23307e-10 
1.18e-08 6.21837e-10 
1.19e-08 6.20404e-10 
1.2e-08 6.19007e-10 
1.21e-08 6.17645e-10 
1.22e-08 6.16316e-10 
1.23e-08 6.15019e-10 
1.24e-08 6.13754e-10 
1.25e-08 6.12519e-10 
1.26e-08 6.11314e-10 
1.27e-08 6.10136e-10 
1.28e-08 6.08987e-10 
1.29e-08 6.07863e-10 
1.3e-08 6.06766e-10 
1.31e-08 6.05694e-10 
1.32e-08 6.04646e-10 
1.33e-08 6.03621e-10 
1.34e-08 6.02619e-10 
1.35e-08 6.01639e-10 
1.36e-08 6.00681e-10 
1.37e-08 5.99743e-10 
1.38e-08 5.98826e-10 
1.39e-08 5.97928e-10 
1.4e-08 5.97048e-10 
1.41e-08 5.96188e-10 
1.42e-08 5.95345e-10 
1.43e-08 5.94519e-10 
1.44e-08 5.93711e-10 
1.45e-08 5.92918e-10 
1.46e-08 5.92142e-10 
1.47e-08 5.91381e-10 
1.48e-08 5.90635e-10 
1.49e-08 5.89903e-10 
1.5e-08 5.89186e-10 
1.51e-08 5.88482e-10 
1.52e-08 5.87791e-10 
1.53e-08 5.87114e-10 
1.54e-08 5.86449e-10 
1.55e-08 5.85796e-10 
1.56e-08 5.85155e-10 
1.57e-08 5.84526e-10 
1.58e-08 5.83907e-10 
1.59e-08 5.833e-10 
1.6e-08 5.82703e-10 
1.61e-08 5.82117e-10 
1.62e-08 5.81541e-10 
1.63e-08 5.80974e-10 
1.64e-08 5.80417e-10 
1.65e-08 5.79869e-10 
1.66e-08 5.7933e-10 
1.67e-08 5.78799e-10 
1.68e-08 5.78277e-10 
1.69e-08 5.77764e-10 
1.7e-08 5.77258e-10 
1.71e-08 5.7676e-10 
1.72e-08 5.76269e-10 
1.73e-08 5.75786e-10 
1.74e-08 5.7531e-10 
1.75e-08 5.74841e-10 
1.76e-08 5.74379e-10 
1.77e-08 5.73923e-10 
1.78e-08 5.73474e-10 
1.79e-08 5.73031e-10 
1.8e-08 5.72593e-10 
1.81e-08 5.72162e-10 
1.82e-08 5.71736e-10 
1.83e-08 5.71316e-10 
1.84e-08 5.70902e-10 
1.85e-08 5.70492e-10 
1.86e-08 5.70088e-10 
1.87e-08 5.69688e-10 
1.88e-08 5.69293e-10 
1.89e-08 5.68903e-10 
1.9e-08 5.68518e-10 
1.91e-08 5.68137e-10 
1.92e-08 5.6776e-10 
1.93e-08 5.67387e-10 
1.94e-08 5.67019e-10 
1.95e-08 5.66654e-10 
1.96e-08 5.66293e-10 
1.97e-08 5.65936e-10 
1.98e-08 5.65582e-10 
1.99e-08 5.65232e-10 
2e-08 5.64885e-10 
2.01e-08 5.64542e-10 
2.02e-08 5.64202e-10 
2.03e-08 5.63865e-10 
2.04e-08 5.6353e-10 
2.05e-08 5.63199e-10 
2.06e-08 5.62871e-10 
2.07e-08 5.62545e-10 
2.08e-08 5.62222e-10 
2.09e-08 5.61902e-10 
2.1e-08 5.61584e-10 
2.11e-08 5.61268e-10 
2.12e-08 5.60955e-10 
2.13e-08 5.60644e-10 
2.14e-08 5.60336e-10 
2.15e-08 5.60029e-10 
2.16e-08 5.59725e-10 
2.17e-08 5.59423e-10 
2.18e-08 5.59122e-10 
2.19e-08 5.58824e-10 
2.2e-08 5.58527e-10 
2.21e-08 5.58232e-10 
2.22e-08 5.57939e-10 
2.23e-08 5.57647e-10 
2.24e-08 5.57357e-10 
2.25e-08 5.57069e-10 
2.26e-08 5.56782e-10 
2.27e-08 5.56496e-10 
2.28e-08 5.56212e-10 
2.29e-08 5.5593e-10 
2.3e-08 5.55648e-10 
2.31e-08 5.55368e-10 
2.32e-08 5.55089e-10 
2.33e-08 5.54811e-10 
2.34e-08 5.54535e-10 
2.35e-08 5.54259e-10 
2.36e-08 5.53985e-10 
2.37e-08 5.53711e-10 
2.38e-08 5.53438e-10 
2.39e-08 5.53167e-10 
2.4e-08 5.52896e-10 
2.41e-08 5.52626e-10 
2.42e-08 5.52357e-10 
2.43e-08 5.52089e-10 
2.44e-08 5.51822e-10 
2.45e-08 5.51555e-10 
2.46e-08 5.51289e-10 
2.47e-08 5.51023e-10 
2.48e-08 5.50759e-10 
2.49e-08 5.50495e-10 
2.5e-08 5.50231e-10 
2.51e-08 5.49968e-10 
2.52e-08 5.49706e-10 
2.53e-08 5.49444e-10 
2.54e-08 5.49182e-10 
2.55e-08 5.48921e-10 
2.56e-08 5.48661e-10 
2.57e-08 5.48401e-10 
2.58e-08 5.48141e-10 
2.59e-08 5.47882e-10 
2.6e-08 5.47623e-10 
2.61e-08 5.47364e-10 
2.62e-08 5.47105e-10 
2.63e-08 5.46847e-10 
2.64e-08 5.4659e-10 
2.65e-08 5.46332e-10 
2.66e-08 5.46075e-10 
2.67e-08 5.45818e-10 
2.68e-08 5.45561e-10 
2.69e-08 5.45304e-10 
2.7e-08 5.45047e-10 
2.71e-08 5.44791e-10 
2.72e-08 5.44535e-10 
2.73e-08 5.44278e-10 
2.74e-08 5.44022e-10 
2.75e-08 5.43766e-10 
2.76e-08 5.43511e-10 
2.77e-08 5.43255e-10 
2.78e-08 5.42999e-10 
2.79e-08 5.42743e-10 
2.8e-08 5.42488e-10 
2.81e-08 5.42232e-10 
2.82e-08 5.41976e-10 
2.83e-08 5.41721e-10 
2.84e-08 5.41465e-10 
2.85e-08 5.41209e-10 
2.86e-08 5.40954e-10 
2.87e-08 5.40698e-10 
2.88e-08 5.40442e-10 
2.89e-08 5.40186e-10 
2.9e-08 5.3993e-10 
2.91e-08 5.39675e-10 
2.92e-08 5.39418e-10 
2.93e-08 5.39162e-10 
2.94e-08 5.38906e-10 
2.95e-08 5.3865e-10 
2.96e-08 5.38393e-10 
2.97e-08 5.38137e-10 
2.98e-08 5.3788e-10 
2.99e-08 5.37623e-10 
3e-08 5.37366e-10 
3.01e-08 5.37109e-10 
3.02e-08 5.36852e-10 
3.03e-08 5.36594e-10 
3.04e-08 5.36337e-10 
3.05e-08 5.36079e-10 
3.06e-08 5.35821e-10 
3.07e-08 5.35563e-10 
3.08e-08 5.35305e-10 
3.09e-08 5.35047e-10 
3.1e-08 5.34788e-10 
3.11e-08 5.34529e-10 
3.12e-08 5.3427e-10 
3.13e-08 5.34011e-10 
3.14e-08 5.33752e-10 
3.15e-08 5.33492e-10 
3.16e-08 5.33232e-10 
3.17e-08 5.32973e-10 
3.18e-08 5.32712e-10 
3.19e-08 5.32452e-10 
3.2e-08 5.32191e-10 
3.21e-08 5.31931e-10 
3.22e-08 5.31669e-10 
3.23e-08 5.31408e-10 
3.24e-08 5.31147e-10 
3.25e-08 5.30885e-10 
3.26e-08 5.30623e-10 
3.27e-08 5.30361e-10 
3.28e-08 5.30099e-10 
3.29e-08 5.29836e-10 
3.3e-08 5.29573e-10 
3.31e-08 5.2931e-10 
3.32e-08 5.29047e-10 
3.33e-08 5.28783e-10 
3.34e-08 5.2852e-10 
3.35e-08 5.28256e-10 
3.36e-08 5.27991e-10 
3.37e-08 5.27727e-10 
3.38e-08 5.27462e-10 
3.39e-08 5.27197e-10 
3.4e-08 5.26932e-10 
3.41e-08 5.26667e-10 
3.42e-08 5.26401e-10 
3.43e-08 5.26135e-10 
3.44e-08 5.25869e-10 
3.45e-08 5.25603e-10 
3.46e-08 5.25336e-10 
3.47e-08 5.25069e-10 
3.48e-08 5.24802e-10 
3.49e-08 5.24535e-10 
3.5e-08 5.24267e-10 
3.51e-08 5.24e-10 
3.52e-08 5.23732e-10 
3.53e-08 5.23463e-10 
3.54e-08 5.23195e-10 
3.55e-08 5.22926e-10 
3.56e-08 5.22657e-10 
3.57e-08 5.22388e-10 
3.58e-08 5.22119e-10 
3.59e-08 5.21849e-10 
3.6e-08 5.2158e-10 
3.61e-08 5.21309e-10 
3.62e-08 5.21039e-10 
3.63e-08 5.20769e-10 
3.64e-08 5.20498e-10 
3.65e-08 5.20227e-10 
3.66e-08 5.19956e-10 
3.67e-08 5.19685e-10 
3.68e-08 5.19413e-10 
3.69e-08 5.19141e-10 
3.7e-08 5.18869e-10 
3.71e-08 5.18597e-10 
3.72e-08 5.18325e-10 
3.73e-08 5.18052e-10 
3.74e-08 5.17779e-10 
3.75e-08 5.17506e-10 
3.76e-08 5.17233e-10 
3.77e-08 5.1696e-10 
3.78e-08 5.16686e-10 
3.79e-08 5.16412e-10 
3.8e-08 5.16138e-10 
3.81e-08 5.15864e-10 
3.82e-08 5.1559e-10 
3.83e-08 5.15315e-10 
3.84e-08 5.1504e-10 
3.85e-08 5.14765e-10 
3.86e-08 5.1449e-10 
3.87e-08 5.14215e-10 
3.88e-08 5.13939e-10 
3.89e-08 5.13664e-10 
3.9e-08 5.13388e-10 
3.91e-08 5.13112e-10 
3.92e-08 5.12836e-10 
3.93e-08 5.12559e-10 
3.94e-08 5.12283e-10 
3.95e-08 5.12006e-10 
3.96e-08 5.11729e-10 
3.97e-08 5.11452e-10 
3.98e-08 5.11175e-10 
3.99e-08 5.10898e-10 
4e-08 5.1062e-10 
4.01e-08 5.10342e-10 
4.02e-08 5.10065e-10 
4.03e-08 5.09787e-10 
4.04e-08 5.09509e-10 
4.05e-08 5.0923e-10 
4.06e-08 5.08952e-10 
4.07e-08 5.08673e-10 
4.08e-08 5.08395e-10 
4.09e-08 5.08116e-10 
4.1e-08 5.07837e-10 
4.11e-08 5.07558e-10 
4.12e-08 5.07279e-10 
4.13e-08 5.06999e-10 
4.14e-08 5.0672e-10 
4.15e-08 5.0644e-10 
4.16e-08 5.06161e-10 
4.17e-08 5.05881e-10 
4.18e-08 5.05601e-10 
4.19e-08 5.05321e-10 
4.2e-08 5.05041e-10 
4.21e-08 5.04761e-10 
4.22e-08 5.0448e-10 
4.23e-08 5.042e-10 
4.24e-08 5.03919e-10 
4.25e-08 5.03639e-10 
4.26e-08 5.03358e-10 
4.27e-08 5.03077e-10 
4.28e-08 5.02796e-10 
4.29e-08 5.02515e-10 
4.3e-08 5.02234e-10 
4.31e-08 5.01953e-10 
4.32e-08 5.01671e-10 
4.33e-08 5.0139e-10 
4.34e-08 5.01109e-10 
4.35e-08 5.00827e-10 
4.36e-08 5.00545e-10 
4.37e-08 5.00264e-10 
4.38e-08 4.99982e-10 
4.39e-08 4.997e-10 
4.4e-08 4.99418e-10 
4.41e-08 4.99136e-10 
4.42e-08 4.98854e-10 
4.43e-08 4.98572e-10 
4.44e-08 4.9829e-10 
4.45e-08 4.98008e-10 
4.46e-08 4.97726e-10 
4.47e-08 4.97443e-10 
4.48e-08 4.97161e-10 
4.49e-08 4.96879e-10 
4.5e-08 4.96596e-10 
4.51e-08 4.96314e-10 
4.52e-08 4.96031e-10 
4.53e-08 4.95749e-10 
4.54e-08 4.95466e-10 
4.55e-08 4.95183e-10 
4.56e-08 4.94901e-10 
4.57e-08 4.94618e-10 
4.58e-08 4.94335e-10 
4.59e-08 4.94053e-10 
4.6e-08 4.9377e-10 
4.61e-08 4.93487e-10 
4.62e-08 4.93204e-10 
4.63e-08 4.92921e-10 
4.64e-08 4.92639e-10 
4.65e-08 4.92356e-10 
4.66e-08 4.92073e-10 
4.67e-08 4.9179e-10 
4.68e-08 4.91507e-10 
4.69e-08 4.91224e-10 
4.7e-08 4.90941e-10 
4.71e-08 4.90658e-10 
4.72e-08 4.90376e-10 
4.73e-08 4.90093e-10 
4.74e-08 4.8981e-10 
4.75e-08 4.89527e-10 
4.76e-08 4.89244e-10 
4.77e-08 4.88961e-10 
4.78e-08 4.88678e-10 
4.79e-08 4.88395e-10 
4.8e-08 4.88113e-10 
4.81e-08 4.8783e-10 
4.82e-08 4.87547e-10 
4.83e-08 4.87264e-10 
4.84e-08 4.86982e-10 
4.85e-08 4.86699e-10 
4.86e-08 4.86416e-10 
4.87e-08 4.86133e-10 
4.88e-08 4.85851e-10 
4.89e-08 4.85568e-10 
4.9e-08 4.85286e-10 
4.91e-08 4.85003e-10 
4.92e-08 4.84721e-10 
4.93e-08 4.84438e-10 
4.94e-08 4.84156e-10 
4.95e-08 4.83873e-10 
4.96e-08 4.83591e-10 
4.97e-08 4.83309e-10 
4.98e-08 4.83027e-10 
4.99e-08 4.82744e-10 
5e-08 4.82462e-10 
