0 0 
2e-11 0 
4e-11 0 
6e-11 0 
8e-11 0 
1e-10 0 
1.2e-10 0 
1.4e-10 0 
1.6e-10 0 
1.8e-10 0 
2e-10 0 
2.2e-10 0 
2.4e-10 0 
2.6e-10 0 
2.8e-10 0 
3e-10 0 
3.2e-10 0 
3.4e-10 0 
3.6e-10 0 
3.8e-10 0 
4e-10 0 
4.2e-10 0 
4.4e-10 0 
4.6e-10 0 
4.8e-10 0 
5e-10 0 
5.2e-10 0 
5.4e-10 0 
5.6e-10 0 
5.8e-10 0 
6e-10 0 
6.2e-10 0 
6.4e-10 0 
6.6e-10 0 
6.8e-10 0 
7e-10 0 
7.2e-10 0 
7.4e-10 0 
7.6e-10 0 
7.8e-10 0 
8e-10 0 
8.2e-10 0 
8.4e-10 0 
8.6e-10 0 
8.8e-10 0 
9e-10 0 
9.2e-10 0 
9.4e-10 0 
9.6e-10 0 
9.8e-10 0 
1e-09 0 
1.02e-09 0 
1.04e-09 0 
1.06e-09 0 
1.08e-09 0 
1.1e-09 0 
1.12e-09 0 
1.14e-09 0 
1.16e-09 0 
1.18e-09 0 
1.2e-09 0 
1.22e-09 0 
1.24e-09 0 
1.26e-09 0 
1.28e-09 0 
1.3e-09 0 
1.32e-09 0 
1.34e-09 0 
1.36e-09 0 
1.38e-09 0 
1.4e-09 0 
1.42e-09 0 
1.44e-09 0 
1.46e-09 0 
1.48e-09 0 
1.5e-09 0 
1.52e-09 0 
1.54e-09 0 
1.56e-09 0 
1.58e-09 0 
1.6e-09 0 
1.62e-09 0 
1.64e-09 0 
1.66e-09 0 
1.68e-09 0 
1.7e-09 0 
1.72e-09 0 
1.74e-09 0 
1.76e-09 0 
1.78e-09 0 
1.8e-09 0 
1.82e-09 0 
1.84e-09 0 
1.86e-09 0 
1.88e-09 0 
1.9e-09 0 
1.92e-09 0 
1.94e-09 0 
1.96e-09 0 
1.98e-09 0 
2e-09 9.16651e-08 
2.02e-09 4.33813e-09 
2.04e-09 4.02865e-09 
2.06e-09 3.75909e-09 
2.08e-09 3.51973e-09 
2.1e-09 3.30382e-09 
2.12e-09 3.10579e-09 
2.14e-09 2.92216e-09 
2.16e-09 2.75023e-09 
2.18e-09 2.58837e-09 
2.2e-09 2.43532e-09 
2.22e-09 2.29032e-09 
2.24e-09 2.15282e-09 
2.26e-09 2.0224e-09 
2.28e-09 1.89875e-09 
2.3e-09 1.78162e-09 
2.32e-09 1.67076e-09 
2.34e-09 1.56596e-09 
2.36e-09 1.46701e-09 
2.38e-09 1.37366e-09 
2.4e-09 1.28571e-09 
2.42e-09 1.20293e-09 
2.44e-09 1.12508e-09 
2.46e-09 1.05193e-09 
2.48e-09 9.83262e-10 
2.5e-09 9.18838e-10 
2.52e-09 8.58439e-10 
2.54e-09 8.01846e-10 
2.56e-09 7.48847e-10 
2.58e-09 6.99237e-10 
2.6e-09 6.52819e-10 
2.62e-09 6.09404e-10 
2.64e-09 5.68812e-10 
2.66e-09 5.30869e-10 
2.68e-09 4.95413e-10 
2.7e-09 4.62288e-10 
2.72e-09 4.31348e-10 
2.74e-09 4.02454e-10 
2.76e-09 3.75474e-10 
2.78e-09 3.50286e-10 
2.8e-09 3.26773e-10 
2.82e-09 3.04827e-10 
2.84e-09 2.84345e-10 
2.86e-09 2.65232e-10 
2.88e-09 2.47397e-10 
2.9e-09 2.30755e-10 
2.92e-09 2.15229e-10 
2.94e-09 2.00744e-10 
2.96e-09 1.8723e-10 
2.98e-09 1.74624e-10 
3e-09 1.62865e-10 
3.02e-09 1.51895e-10 
3.04e-09 1.41663e-10 
3.06e-09 1.32119e-10 
3.08e-09 1.23218e-10 
3.1e-09 1.14915e-10 
3.12e-09 1.07171e-10 
3.14e-09 9.99482e-11 
3.16e-09 9.32118e-11 
3.18e-09 8.69291e-11 
3.2e-09 8.10695e-11 
3.22e-09 7.56047e-11 
3.24e-09 7.05081e-11 
3.26e-09 6.57548e-11 
3.28e-09 6.13218e-11 
3.3e-09 5.71876e-11 
3.32e-09 5.3332e-11 
3.34e-09 4.97363e-11 
3.36e-09 4.63829e-11 
3.38e-09 4.32555e-11 
3.4e-09 4.0339e-11 
3.42e-09 3.76191e-11 
3.44e-09 3.50825e-11 
3.46e-09 3.27169e-11 
3.48e-09 3.05109e-11 
3.5e-09 2.84535e-11 
3.52e-09 2.65349e-11 
3.54e-09 2.47456e-11 
3.56e-09 2.3077e-11 
3.58e-09 2.15209e-11 
3.6e-09 2.00696e-11 
3.62e-09 1.87163e-11 
3.64e-09 1.74542e-11 
3.66e-09 1.62772e-11 
3.68e-09 1.51796e-11 
3.7e-09 1.41559e-11 
3.72e-09 1.32013e-11 
3.74e-09 1.23111e-11 
3.76e-09 1.14809e-11 
3.78e-09 1.07067e-11 
3.8e-09 9.98468e-12 
3.82e-09 9.31136e-12 
3.84e-09 8.68344e-12 
3.86e-09 8.09786e-12 
3.88e-09 7.55177e-12 
3.9e-09 7.04251e-12 
3.92e-09 6.56758e-12 
3.94e-09 6.12469e-12 
3.96e-09 5.71166e-12 
3.98e-09 5.32648e-12 
4e-09 4.96728e-12 
4.02e-09 4.6323e-12 
4.04e-09 4.31991e-12 
4.06e-09 4.02858e-12 
4.08e-09 3.7569e-12 
4.1e-09 3.50354e-12 
4.12e-09 3.26727e-12 
4.14e-09 3.04693e-12 
4.16e-09 2.84145e-12 
4.18e-09 2.64983e-12 
4.2e-09 2.47113e-12 
4.22e-09 2.30448e-12 
4.24e-09 2.14907e-12 
4.26e-09 2.00414e-12 
4.28e-09 1.86898e-12 
4.3e-09 1.74294e-12 
4.32e-09 1.62539e-12 
4.34e-09 1.51578e-12 
4.36e-09 1.41355e-12 
4.38e-09 1.31822e-12 
4.4e-09 1.22932e-12 
4.42e-09 1.14642e-12 
4.44e-09 1.0691e-12 
4.46e-09 9.97002e-13 
4.48e-09 9.29764e-13 
4.5e-09 8.6706e-13 
4.52e-09 8.08585e-13 
4.54e-09 7.54054e-13 
4.56e-09 7.03199e-13 
4.58e-09 6.55775e-13 
4.6e-09 6.11549e-13 
4.62e-09 5.70305e-13 
4.64e-09 5.31843e-13 
4.66e-09 4.95975e-13 
4.68e-09 4.62525e-13 
4.7e-09 4.31332e-13 
4.72e-09 4.02242e-13 
4.74e-09 3.75114e-13 
4.76e-09 3.49816e-13 
4.78e-09 3.26223e-13 
4.8e-09 3.04222e-13 
4.82e-09 2.83704e-13 
4.84e-09 2.64571e-13 
4.86e-09 2.46727e-13 
4.88e-09 2.30087e-13 
4.9e-09 2.1457e-13 
4.92e-09 2.00098e-13 
4.94e-09 1.86603e-13 
4.96e-09 1.74018e-13 
4.98e-09 1.62282e-13 
5e-09 1.51337e-13 
5.02e-09 1.4113e-13 
5.04e-09 1.31612e-13 
5.06e-09 1.22735e-13 
5.08e-09 1.14457e-13 
5.1e-09 1.06738e-13 
5.12e-09 9.95391e-14 
5.14e-09 9.28257e-14 
5.16e-09 8.65651e-14 
5.18e-09 8.07267e-14 
5.2e-09 7.52821e-14 
5.22e-09 7.02047e-14 
5.24e-09 6.54698e-14 
5.26e-09 6.10541e-14 
5.28e-09 5.69363e-14 
5.3e-09 5.30962e-14 
5.32e-09 4.95151e-14 
5.34e-09 4.61755e-14 
5.36e-09 4.30612e-14 
5.38e-09 4.01569e-14 
5.4e-09 3.74484e-14 
5.42e-09 3.49227e-14 
5.44e-09 3.25672e-14 
5.46e-09 3.03707e-14 
5.48e-09 2.83223e-14 
5.5e-09 2.6412e-14 
5.52e-09 2.46306e-14 
5.54e-09 2.29694e-14 
5.56e-09 2.14201e-14 
5.58e-09 1.99754e-14 
5.6e-09 1.86281e-14 
5.62e-09 1.73717e-14 
5.64e-09 1.62e-14 
5.66e-09 1.51073e-14 
5.68e-09 1.40884e-14 
5.7e-09 1.31381e-14 
5.72e-09 1.2252e-14 
5.74e-09 1.14256e-14 
5.76e-09 1.0655e-14 
5.78e-09 9.9363e-15 
5.8e-09 9.2661e-15 
5.82e-09 8.64111e-15 
5.84e-09 8.05828e-15 
5.86e-09 7.51475e-15 
5.88e-09 7.00788e-15 
5.9e-09 6.5352e-15 
5.92e-09 6.0944e-15 
5.94e-09 5.68333e-15 
5.96e-09 5.29999e-15 
5.98e-09 4.94251e-15 
6e-09 4.60913e-15 
6.02e-09 4.29824e-15 
6.04e-09 4.00832e-15 
6.06e-09 3.73796e-15 
6.08e-09 3.48583e-15 
6.1e-09 3.25071e-15 
6.12e-09 3.03144e-15 
6.14e-09 2.82697e-15 
6.16e-09 2.63628e-15 
6.18e-09 2.45846e-15 
6.2e-09 2.29263e-15 
6.22e-09 2.13799e-15 
6.24e-09 1.99378e-15 
6.26e-09 1.85929e-15 
6.28e-09 1.73388e-15 
6.3e-09 1.61693e-15 
6.32e-09 1.50786e-15 
6.34e-09 1.40615e-15 
6.36e-09 1.3113e-15 
6.38e-09 1.22285e-15 
6.4e-09 1.14037e-15 
6.42e-09 1.06345e-15 
6.44e-09 9.91717e-16 
6.46e-09 9.24823e-16 
6.48e-09 8.62441e-16 
6.5e-09 8.04267e-16 
6.52e-09 7.50016e-16 
6.54e-09 6.99425e-16 
6.56e-09 6.52247e-16 
6.58e-09 6.0825e-16 
6.6e-09 5.67222e-16 
6.62e-09 5.28961e-16 
6.64e-09 4.93281e-16 
6.66e-09 4.60007e-16 
6.68e-09 4.28978e-16 
6.7e-09 4.00042e-16 
6.72e-09 3.73058e-16 
6.74e-09 3.47894e-16 
6.76e-09 3.24427e-16 
6.78e-09 3.02543e-16 
6.8e-09 2.82136e-16 
6.82e-09 2.63105e-16 
6.84e-09 2.45357e-16 
6.86e-09 2.28807e-16 
6.88e-09 2.13373e-16 
6.9e-09 1.98981e-16 
6.92e-09 1.85559e-16 
6.94e-09 1.73042e-16 
6.96e-09 1.6137e-16 
6.98e-09 1.50485e-16 
7e-09 1.40334e-16 
7.02e-09 1.30869e-16 
7.04e-09 1.22041e-16 
7.06e-09 1.13809e-16 
7.08e-09 1.06132e-16 
7.1e-09 9.89735e-17 
7.12e-09 9.22976e-17 
7.14e-09 8.6072e-17 
7.16e-09 8.02663e-17 
7.18e-09 7.48522e-17 
7.2e-09 6.98034e-17 
7.22e-09 6.50951e-17 
7.24e-09 6.07044e-17 
7.26e-09 5.66099e-17 
7.28e-09 5.27915e-17 
7.3e-09 4.92308e-17 
7.32e-09 4.59102e-17 
7.34e-09 4.28136e-17 
7.36e-09 3.99259e-17 
7.38e-09 3.7233e-17 
7.4e-09 3.47217e-17 
7.42e-09 3.23798e-17 
7.44e-09 3.01959e-17 
7.46e-09 2.81593e-17 
7.48e-09 2.62601e-17 
7.5e-09 2.4489e-17 
7.52e-09 2.28374e-17 
7.54e-09 2.12971e-17 
7.56e-09 1.98608e-17 
7.58e-09 1.85213e-17 
7.6e-09 1.72722e-17 
7.62e-09 1.61073e-17 
7.64e-09 1.50211e-17 
7.66e-09 1.4008e-17 
7.68e-09 1.30634e-17 
7.7e-09 1.21824e-17 
7.72e-09 1.13608e-17 
7.74e-09 1.05947e-17 
7.76e-09 9.88027e-18 
7.78e-09 9.21401e-18 
7.8e-09 8.59268e-18 
7.82e-09 8.01325e-18 
7.84e-09 7.47291e-18 
7.86e-09 6.96901e-18 
7.88e-09 6.4991e-18 
7.9e-09 6.06088e-18 
7.92e-09 5.65222e-18 
7.94e-09 5.27112e-18 
7.96e-09 4.91572e-18 
7.98e-09 4.5843e-18 
8e-09 4.27522e-18 
8.02e-09 3.98699e-18 
8.04e-09 3.7182e-18 
8.06e-09 3.46753e-18 
8.08e-09 3.23377e-18 
8.1e-09 3.01577e-18 
8.12e-09 2.81248e-18 
8.14e-09 2.62289e-18 
8.16e-09 2.44609e-18 
8.18e-09 2.28121e-18 
8.2e-09 2.12745e-18 
8.22e-09 1.98406e-18 
8.24e-09 1.85034e-18 
8.26e-09 1.72563e-18 
8.28e-09 1.60933e-18 
8.3e-09 1.50088e-18 
8.32e-09 1.39974e-18 
8.34e-09 1.30541e-18 
8.36e-09 1.21745e-18 
8.38e-09 1.13542e-18 
8.4e-09 1.05891e-18 
8.42e-09 9.8757e-19 
8.44e-09 9.21035e-19 
8.46e-09 8.58986e-19 
8.48e-09 8.0112e-19 
8.5e-09 7.47154e-19 
8.52e-09 6.96826e-19 
8.54e-09 6.49891e-19 
8.56e-09 6.0612e-19 
8.58e-09 5.65299e-19 
8.6e-09 5.27229e-19 
8.62e-09 4.91725e-19 
8.64e-09 4.58614e-19 
8.66e-09 4.27734e-19 
8.68e-09 3.98936e-19 
8.7e-09 3.72078e-19 
8.72e-09 3.4703e-19 
8.74e-09 3.2367e-19 
8.76e-09 3.01884e-19 
8.78e-09 2.81566e-19 
8.8e-09 2.62617e-19 
8.82e-09 2.44945e-19 
8.84e-09 2.28463e-19 
8.86e-09 2.13091e-19 
8.88e-09 1.98755e-19 
8.9e-09 1.85385e-19 
8.92e-09 1.72915e-19 
8.94e-09 1.61285e-19 
8.96e-09 1.50438e-19 
8.98e-09 1.40322e-19 
9e-09 1.30887e-19 
9.02e-09 1.22087e-19 
9.04e-09 1.1388e-19 
9.06e-09 1.06226e-19 
9.08e-09 9.90865e-20 
9.1e-09 9.24278e-20 
9.12e-09 8.62173e-20 
9.14e-09 8.04249e-20 
9.16e-09 7.50222e-20 
9.18e-09 6.99832e-20 
9.2e-09 6.52833e-20 
9.22e-09 6.08996e-20 
9.24e-09 5.68108e-20 
9.26e-09 5.29972e-20 
9.28e-09 4.944e-20 
9.3e-09 4.61221e-20 
9.32e-09 4.30274e-20 
9.34e-09 4.01408e-20 
9.36e-09 3.74483e-20 
9.38e-09 3.49368e-20 
9.4e-09 3.25941e-20 
9.42e-09 3.0409e-20 
9.44e-09 2.83707e-20 
9.46e-09 2.64694e-20 
9.48e-09 2.46958e-20 
9.5e-09 2.30414e-20 
9.52e-09 2.14982e-20 
9.54e-09 2.00586e-20 
9.56e-09 1.87157e-20 
9.58e-09 1.7463e-20 
9.6e-09 1.62944e-20 
9.62e-09 1.52042e-20 
9.64e-09 1.41873e-20 
9.66e-09 1.32385e-20 
9.68e-09 1.23535e-20 
9.7e-09 1.15278e-20 
9.72e-09 1.07575e-20 
9.74e-09 1.00389e-20 
9.76e-09 9.36843e-21 
9.78e-09 8.74295e-21 
9.8e-09 8.1594e-21 
9.82e-09 7.61496e-21 
9.84e-09 7.107e-21 
9.86e-09 6.63308e-21 
9.88e-09 6.1909e-21 
9.9e-09 5.77835e-21 
9.92e-09 5.39341e-21 
9.94e-09 5.03425e-21 
9.96e-09 4.69913e-21 
9.98e-09 4.38644e-21 
1e-08 4.09468e-21 
