0 0 
2e-11 0 
4e-11 0 
6e-11 0 
8e-11 0 
1e-10 0 
1.2e-10 0 
1.4e-10 0 
1.6e-10 0 
1.8e-10 0 
2e-10 0 
2.2e-10 0 
2.4e-10 0 
2.6e-10 0 
2.8e-10 0 
3e-10 0 
3.2e-10 0 
3.4e-10 0 
3.6e-10 0 
3.8e-10 0 
4e-10 0 
4.2e-10 0 
4.4e-10 0 
4.6e-10 0 
4.8e-10 0 
5e-10 0 
5.2e-10 0 
5.4e-10 0 
5.6e-10 0 
5.8e-10 0 
6e-10 0 
6.2e-10 0 
6.4e-10 0 
6.6e-10 0 
6.8e-10 0 
7e-10 0 
7.2e-10 0 
7.4e-10 0 
7.6e-10 0 
7.8e-10 0 
8e-10 0 
8.2e-10 0 
8.4e-10 0 
8.6e-10 0 
8.8e-10 0 
9e-10 0 
9.2e-10 0 
9.4e-10 0 
9.6e-10 0 
9.8e-10 0 
1e-09 0 
1.02e-09 0 
1.04e-09 0 
1.06e-09 0 
1.08e-09 0 
1.1e-09 0 
1.12e-09 0 
1.14e-09 0 
1.16e-09 0 
1.18e-09 0 
1.2e-09 0 
1.22e-09 0 
1.24e-09 0 
1.26e-09 0 
1.28e-09 0 
1.3e-09 0 
1.32e-09 0 
1.34e-09 0 
1.36e-09 0 
1.38e-09 0 
1.4e-09 0 
1.42e-09 0 
1.44e-09 0 
1.46e-09 0 
1.48e-09 0 
1.5e-09 0 
1.52e-09 0 
1.54e-09 0 
1.56e-09 0 
1.58e-09 0 
1.6e-09 0 
1.62e-09 0 
1.64e-09 0 
1.66e-09 0 
1.68e-09 0 
1.7e-09 0 
1.72e-09 0 
1.74e-09 0 
1.76e-09 0 
1.78e-09 0 
1.8e-09 0 
1.82e-09 0 
1.84e-09 0 
1.86e-09 0 
1.88e-09 0 
1.9e-09 0 
1.92e-09 0 
1.94e-09 0 
1.96e-09 0 
1.98e-09 0 
2e-09 9.16627e-08 
2.02e-09 4.33814e-09 
2.04e-09 4.02866e-09 
2.06e-09 3.75909e-09 
2.08e-09 3.51992e-09 
2.1e-09 3.30382e-09 
2.12e-09 3.10588e-09 
2.14e-09 2.92216e-09 
2.16e-09 2.75027e-09 
2.18e-09 2.58836e-09 
2.2e-09 2.43533e-09 
2.22e-09 2.29032e-09 
2.24e-09 2.15281e-09 
2.26e-09 2.02239e-09 
2.28e-09 1.89874e-09 
2.3e-09 1.78161e-09 
2.32e-09 1.67075e-09 
2.34e-09 1.56595e-09 
2.36e-09 1.467e-09 
2.38e-09 1.37365e-09 
2.4e-09 1.2857e-09 
2.42e-09 1.20292e-09 
2.44e-09 1.12507e-09 
2.46e-09 1.05192e-09 
2.48e-09 9.83253e-10 
2.5e-09 9.1883e-10 
2.52e-09 8.58432e-10 
2.54e-09 8.01839e-10 
2.56e-09 7.4884e-10 
2.58e-09 6.9923e-10 
2.6e-09 6.52813e-10 
2.62e-09 6.09398e-10 
2.64e-09 5.68806e-10 
2.66e-09 5.30864e-10 
2.68e-09 4.95408e-10 
2.7e-09 4.62284e-10 
2.72e-09 4.31343e-10 
2.74e-09 4.02449e-10 
2.76e-09 3.7547e-10 
2.78e-09 3.50281e-10 
2.8e-09 3.26769e-10 
2.82e-09 3.04823e-10 
2.84e-09 2.84342e-10 
2.86e-09 2.65228e-10 
2.88e-09 2.47393e-10 
2.9e-09 2.30752e-10 
2.92e-09 2.15226e-10 
2.94e-09 2.00741e-10 
2.96e-09 1.87228e-10 
2.98e-09 1.74622e-10 
3e-09 1.62862e-10 
3.02e-09 1.51893e-10 
3.04e-09 1.41661e-10 
3.06e-09 1.32117e-10 
3.08e-09 1.23216e-10 
3.1e-09 1.14913e-10 
3.12e-09 1.07169e-10 
3.14e-09 9.99465e-11 
3.16e-09 9.32102e-11 
3.18e-09 8.69276e-11 
3.2e-09 8.10682e-11 
3.22e-09 7.56034e-11 
3.24e-09 7.05068e-11 
3.26e-09 6.57536e-11 
3.28e-09 6.13207e-11 
3.3e-09 5.71865e-11 
3.32e-09 5.3331e-11 
3.34e-09 4.97353e-11 
3.36e-09 4.6382e-11 
3.38e-09 4.32547e-11 
3.4e-09 4.03382e-11 
3.42e-09 3.76183e-11 
3.44e-09 3.50818e-11 
3.46e-09 3.27163e-11 
3.48e-09 3.05102e-11 
3.5e-09 2.84529e-11 
3.52e-09 2.65343e-11 
3.54e-09 2.47451e-11 
3.56e-09 2.30765e-11 
3.58e-09 2.15204e-11 
3.6e-09 2.00692e-11 
3.62e-09 1.87159e-11 
3.64e-09 1.74538e-11 
3.66e-09 1.62768e-11 
3.68e-09 1.51792e-11 
3.7e-09 1.41556e-11 
3.72e-09 1.3201e-11 
3.74e-09 1.23108e-11 
3.76e-09 1.14806e-11 
3.78e-09 1.07064e-11 
3.8e-09 9.98443e-12 
3.82e-09 9.31112e-12 
3.84e-09 8.68322e-12 
3.86e-09 8.09765e-12 
3.88e-09 7.55157e-12 
3.9e-09 7.04232e-12 
3.92e-09 6.56741e-12 
3.94e-09 6.12452e-12 
3.96e-09 5.7115e-12 
3.98e-09 5.32633e-12 
4e-09 4.96714e-12 
4.02e-09 4.63217e-12 
4.04e-09 4.31978e-12 
4.06e-09 4.02847e-12 
4.08e-09 3.75679e-12 
4.1e-09 3.50344e-12 
4.12e-09 3.26718e-12 
4.14e-09 3.04684e-12 
4.16e-09 2.84137e-12 
4.18e-09 2.64975e-12 
4.2e-09 2.47105e-12 
4.22e-09 2.30441e-12 
4.24e-09 2.149e-12 
4.26e-09 2.00407e-12 
4.28e-09 1.86892e-12 
4.3e-09 1.74288e-12 
4.32e-09 1.62534e-12 
4.34e-09 1.51573e-12 
4.36e-09 1.41351e-12 
4.38e-09 1.31818e-12 
4.4e-09 1.22928e-12 
4.42e-09 1.14638e-12 
4.44e-09 1.06907e-12 
4.46e-09 9.96968e-13 
4.48e-09 9.29732e-13 
4.5e-09 8.6703e-13 
4.52e-09 8.08557e-13 
4.54e-09 7.54027e-13 
4.56e-09 7.03175e-13 
4.58e-09 6.55752e-13 
4.6e-09 6.11527e-13 
4.62e-09 5.70285e-13 
4.64e-09 5.31824e-13 
4.66e-09 4.95956e-13 
4.68e-09 4.62508e-13 
4.7e-09 4.31316e-13 
4.72e-09 4.02227e-13 
4.74e-09 3.751e-13 
4.76e-09 3.49802e-13 
4.78e-09 3.26211e-13 
4.8e-09 3.0421e-13 
4.82e-09 2.83693e-13 
4.84e-09 2.6456e-13 
4.86e-09 2.46718e-13 
4.88e-09 2.30078e-13 
4.9e-09 2.14561e-13 
4.92e-09 2.0009e-13 
4.94e-09 1.86595e-13 
4.96e-09 1.74011e-13 
4.98e-09 1.62275e-13 
5e-09 1.5133e-13 
5.02e-09 1.41124e-13 
5.04e-09 1.31606e-13 
5.06e-09 1.2273e-13 
5.08e-09 1.14453e-13 
5.1e-09 1.06733e-13 
5.12e-09 9.95348e-14 
5.14e-09 9.28217e-14 
5.16e-09 8.65613e-14 
5.18e-09 8.07232e-14 
5.2e-09 7.52788e-14 
5.22e-09 7.02016e-14 
5.24e-09 6.54668e-14 
5.26e-09 6.10514e-14 
5.28e-09 5.69337e-14 
5.3e-09 5.30938e-14 
5.32e-09 4.95128e-14 
5.34e-09 4.61734e-14 
5.36e-09 4.30592e-14 
5.38e-09 4.0155e-14 
5.4e-09 3.74467e-14 
5.42e-09 3.4921e-14 
5.44e-09 3.25657e-14 
5.46e-09 3.03692e-14 
5.48e-09 2.83209e-14 
5.5e-09 2.64108e-14 
5.52e-09 2.46294e-14 
5.54e-09 2.29682e-14 
5.56e-09 2.14191e-14 
5.58e-09 1.99744e-14 
5.6e-09 1.86272e-14 
5.62e-09 1.73708e-14 
5.64e-09 1.61992e-14 
5.66e-09 1.51066e-14 
5.68e-09 1.40877e-14 
5.7e-09 1.31375e-14 
5.72e-09 1.22514e-14 
5.74e-09 1.1425e-14 
5.76e-09 1.06544e-14 
5.78e-09 9.93578e-15 
5.8e-09 9.26562e-15 
5.82e-09 8.64066e-15 
5.84e-09 8.05785e-15 
5.86e-09 7.51435e-15 
5.88e-09 7.00751e-15 
5.9e-09 6.53485e-15 
5.92e-09 6.09407e-15 
5.94e-09 5.68303e-15 
5.96e-09 5.2997e-15 
5.98e-09 4.94223e-15 
6e-09 4.60888e-15 
6.02e-09 4.298e-15 
6.04e-09 4.0081e-15 
6.06e-09 3.73775e-15 
6.08e-09 3.48563e-15 
6.1e-09 3.25052e-15 
6.12e-09 3.03127e-15 
6.14e-09 2.8268e-15 
6.16e-09 2.63613e-15 
6.18e-09 2.45832e-15 
6.2e-09 2.2925e-15 
6.22e-09 2.13787e-15 
6.24e-09 1.99366e-15 
6.26e-09 1.85919e-15 
6.28e-09 1.73378e-15 
6.3e-09 1.61683e-15 
6.32e-09 1.50777e-15 
6.34e-09 1.40607e-15 
6.36e-09 1.31122e-15 
6.38e-09 1.22278e-15 
6.4e-09 1.1403e-15 
6.42e-09 1.06338e-15 
6.44e-09 9.91656e-16 
6.46e-09 9.24766e-16 
6.48e-09 8.62387e-16 
6.5e-09 8.04217e-16 
6.52e-09 7.49969e-16 
6.54e-09 6.99381e-16 
6.56e-09 6.52206e-16 
6.58e-09 6.08212e-16 
6.6e-09 5.67186e-16 
6.62e-09 5.28927e-16 
6.64e-09 4.93249e-16 
6.66e-09 4.59977e-16 
6.68e-09 4.2895e-16 
6.7e-09 4.00016e-16 
6.72e-09 3.73033e-16 
6.74e-09 3.47871e-16 
6.76e-09 3.24406e-16 
6.78e-09 3.02523e-16 
6.8e-09 2.82117e-16 
6.82e-09 2.63087e-16 
6.84e-09 2.45341e-16 
6.86e-09 2.28792e-16 
6.88e-09 2.13359e-16 
6.9e-09 1.98967e-16 
6.92e-09 1.85546e-16 
6.94e-09 1.7303e-16 
6.96e-09 1.61359e-16 
6.98e-09 1.50475e-16 
7e-09 1.40325e-16 
7.02e-09 1.30859e-16 
7.04e-09 1.22033e-16 
7.06e-09 1.13801e-16 
7.08e-09 1.06125e-16 
7.1e-09 9.89665e-17 
7.12e-09 9.2291e-17 
7.14e-09 8.60658e-17 
7.16e-09 8.02605e-17 
7.18e-09 7.48468e-17 
7.2e-09 6.97983e-17 
7.22e-09 6.50904e-17 
7.24e-09 6.07e-17 
7.26e-09 5.66057e-17 
7.28e-09 5.27877e-17 
7.3e-09 4.92272e-17 
7.32e-09 4.59068e-17 
7.34e-09 4.28104e-17 
7.36e-09 3.99229e-17 
7.38e-09 3.72302e-17 
7.4e-09 3.47191e-17 
7.42e-09 3.23774e-17 
7.44e-09 3.01936e-17 
7.46e-09 2.81572e-17 
7.48e-09 2.62581e-17 
7.5e-09 2.44871e-17 
7.52e-09 2.28356e-17 
7.54e-09 2.12955e-17 
7.56e-09 1.98592e-17 
7.58e-09 1.85199e-17 
7.6e-09 1.72708e-17 
7.62e-09 1.61061e-17 
7.64e-09 1.50199e-17 
7.66e-09 1.40069e-17 
7.68e-09 1.30623e-17 
7.7e-09 1.21814e-17 
7.72e-09 1.13599e-17 
7.74e-09 1.05939e-17 
7.76e-09 9.87948e-18 
7.78e-09 9.21326e-18 
7.8e-09 8.59198e-18 
7.82e-09 8.0126e-18 
7.84e-09 7.4723e-18 
7.86e-09 6.96844e-18 
7.88e-09 6.49857e-18 
7.9e-09 6.06038e-18 
7.92e-09 5.65175e-18 
7.94e-09 5.27068e-18 
7.96e-09 4.91531e-18 
7.98e-09 4.58391e-18 
8e-09 4.27486e-18 
8.02e-09 3.98665e-18 
8.04e-09 3.71788e-18 
8.06e-09 3.46723e-18 
8.08e-09 3.23349e-18 
8.1e-09 3.01551e-18 
8.12e-09 2.81223e-18 
8.14e-09 2.62266e-18 
8.16e-09 2.44588e-18 
8.18e-09 2.28101e-18 
8.2e-09 2.12727e-18 
8.22e-09 1.98389e-18 
8.24e-09 1.85017e-18 
8.26e-09 1.72548e-18 
8.28e-09 1.60919e-18 
8.3e-09 1.50075e-18 
8.32e-09 1.39961e-18 
8.34e-09 1.3053e-18 
8.36e-09 1.21734e-18 
8.38e-09 1.13531e-18 
8.4e-09 1.05882e-18 
8.42e-09 9.8748e-19 
8.44e-09 9.20951e-19 
8.46e-09 8.58907e-19 
8.48e-09 8.01046e-19 
8.5e-09 7.47085e-19 
8.52e-09 6.96762e-19 
8.54e-09 6.49831e-19 
8.56e-09 6.06063e-19 
8.58e-09 5.65246e-19 
8.6e-09 5.27179e-19 
8.62e-09 4.91679e-19 
8.64e-09 4.58571e-19 
8.66e-09 4.27694e-19 
8.68e-09 3.98898e-19 
8.7e-09 3.72043e-19 
8.72e-09 3.46997e-19 
8.74e-09 3.23639e-19 
8.76e-09 3.01855e-19 
8.78e-09 2.81539e-19 
8.8e-09 2.62592e-19 
8.82e-09 2.44921e-19 
8.84e-09 2.28441e-19 
8.86e-09 2.1307e-19 
8.88e-09 1.98736e-19 
8.9e-09 1.85366e-19 
8.92e-09 1.72898e-19 
8.94e-09 1.61269e-19 
8.96e-09 1.50423e-19 
8.98e-09 1.40308e-19 
9e-09 1.30874e-19 
9.02e-09 1.22075e-19 
9.04e-09 1.13869e-19 
9.06e-09 1.06215e-19 
9.08e-09 9.90764e-20 
9.1e-09 9.24184e-20 
9.12e-09 8.62085e-20 
9.14e-09 8.04166e-20 
9.16e-09 7.50146e-20 
9.18e-09 6.9976e-20 
9.2e-09 6.52766e-20 
9.22e-09 6.08933e-20 
9.24e-09 5.68049e-20 
9.26e-09 5.29916e-20 
9.28e-09 4.94349e-20 
9.3e-09 4.61173e-20 
9.32e-09 4.30229e-20 
9.34e-09 4.01366e-20 
9.36e-09 3.74443e-20 
9.38e-09 3.49331e-20 
9.4e-09 3.25907e-20 
9.42e-09 3.04058e-20 
9.44e-09 2.83677e-20 
9.46e-09 2.64666e-20 
9.48e-09 2.46932e-20 
9.5e-09 2.3039e-20 
9.52e-09 2.14959e-20 
9.54e-09 2.00564e-20 
9.56e-09 1.87137e-20 
9.58e-09 1.74611e-20 
9.6e-09 1.62926e-20 
9.62e-09 1.52026e-20 
9.64e-09 1.41857e-20 
9.66e-09 1.3237e-20 
9.68e-09 1.23521e-20 
9.7e-09 1.15265e-20 
9.72e-09 1.07563e-20 
9.74e-09 1.00377e-20 
9.76e-09 9.36735e-21 
9.78e-09 8.74194e-21 
9.8e-09 8.15845e-21 
9.82e-09 7.61407e-21 
9.84e-09 7.10617e-21 
9.86e-09 6.6323e-21 
9.88e-09 6.19018e-21 
9.9e-09 5.77766e-21 
9.92e-09 5.39277e-21 
9.94e-09 5.03365e-21 
9.96e-09 4.69857e-21 
9.98e-09 4.38592e-21 
1e-08 4.09419e-21 
