0 0 
2e-11 -7e-17 
4e-11 7.88e-17 
6e-11 8.62e-17 
8e-11 5.27e-17 
1e-10 5.29e-17 
1.2e-10 5.27e-17 
1.4e-10 5.59e-17 
1.6e-10 5.54e-17 
1.8e-10 4.98e-17 
2e-10 5.44e-17 
2.2e-10 5.28e-17 
2.4e-10 1.83e-17 
2.6e-10 1.79e-17 
2.8e-10 1.94e-17 
3e-10 1.52e-17 
3.2e-10 1.76e-17 
3.4e-10 1.84e-17 
3.6e-10 1.68e-17 
3.8e-10 1.59e-17 
4e-10 1.68e-17 
4.2e-10 1.7e-17 
4.4e-10 2.09e-17 
4.6e-10 2.08e-17 
4.8e-10 5.68e-17 
5e-10 4.98e-17 
5.2e-10 5.83e-17 
5.4e-10 5.61e-17 
5.6e-10 5.08e-17 
5.8e-10 5.75e-17 
6e-10 5.69e-17 
6.2e-10 5.62e-17 
6.4e-10 5.49e-17 
6.6e-10 5.34e-17 
6.8e-10 5.95e-17 
7e-10 5.82e-17 
7.2e-10 5.49e-17 
7.4e-10 5.37e-17 
7.6e-10 5.89e-17 
7.8e-10 5.74e-17 
8e-10 5.64e-17 
8.2e-10 5.66e-17 
8.4e-10 5.47e-17 
8.6e-10 5.7e-17 
8.8e-10 5.3e-17 
9e-10 5.55e-17 
9.2e-10 5.86e-17 
9.4e-10 5.48e-17 
9.6e-10 5.46e-17 
9.8e-10 5.62e-17 
1e-09 -1.56e-17 
1.02e-09 7.51e-17 
1.04e-09 5.54e-17 
1.06e-09 5.69e-17 
1.08e-09 5.13e-17 
1.1e-09 5.28e-17 
1.12e-09 5.46e-17 
1.14e-09 5.3e-17 
1.16e-09 5.52e-17 
1.18e-09 5.64e-17 
1.2e-09 5.42e-17 
1.22e-09 5.34e-17 
1.24e-09 5.4e-17 
1.26e-09 5.55e-17 
1.28e-09 5.23e-17 
1.3e-09 5.3e-17 
1.32e-09 5.59e-17 
1.34e-09 5.73e-17 
1.36e-09 5.58e-17 
1.38e-09 5.69e-17 
1.4e-09 5.35e-17 
1.42e-09 5.26e-17 
1.44e-09 5.54e-17 
1.46e-09 5.51e-17 
1.48e-09 5.29e-17 
1.5e-09 1.24e-16 
1.52e-09 -1.55e-17 
1.54e-09 5.57e-17 
1.56e-09 5.69e-17 
1.58e-09 5.65e-17 
1.6e-09 5.27e-17 
1.62e-09 5.15e-17 
1.64e-09 5.55e-17 
1.66e-09 5.5e-17 
1.68e-09 5.34e-17 
1.7e-09 5.37e-17 
1.72e-09 5.49e-17 
1.74e-09 5.86e-17 
1.76e-09 5.62e-17 
1.78e-09 5.79e-17 
1.8e-09 5.66e-17 
1.82e-09 5.72e-17 
1.84e-09 5.4e-17 
1.86e-09 5.49e-17 
1.88e-09 4.95e-17 
1.9e-09 5.61e-17 
1.92e-09 5.55e-17 
1.94e-09 5.44e-17 
1.96e-09 5.54e-17 
1.98e-09 5.39e-17 
2e-09 6.32936e-08 
2.02e-09 1.47387e-07 
2.04e-09 1.24043e-07 
2.06e-09 1.03881e-07 
2.08e-09 8.77514e-08 
2.1e-09 7.52451e-08 
2.12e-09 6.55154e-08 
2.14e-09 5.7892e-08 
2.16e-09 5.17688e-08 
2.18e-09 4.67562e-08 
2.2e-09 4.25611e-08 
2.22e-09 3.89785e-08 
2.24e-09 3.5865e-08 
2.26e-09 3.31199e-08 
2.28e-09 3.06717e-08 
2.3e-09 2.84687e-08 
2.32e-09 2.64727e-08 
2.34e-09 2.46548e-08 
2.36e-09 2.29927e-08 
2.38e-09 2.14684e-08 
2.4e-09 2.00671e-08 
2.42e-09 1.87766e-08 
2.44e-09 1.75863e-08 
2.46e-09 1.64875e-08 
2.48e-09 1.54721e-08 
2.5e-09 1.45332e-08 
2.52e-09 1.36647e-08 
2.54e-09 1.2861e-08 
2.56e-09 1.2117e-08 
2.58e-09 1.1428e-08 
2.6e-09 1.07899e-08 
2.62e-09 1.01986e-08 
2.64e-09 9.65057e-09 
2.66e-09 9.1424e-09 
2.68e-09 8.67097e-09 
2.7e-09 8.23337e-09 
2.72e-09 7.82694e-09 
2.74e-09 7.44917e-09 
2.76e-09 7.09779e-09 
2.78e-09 6.77068e-09 
2.8e-09 6.4659e-09 
2.82e-09 6.18166e-09 
2.84e-09 5.91635e-09 
2.86e-09 5.66844e-09 
2.88e-09 5.43658e-09 
2.9e-09 5.21952e-09 
2.92e-09 5.0161e-09 
2.94e-09 4.82529e-09 
2.96e-09 4.64612e-09 
2.98e-09 4.47772e-09 
3e-09 4.3193e-09 
3.02e-09 4.17011e-09 
3.04e-09 4.02951e-09 
3.06e-09 3.89686e-09 
3.08e-09 3.77162e-09 
3.1e-09 3.65326e-09 
3.12e-09 3.54131e-09 
3.14e-09 3.43535e-09 
3.16e-09 3.33496e-09 
3.18e-09 3.23978e-09 
3.2e-09 3.14947e-09 
3.22e-09 3.06372e-09 
3.24e-09 2.98223e-09 
3.26e-09 2.90475e-09 
3.28e-09 2.83102e-09 
3.3e-09 2.76081e-09 
3.32e-09 2.69392e-09 
3.34e-09 2.63013e-09 
3.36e-09 2.56927e-09 
3.38e-09 2.51117e-09 
3.4e-09 2.45567e-09 
3.42e-09 2.40262e-09 
3.44e-09 2.35188e-09 
3.46e-09 2.30332e-09 
3.48e-09 2.25682e-09 
3.5e-09 2.21227e-09 
3.52e-09 2.16956e-09 
3.54e-09 2.1286e-09 
3.56e-09 2.08929e-09 
3.58e-09 2.05154e-09 
3.6e-09 2.01528e-09 
3.62e-09 1.98042e-09 
3.64e-09 1.9469e-09 
3.66e-09 1.91465e-09 
3.68e-09 1.8836e-09 
3.7e-09 1.85369e-09 
3.72e-09 1.82487e-09 
3.74e-09 1.79708e-09 
3.76e-09 1.77028e-09 
3.78e-09 1.74442e-09 
3.8e-09 1.71945e-09 
3.82e-09 1.69533e-09 
3.84e-09 1.67202e-09 
3.86e-09 1.64949e-09 
3.88e-09 1.6277e-09 
3.9e-09 1.60661e-09 
3.92e-09 1.58619e-09 
3.94e-09 1.56642e-09 
3.96e-09 1.54726e-09 
3.98e-09 1.5287e-09 
4e-09 1.51069e-09 
4.02e-09 1.49322e-09 
4.04e-09 1.47628e-09 
4.06e-09 1.45982e-09 
4.08e-09 1.44384e-09 
4.1e-09 1.42831e-09 
4.12e-09 1.41322e-09 
4.14e-09 1.39855e-09 
4.16e-09 1.38428e-09 
4.18e-09 1.37039e-09 
4.2e-09 1.35688e-09 
4.22e-09 1.34372e-09 
4.24e-09 1.33091e-09 
4.26e-09 1.31842e-09 
4.28e-09 1.30625e-09 
4.3e-09 1.29439e-09 
4.32e-09 1.28282e-09 
4.34e-09 1.27153e-09 
4.36e-09 1.26051e-09 
4.38e-09 1.24976e-09 
4.4e-09 1.23926e-09 
4.42e-09 1.22901e-09 
4.44e-09 1.21899e-09 
4.46e-09 1.2092e-09 
4.48e-09 1.19964e-09 
4.5e-09 1.19028e-09 
4.52e-09 1.18113e-09 
4.54e-09 1.17218e-09 
4.56e-09 1.16342e-09 
4.58e-09 1.15485e-09 
4.6e-09 1.14645e-09 
4.62e-09 1.13824e-09 
4.64e-09 1.13019e-09 
4.66e-09 1.1223e-09 
4.68e-09 1.11457e-09 
4.7e-09 1.107e-09 
4.72e-09 1.09957e-09 
4.74e-09 1.09229e-09 
4.76e-09 1.08515e-09 
4.78e-09 1.07815e-09 
4.8e-09 1.07127e-09 
4.82e-09 1.06453e-09 
4.84e-09 1.05791e-09 
4.86e-09 1.05141e-09 
4.88e-09 1.04503e-09 
4.9e-09 1.03876e-09 
4.92e-09 1.03261e-09 
4.94e-09 1.02656e-09 
4.96e-09 1.02062e-09 
4.98e-09 1.01478e-09 
5e-09 1.00904e-09 
5.02e-09 1.0034e-09 
5.04e-09 9.97846e-10 
5.06e-09 9.9239e-10 
5.08e-09 9.87023e-10 
5.1e-09 9.81744e-10 
5.12e-09 9.7655e-10 
5.14e-09 9.71439e-10 
5.16e-09 9.66409e-10 
5.18e-09 9.61458e-10 
5.2e-09 9.56584e-10 
5.22e-09 9.51785e-10 
5.24e-09 9.4706e-10 
5.26e-09 9.42407e-10 
5.28e-09 9.37823e-10 
5.3e-09 9.33308e-10 
5.32e-09 9.2886e-10 
5.34e-09 9.24477e-10 
5.36e-09 9.20158e-10 
5.38e-09 9.15901e-10 
5.4e-09 9.11705e-10 
5.42e-09 9.07569e-10 
5.44e-09 9.03491e-10 
5.46e-09 8.9947e-10 
5.48e-09 8.95505e-10 
5.5e-09 8.91595e-10 
5.52e-09 8.87738e-10 
5.54e-09 8.83933e-10 
5.56e-09 8.80179e-10 
5.58e-09 8.76476e-10 
5.6e-09 8.72821e-10 
5.62e-09 8.69215e-10 
5.64e-09 8.65656e-10 
5.66e-09 8.62143e-10 
5.68e-09 8.58675e-10 
5.7e-09 8.55252e-10 
5.72e-09 8.51872e-10 
5.74e-09 8.48534e-10 
5.76e-09 8.45239e-10 
5.78e-09 8.41984e-10 
5.8e-09 8.3877e-10 
5.82e-09 8.35595e-10 
5.84e-09 8.32458e-10 
5.86e-09 8.2936e-10 
5.88e-09 8.26299e-10 
5.9e-09 8.23274e-10 
5.92e-09 8.20285e-10 
5.94e-09 8.17332e-10 
5.96e-09 8.14413e-10 
5.98e-09 8.11528e-10 
6e-09 8.08676e-10 
6.02e-09 8.05857e-10 
6.04e-09 8.0307e-10 
6.06e-09 8.00315e-10 
6.08e-09 7.97591e-10 
6.1e-09 7.94897e-10 
6.12e-09 7.92233e-10 
6.14e-09 7.89599e-10 
6.16e-09 7.86994e-10 
6.18e-09 7.84417e-10 
6.2e-09 7.81868e-10 
6.22e-09 7.79347e-10 
6.24e-09 7.76853e-10 
6.26e-09 7.74385e-10 
6.28e-09 7.71944e-10 
6.3e-09 7.69529e-10 
6.32e-09 7.67138e-10 
6.34e-09 7.64773e-10 
6.36e-09 7.62432e-10 
6.38e-09 7.60116e-10 
6.4e-09 7.57823e-10 
6.42e-09 7.55554e-10 
6.44e-09 7.53307e-10 
6.46e-09 7.51084e-10 
6.48e-09 7.48882e-10 
6.5e-09 7.46703e-10 
6.52e-09 7.44545e-10 
6.54e-09 7.42409e-10 
6.56e-09 7.40294e-10 
6.58e-09 7.38199e-10 
6.6e-09 7.36125e-10 
6.62e-09 7.3407e-10 
6.64e-09 7.32036e-10 
6.66e-09 7.30021e-10 
6.68e-09 7.28025e-10 
6.7e-09 7.26048e-10 
6.72e-09 7.2409e-10 
6.74e-09 7.2215e-10 
6.76e-09 7.20228e-10 
6.78e-09 7.18324e-10 
6.8e-09 7.16438e-10 
6.82e-09 7.14569e-10 
6.84e-09 7.12718e-10 
6.86e-09 7.10883e-10 
6.88e-09 7.09064e-10 
6.9e-09 7.07263e-10 
6.92e-09 7.05477e-10 
6.94e-09 7.03707e-10 
6.96e-09 7.01953e-10 
6.98e-09 7.00215e-10 
7e-09 6.98492e-10 
7.02e-09 6.96784e-10 
7.04e-09 6.95091e-10 
7.06e-09 6.93413e-10 
7.08e-09 6.91749e-10 
7.1e-09 6.901e-10 
7.12e-09 6.88465e-10 
7.14e-09 6.86843e-10 
7.16e-09 6.85236e-10 
7.18e-09 6.83642e-10 
7.2e-09 6.82062e-10 
7.22e-09 6.80495e-10 
7.24e-09 6.78941e-10 
7.26e-09 6.774e-10 
7.28e-09 6.75871e-10 
7.3e-09 6.74356e-10 
7.32e-09 6.72853e-10 
7.34e-09 6.71362e-10 
7.36e-09 6.69883e-10 
7.38e-09 6.68416e-10 
7.4e-09 6.66962e-10 
7.42e-09 6.65519e-10 
7.44e-09 6.64087e-10 
7.46e-09 6.62667e-10 
7.48e-09 6.61258e-10 
7.5e-09 6.5986e-10 
7.52e-09 6.58474e-10 
7.54e-09 6.57098e-10 
7.56e-09 6.55733e-10 
7.58e-09 6.54379e-10 
7.6e-09 6.53035e-10 
7.62e-09 6.51702e-10 
7.64e-09 6.50379e-10 
7.66e-09 6.49066e-10 
7.68e-09 6.47764e-10 
7.7e-09 6.46471e-10 
7.72e-09 6.45188e-10 
7.74e-09 6.43914e-10 
7.76e-09 6.42651e-10 
7.78e-09 6.41397e-10 
7.8e-09 6.40152e-10 
7.82e-09 6.38916e-10 
7.84e-09 6.3769e-10 
7.86e-09 6.36473e-10 
7.88e-09 6.35264e-10 
7.9e-09 6.34065e-10 
7.92e-09 6.32874e-10 
7.94e-09 6.31693e-10 
7.96e-09 6.30519e-10 
7.98e-09 6.29355e-10 
8e-09 6.28198e-10 
8.02e-09 6.2705e-10 
8.04e-09 6.2591e-10 
8.06e-09 6.24779e-10 
8.08e-09 6.23655e-10 
8.1e-09 6.2254e-10 
8.12e-09 6.21432e-10 
8.14e-09 6.20332e-10 
8.16e-09 6.1924e-10 
8.18e-09 6.18156e-10 
8.2e-09 6.17079e-10 
8.22e-09 6.16009e-10 
8.24e-09 6.14947e-10 
8.26e-09 6.13893e-10 
8.28e-09 6.12845e-10 
8.3e-09 6.11805e-10 
8.32e-09 6.10772e-10 
8.34e-09 6.09746e-10 
8.36e-09 6.08727e-10 
8.38e-09 6.07715e-10 
8.4e-09 6.0671e-10 
8.42e-09 6.05712e-10 
8.44e-09 6.0472e-10 
8.46e-09 6.03735e-10 
8.48e-09 6.02757e-10 
8.5e-09 6.01785e-10 
8.52e-09 6.00819e-10 
8.54e-09 5.9986e-10 
8.56e-09 5.98908e-10 
8.58e-09 5.97961e-10 
8.6e-09 5.97021e-10 
8.62e-09 5.96087e-10 
8.64e-09 5.95159e-10 
8.66e-09 5.94237e-10 
8.68e-09 5.93321e-10 
8.7e-09 5.92412e-10 
8.72e-09 5.91507e-10 
8.74e-09 5.90609e-10 
8.76e-09 5.89717e-10 
8.78e-09 5.8883e-10 
8.8e-09 5.87949e-10 
8.82e-09 5.87073e-10 
8.84e-09 5.86203e-10 
8.86e-09 5.85339e-10 
8.88e-09 5.8448e-10 
8.9e-09 5.83627e-10 
8.92e-09 5.82778e-10 
8.94e-09 5.81936e-10 
8.96e-09 5.81098e-10 
8.98e-09 5.80266e-10 
9e-09 5.79438e-10 
9.02e-09 5.78616e-10 
9.04e-09 5.77799e-10 
9.06e-09 5.76988e-10 
9.08e-09 5.76181e-10 
9.1e-09 5.75379e-10 
9.12e-09 5.74582e-10 
9.14e-09 5.73789e-10 
9.16e-09 5.73002e-10 
9.18e-09 5.7222e-10 
9.2e-09 5.71442e-10 
9.22e-09 5.70669e-10 
9.24e-09 5.699e-10 
9.26e-09 5.69136e-10 
9.28e-09 5.68377e-10 
9.3e-09 5.67622e-10 
9.32e-09 5.66872e-10 
9.34e-09 5.66127e-10 
9.36e-09 5.65385e-10 
9.38e-09 5.64648e-10 
9.4e-09 5.63916e-10 
9.42e-09 5.63188e-10 
9.44e-09 5.62464e-10 
9.46e-09 5.61744e-10 
9.48e-09 5.61029e-10 
9.5e-09 5.60318e-10 
9.52e-09 5.59611e-10 
9.54e-09 5.58908e-10 
9.56e-09 5.58209e-10 
9.58e-09 5.57514e-10 
9.6e-09 5.56823e-10 
9.62e-09 5.56136e-10 
9.64e-09 5.55454e-10 
9.66e-09 5.54775e-10 
9.68e-09 5.541e-10 
9.7e-09 5.53428e-10 
9.72e-09 5.52761e-10 
9.74e-09 5.52098e-10 
9.76e-09 5.51438e-10 
9.78e-09 5.50782e-10 
9.8e-09 5.5013e-10 
9.82e-09 5.49481e-10 
9.84e-09 5.48836e-10 
9.86e-09 5.48195e-10 
9.88e-09 5.47557e-10 
9.9e-09 5.46923e-10 
9.92e-09 5.46293e-10 
9.94e-09 5.45666e-10 
9.96e-09 5.45042e-10 
9.98e-09 5.44422e-10 
1e-08 5.43806e-10 
