0 -7e-28 
2e-11 -6.12e-28 
4e-11 1.038e-27 
6e-11 2.427e-27 
8e-11 3.483e-27 
1e-10 4.539e-27 
1.2e-10 5.625e-27 
1.4e-10 6.738e-27 
1.6e-10 7.79e-27 
1.8e-10 8.832e-27 
2e-10 9.904e-27 
2.2e-10 1.0615e-26 
2.4e-10 1.0977e-26 
2.6e-10 1.135e-26 
2.8e-10 1.1696e-26 
3e-10 1.2024e-26 
3.2e-10 1.2384e-26 
3.4e-10 1.2736e-26 
3.6e-10 1.3063e-26 
3.8e-10 1.339e-26 
4e-10 1.3728e-26 
4.2e-10 1.4107e-26 
4.4e-10 1.4524e-26 
4.6e-10 1.53e-26 
4.8e-10 1.6366e-26 
5e-10 1.7447e-26 
5.2e-10 1.8591e-26 
5.4e-10 1.966e-26 
5.6e-10 2.0743e-26 
5.8e-10 2.1887e-26 
6e-10 2.3018e-26 
6.2e-10 2.4129e-26 
6.4e-10 2.5212e-26 
6.6e-10 2.6341e-26 
6.8e-10 2.7518e-26 
7e-10 2.8649e-26 
7.2e-10 2.9735e-26 
7.4e-10 3.0861e-26 
7.6e-10 3.2024e-26 
7.8e-10 3.3162e-26 
8e-10 3.4292e-26 
8.2e-10 3.5405e-26 
8.4e-10 3.6522e-26 
8.6e-10 3.7622e-26 
8.8e-10 3.8707e-26 
9e-10 3.9848e-26 
9.2e-10 4.0982e-26 
9.4e-10 4.2076e-26 
9.6e-10 4.3184e-26 
9.8e-10 4.359e-26 
1e-09 4.4185e-26 
1.02e-09 4.549e-26 
1.04e-09 4.6613e-26 
1.06e-09 4.7695e-26 
1.08e-09 4.8736e-26 
1.1e-09 4.981e-26 
1.12e-09 5.0886e-26 
1.14e-09 5.1968e-26 
1.16e-09 5.3084e-26 
1.18e-09 5.419e-26 
1.2e-09 5.5266e-26 
1.22e-09 5.634e-26 
1.24e-09 5.7435e-26 
1.26e-09 5.8513e-26 
1.28e-09 5.9566e-26 
1.3e-09 6.0655e-26 
1.32e-09 6.1787e-26 
1.34e-09 6.2918e-26 
1.36e-09 6.4045e-26 
1.38e-09 6.5149e-26 
1.4e-09 6.621e-26 
1.42e-09 6.729e-26 
1.44e-09 6.8395e-26 
1.46e-09 6.9475e-26 
1.48e-09 7.1244e-26 
1.5e-09 7.2329e-26 
1.52e-09 7.2731e-26 
1.54e-09 7.3857e-26 
1.56e-09 7.4991e-26 
1.58e-09 7.6083e-26 
1.6e-09 7.7125e-26 
1.62e-09 7.8195e-26 
1.64e-09 7.93e-26 
1.66e-09 8.0384e-26 
1.68e-09 8.1455e-26 
1.7e-09 8.2541e-26 
1.72e-09 8.3676e-26 
1.74e-09 8.4824e-26 
1.76e-09 8.5965e-26 
1.78e-09 8.711e-26 
1.8e-09 8.8248e-26 
1.82e-09 8.936e-26 
1.84e-09 9.0449e-26 
1.86e-09 9.1493e-26 
1.88e-09 9.2549e-26 
1.9e-09 9.3665e-26 
1.92e-09 9.4764e-26 
1.94e-09 9.5862e-26 
1.96e-09 9.6955e-26 
1.98e-09 6.32936e-19 
2e-09 2.73974e-18 
2.02e-09 5.45404e-18 
2.04e-09 7.73328e-18 
2.06e-09 9.6496e-18 
2.08e-09 1.12796e-17 
2.1e-09 1.26872e-17 
2.12e-09 1.39212e-17 
2.14e-09 1.50179e-17 
2.16e-09 1.60031e-17 
2.18e-09 1.68963e-17 
2.2e-09 1.77117e-17 
2.22e-09 1.84601e-17 
2.24e-09 1.915e-17 
2.26e-09 1.97879e-17 
2.28e-09 2.03793e-17 
2.3e-09 2.09287e-17 
2.32e-09 2.144e-17 
2.34e-09 2.19164e-17 
2.36e-09 2.2361e-17 
2.38e-09 2.27764e-17 
2.4e-09 2.31648e-17 
2.42e-09 2.35285e-17 
2.44e-09 2.38692e-17 
2.46e-09 2.41888e-17 
2.48e-09 2.44888e-17 
2.5e-09 2.47708e-17 
2.52e-09 2.50361e-17 
2.54e-09 2.52859e-17 
2.56e-09 2.55213e-17 
2.58e-09 2.57435e-17 
2.6e-09 2.59534e-17 
2.62e-09 2.61519e-17 
2.64e-09 2.63398e-17 
2.66e-09 2.65179e-17 
2.68e-09 2.6687e-17 
2.7e-09 2.68476e-17 
2.72e-09 2.70003e-17 
2.74e-09 2.71458e-17 
2.76e-09 2.72845e-17 
2.78e-09 2.74169e-17 
2.8e-09 2.75433e-17 
2.82e-09 2.76643e-17 
2.84e-09 2.77802e-17 
2.86e-09 2.78912e-17 
2.88e-09 2.79978e-17 
2.9e-09 2.81001e-17 
2.92e-09 2.81985e-17 
2.94e-09 2.82933e-17 
2.96e-09 2.83845e-17 
2.98e-09 2.84725e-17 
3e-09 2.85574e-17 
3.02e-09 2.86394e-17 
3.04e-09 2.87186e-17 
3.06e-09 2.87953e-17 
3.08e-09 2.88696e-17 
3.1e-09 2.89415e-17 
3.12e-09 2.90113e-17 
3.14e-09 2.9079e-17 
3.16e-09 2.91447e-17 
3.18e-09 2.92086e-17 
3.2e-09 2.92707e-17 
3.22e-09 2.93312e-17 
3.24e-09 2.93901e-17 
3.26e-09 2.94474e-17 
3.28e-09 2.95033e-17 
3.3e-09 2.95579e-17 
3.32e-09 2.96111e-17 
3.34e-09 2.96631e-17 
3.36e-09 2.97139e-17 
3.38e-09 2.97636e-17 
3.4e-09 2.98122e-17 
3.42e-09 2.98597e-17 
3.44e-09 2.99063e-17 
3.46e-09 2.99519e-17 
3.48e-09 2.99966e-17 
3.5e-09 3.00404e-17 
3.52e-09 3.00834e-17 
3.54e-09 3.01255e-17 
3.56e-09 3.0167e-17 
3.58e-09 3.02076e-17 
3.6e-09 3.02476e-17 
3.62e-09 3.02869e-17 
3.64e-09 3.03255e-17 
3.66e-09 3.03635e-17 
3.68e-09 3.04008e-17 
3.7e-09 3.04376e-17 
3.72e-09 3.04738e-17 
3.74e-09 3.05095e-17 
3.76e-09 3.05447e-17 
3.78e-09 3.05793e-17 
3.8e-09 3.06134e-17 
3.82e-09 3.06471e-17 
3.84e-09 3.06803e-17 
3.86e-09 3.07131e-17 
3.88e-09 3.07454e-17 
3.9e-09 3.07774e-17 
3.92e-09 3.08089e-17 
3.94e-09 3.084e-17 
3.96e-09 3.08708e-17 
3.98e-09 3.09012e-17 
4e-09 3.09312e-17 
4.02e-09 3.09609e-17 
4.04e-09 3.09903e-17 
4.06e-09 3.10193e-17 
4.08e-09 3.1048e-17 
4.1e-09 3.10765e-17 
4.12e-09 3.11046e-17 
4.14e-09 3.11324e-17 
4.16e-09 3.11599e-17 
4.18e-09 3.11872e-17 
4.2e-09 3.12142e-17 
4.22e-09 3.1241e-17 
4.24e-09 3.12675e-17 
4.26e-09 3.12937e-17 
4.28e-09 3.13197e-17 
4.3e-09 3.13455e-17 
4.32e-09 3.1371e-17 
4.34e-09 3.13964e-17 
4.36e-09 3.14215e-17 
4.38e-09 3.14463e-17 
4.4e-09 3.1471e-17 
4.42e-09 3.14955e-17 
4.44e-09 3.15198e-17 
4.46e-09 3.15439e-17 
4.48e-09 3.15678e-17 
4.5e-09 3.15915e-17 
4.52e-09 3.1615e-17 
4.54e-09 3.16384e-17 
4.56e-09 3.16616e-17 
4.58e-09 3.16846e-17 
4.6e-09 3.17074e-17 
4.62e-09 3.17301e-17 
4.64e-09 3.17526e-17 
4.66e-09 3.1775e-17 
4.68e-09 3.17972e-17 
4.7e-09 3.18193e-17 
4.72e-09 3.18412e-17 
4.74e-09 3.1863e-17 
4.76e-09 3.18846e-17 
4.78e-09 3.19061e-17 
4.8e-09 3.19275e-17 
4.82e-09 3.19487e-17 
4.84e-09 3.19698e-17 
4.86e-09 3.19907e-17 
4.88e-09 3.20116e-17 
4.9e-09 3.20323e-17 
4.92e-09 3.20529e-17 
4.94e-09 3.20734e-17 
4.96e-09 3.20937e-17 
4.98e-09 3.21139e-17 
5e-09 3.21341e-17 
5.02e-09 3.21541e-17 
5.04e-09 3.2174e-17 
5.06e-09 3.21938e-17 
5.08e-09 3.22135e-17 
5.1e-09 3.22331e-17 
5.12e-09 3.22525e-17 
5.14e-09 3.22719e-17 
5.16e-09 3.22912e-17 
5.18e-09 3.23104e-17 
5.2e-09 3.23295e-17 
5.22e-09 3.23484e-17 
5.24e-09 3.23673e-17 
5.26e-09 3.23861e-17 
5.28e-09 3.24049e-17 
5.3e-09 3.24235e-17 
5.32e-09 3.2442e-17 
5.34e-09 3.24605e-17 
5.36e-09 3.24788e-17 
5.38e-09 3.24971e-17 
5.4e-09 3.25153e-17 
5.42e-09 3.25334e-17 
5.44e-09 3.25514e-17 
5.46e-09 3.25694e-17 
5.48e-09 3.25872e-17 
5.5e-09 3.2605e-17 
5.52e-09 3.26228e-17 
5.54e-09 3.26404e-17 
5.56e-09 3.2658e-17 
5.58e-09 3.26755e-17 
5.6e-09 3.26929e-17 
5.62e-09 3.27102e-17 
5.64e-09 3.27275e-17 
5.66e-09 3.27447e-17 
5.68e-09 3.27618e-17 
5.7e-09 3.27789e-17 
5.72e-09 3.27959e-17 
5.74e-09 3.28129e-17 
5.76e-09 3.28297e-17 
5.78e-09 3.28465e-17 
5.8e-09 3.28633e-17 
5.82e-09 3.288e-17 
5.84e-09 3.28966e-17 
5.86e-09 3.29131e-17 
5.88e-09 3.29296e-17 
5.9e-09 3.29461e-17 
5.92e-09 3.29624e-17 
5.94e-09 3.29788e-17 
5.96e-09 3.2995e-17 
5.98e-09 3.30112e-17 
6e-09 3.30274e-17 
6.02e-09 3.30435e-17 
6.04e-09 3.30595e-17 
6.06e-09 3.30755e-17 
6.08e-09 3.30914e-17 
6.1e-09 3.31073e-17 
6.12e-09 3.31231e-17 
6.14e-09 3.31389e-17 
6.16e-09 3.31546e-17 
6.18e-09 3.31702e-17 
6.2e-09 3.31858e-17 
6.22e-09 3.32014e-17 
6.24e-09 3.32169e-17 
6.26e-09 3.32324e-17 
6.28e-09 3.32478e-17 
6.3e-09 3.32632e-17 
6.32e-09 3.32785e-17 
6.34e-09 3.32938e-17 
6.36e-09 3.3309e-17 
6.38e-09 3.33242e-17 
6.4e-09 3.33393e-17 
6.42e-09 3.33544e-17 
6.44e-09 3.33694e-17 
6.46e-09 3.33844e-17 
6.48e-09 3.33994e-17 
6.5e-09 3.34143e-17 
6.52e-09 3.34292e-17 
6.54e-09 3.3444e-17 
6.56e-09 3.34588e-17 
6.58e-09 3.34735e-17 
6.6e-09 3.34882e-17 
6.62e-09 3.35029e-17 
6.64e-09 3.35175e-17 
6.66e-09 3.35321e-17 
6.68e-09 3.35466e-17 
6.7e-09 3.35611e-17 
6.72e-09 3.35756e-17 
6.74e-09 3.359e-17 
6.76e-09 3.36044e-17 
6.78e-09 3.36187e-17 
6.8e-09 3.36331e-17 
6.82e-09 3.36473e-17 
6.84e-09 3.36616e-17 
6.86e-09 3.36758e-17 
6.88e-09 3.36899e-17 
6.9e-09 3.37041e-17 
6.92e-09 3.37181e-17 
6.94e-09 3.37322e-17 
6.96e-09 3.37462e-17 
6.98e-09 3.37602e-17 
7e-09 3.37742e-17 
7.02e-09 3.37881e-17 
7.04e-09 3.3802e-17 
7.06e-09 3.38158e-17 
7.08e-09 3.38296e-17 
7.1e-09 3.38434e-17 
7.12e-09 3.38572e-17 
7.14e-09 3.38709e-17 
7.16e-09 3.38846e-17 
7.18e-09 3.38982e-17 
7.2e-09 3.39119e-17 
7.22e-09 3.39255e-17 
7.24e-09 3.3939e-17 
7.26e-09 3.39526e-17 
7.28e-09 3.39661e-17 
7.3e-09 3.39795e-17 
7.32e-09 3.3993e-17 
7.34e-09 3.40064e-17 
7.36e-09 3.40198e-17 
7.38e-09 3.40331e-17 
7.4e-09 3.40464e-17 
7.42e-09 3.40597e-17 
7.44e-09 3.4073e-17 
7.46e-09 3.40862e-17 
7.48e-09 3.40995e-17 
7.5e-09 3.41126e-17 
7.52e-09 3.41258e-17 
7.54e-09 3.41389e-17 
7.56e-09 3.4152e-17 
7.58e-09 3.41651e-17 
7.6e-09 3.41782e-17 
7.62e-09 3.41912e-17 
7.64e-09 3.42042e-17 
7.66e-09 3.42171e-17 
7.68e-09 3.42301e-17 
7.7e-09 3.4243e-17 
7.72e-09 3.42559e-17 
7.74e-09 3.42688e-17 
7.76e-09 3.42816e-17 
7.78e-09 3.42944e-17 
7.8e-09 3.43072e-17 
7.82e-09 3.432e-17 
7.84e-09 3.43327e-17 
7.86e-09 3.43454e-17 
7.88e-09 3.43581e-17 
7.9e-09 3.43708e-17 
7.92e-09 3.43834e-17 
7.94e-09 3.43961e-17 
7.96e-09 3.44087e-17 
7.98e-09 3.44212e-17 
8e-09 3.44338e-17 
8.02e-09 3.44463e-17 
8.04e-09 3.44588e-17 
8.06e-09 3.44713e-17 
8.08e-09 3.44838e-17 
8.1e-09 3.44962e-17 
8.12e-09 3.45086e-17 
8.14e-09 3.4521e-17 
8.16e-09 3.45334e-17 
8.18e-09 3.45457e-17 
8.2e-09 3.45581e-17 
8.22e-09 3.45704e-17 
8.24e-09 3.45827e-17 
8.26e-09 3.45949e-17 
8.28e-09 3.46072e-17 
8.3e-09 3.46194e-17 
8.32e-09 3.46316e-17 
8.34e-09 3.46438e-17 
8.36e-09 3.4656e-17 
8.38e-09 3.46681e-17 
8.4e-09 3.46802e-17 
8.42e-09 3.46923e-17 
8.44e-09 3.47044e-17 
8.46e-09 3.47165e-17 
8.48e-09 3.47285e-17 
8.5e-09 3.47406e-17 
8.52e-09 3.47526e-17 
8.54e-09 3.47646e-17 
8.56e-09 3.47765e-17 
8.58e-09 3.47885e-17 
8.6e-09 3.48004e-17 
8.62e-09 3.48123e-17 
8.64e-09 3.48242e-17 
8.66e-09 3.48361e-17 
8.68e-09 3.48479e-17 
8.7e-09 3.48598e-17 
8.72e-09 3.48716e-17 
8.74e-09 3.48834e-17 
8.76e-09 3.48952e-17 
8.78e-09 3.4907e-17 
8.8e-09 3.49187e-17 
8.82e-09 3.49304e-17 
8.84e-09 3.49422e-17 
8.86e-09 3.49539e-17 
8.88e-09 3.49655e-17 
8.9e-09 3.49772e-17 
8.92e-09 3.49888e-17 
8.94e-09 3.50005e-17 
8.96e-09 3.50121e-17 
8.98e-09 3.50237e-17 
9e-09 3.50353e-17 
9.02e-09 3.50468e-17 
9.04e-09 3.50584e-17 
9.06e-09 3.50699e-17 
9.08e-09 3.50814e-17 
9.1e-09 3.50929e-17 
9.12e-09 3.51044e-17 
9.14e-09 3.51159e-17 
9.16e-09 3.51273e-17 
9.18e-09 3.51388e-17 
9.2e-09 3.51502e-17 
9.22e-09 3.51616e-17 
9.24e-09 3.5173e-17 
9.26e-09 3.51844e-17 
9.28e-09 3.51957e-17 
9.3e-09 3.52071e-17 
9.32e-09 3.52184e-17 
9.34e-09 3.52297e-17 
9.36e-09 3.5241e-17 
9.38e-09 3.52523e-17 
9.4e-09 3.52636e-17 
9.42e-09 3.52748e-17 
9.44e-09 3.52861e-17 
9.46e-09 3.52973e-17 
9.48e-09 3.53085e-17 
9.5e-09 3.53197e-17 
9.52e-09 3.53309e-17 
9.54e-09 3.53421e-17 
9.56e-09 3.53532e-17 
9.58e-09 3.53644e-17 
9.6e-09 3.53755e-17 
9.62e-09 3.53866e-17 
9.64e-09 3.53977e-17 
9.66e-09 3.54088e-17 
9.68e-09 3.54199e-17 
9.7e-09 3.54309e-17 
9.72e-09 3.5442e-17 
9.74e-09 3.5453e-17 
9.76e-09 3.5464e-17 
9.78e-09 3.54751e-17 
9.8e-09 3.5486e-17 
9.82e-09 3.5497e-17 
9.84e-09 3.5508e-17 
9.86e-09 3.5519e-17 
9.88e-09 3.55299e-17 
9.9e-09 3.55408e-17 
9.92e-09 3.55518e-17 
9.94e-09 3.55627e-17 
9.96e-09 3.55736e-17 
9.98e-09 3.55844e-17 
1e-08 3.55899e-17 
