0 0 
2e-11 0 
4e-11 0 
6e-11 0 
8e-11 0 
1e-10 0 
1.2e-10 0 
1.4e-10 0 
1.6e-10 0 
1.8e-10 0 
2e-10 0 
2.2e-10 0 
2.4e-10 0 
2.6e-10 0 
2.8e-10 0 
3e-10 0 
3.2e-10 0 
3.4e-10 0 
3.6e-10 0 
3.8e-10 0 
4e-10 0 
4.2e-10 0 
4.4e-10 0 
4.6e-10 0 
4.8e-10 0 
5e-10 0 
5.2e-10 0 
5.4e-10 0 
5.6e-10 0 
5.8e-10 0 
6e-10 0 
6.2e-10 0 
6.4e-10 0 
6.6e-10 0 
6.8e-10 0 
7e-10 0 
7.2e-10 0 
7.4e-10 0 
7.6e-10 0 
7.8e-10 0 
8e-10 0 
8.2e-10 0 
8.4e-10 0 
8.6e-10 0 
8.8e-10 0 
9e-10 0 
9.2e-10 0 
9.4e-10 0 
9.6e-10 0 
9.8e-10 0 
1e-09 0 
1.02e-09 0 
1.04e-09 0 
1.06e-09 0 
1.08e-09 0 
1.1e-09 0 
1.12e-09 0 
1.14e-09 0 
1.16e-09 0 
1.18e-09 0 
1.2e-09 0 
1.22e-09 0 
1.24e-09 0 
1.26e-09 0 
1.28e-09 0 
1.3e-09 0 
1.32e-09 0 
1.34e-09 0 
1.36e-09 0 
1.38e-09 0 
1.4e-09 0 
1.42e-09 0 
1.44e-09 0 
1.46e-09 0 
1.48e-09 0 
1.5e-09 0 
1.52e-09 0 
1.54e-09 0 
1.56e-09 0 
1.58e-09 0 
1.6e-09 0 
1.62e-09 0 
1.64e-09 0 
1.66e-09 0 
1.68e-09 0 
1.7e-09 0 
1.72e-09 0 
1.74e-09 0 
1.76e-09 0 
1.78e-09 0 
1.8e-09 0 
1.82e-09 0 
1.84e-09 0 
1.86e-09 0 
1.88e-09 0 
1.9e-09 0 
1.92e-09 0 
1.94e-09 0 
1.96e-09 0 
1.98e-09 9.16611e-19 
2e-09 1.8766e-18 
2.02e-09 1.96027e-18 
2.04e-09 2.03815e-18 
2.06e-09 2.11094e-18 
2.08e-09 2.17918e-18 
2.1e-09 2.24327e-18 
2.12e-09 2.30355e-18 
2.14e-09 2.36028e-18 
2.16e-09 2.41367e-18 
2.18e-09 2.4639e-18 
2.2e-09 2.51116e-18 
2.22e-09 2.55559e-18 
2.24e-09 2.59734e-18 
2.26e-09 2.63655e-18 
2.28e-09 2.67335e-18 
2.3e-09 2.70788e-18 
2.32e-09 2.74024e-18 
2.34e-09 2.77057e-18 
2.36e-09 2.79898e-18 
2.38e-09 2.82557e-18 
2.4e-09 2.85046e-18 
2.42e-09 2.87374e-18 
2.44e-09 2.89551e-18 
2.46e-09 2.91586e-18 
2.48e-09 2.93488e-18 
2.5e-09 2.95265e-18 
2.52e-09 2.96925e-18 
2.54e-09 2.98476e-18 
2.56e-09 2.99924e-18 
2.58e-09 3.01276e-18 
2.6e-09 3.02538e-18 
2.62e-09 3.03716e-18 
2.64e-09 3.04816e-18 
2.66e-09 3.05842e-18 
2.68e-09 3.068e-18 
2.7e-09 3.07694e-18 
2.72e-09 3.08527e-18 
2.74e-09 3.09305e-18 
2.76e-09 3.10031e-18 
2.78e-09 3.10708e-18 
2.8e-09 3.1134e-18 
2.82e-09 3.11929e-18 
2.84e-09 3.12478e-18 
2.86e-09 3.12991e-18 
2.88e-09 3.13469e-18 
2.9e-09 3.13915e-18 
2.92e-09 3.14331e-18 
2.94e-09 3.14719e-18 
2.96e-09 3.15081e-18 
2.98e-09 3.15418e-18 
3e-09 3.15733e-18 
3.02e-09 3.16027e-18 
3.04e-09 3.163e-18 
3.06e-09 3.16556e-18 
3.08e-09 3.16794e-18 
3.1e-09 3.17016e-18 
3.12e-09 3.17223e-18 
3.14e-09 3.17416e-18 
3.16e-09 3.17596e-18 
3.18e-09 3.17764e-18 
3.2e-09 3.17921e-18 
3.22e-09 3.18067e-18 
3.24e-09 3.18203e-18 
3.26e-09 3.1833e-18 
3.28e-09 3.18449e-18 
3.3e-09 3.18559e-18 
3.32e-09 3.18662e-18 
3.34e-09 3.18759e-18 
3.36e-09 3.18848e-18 
3.38e-09 3.18932e-18 
3.4e-09 3.1901e-18 
3.42e-09 3.19082e-18 
3.44e-09 3.1915e-18 
3.46e-09 3.19213e-18 
3.48e-09 3.19272e-18 
3.5e-09 3.19327e-18 
3.52e-09 3.19379e-18 
3.54e-09 3.19426e-18 
3.56e-09 3.19471e-18 
3.58e-09 3.19513e-18 
3.6e-09 3.19551e-18 
3.62e-09 3.19588e-18 
3.64e-09 3.19621e-18 
3.66e-09 3.19653e-18 
3.68e-09 3.19682e-18 
3.7e-09 3.19709e-18 
3.72e-09 3.19735e-18 
3.74e-09 3.19759e-18 
3.76e-09 3.19781e-18 
3.78e-09 3.19802e-18 
3.8e-09 3.19821e-18 
3.82e-09 3.19839e-18 
3.84e-09 3.19856e-18 
3.86e-09 3.19871e-18 
3.88e-09 3.19886e-18 
3.9e-09 3.199e-18 
3.92e-09 3.19912e-18 
3.94e-09 3.19924e-18 
3.96e-09 3.19935e-18 
3.98e-09 3.19945e-18 
4e-09 3.19955e-18 
4.02e-09 3.19964e-18 
4.04e-09 3.19972e-18 
4.06e-09 3.1998e-18 
4.08e-09 3.19987e-18 
4.1e-09 3.19994e-18 
4.12e-09 3.2e-18 
4.14e-09 3.20006e-18 
4.16e-09 3.20012e-18 
4.18e-09 3.20017e-18 
4.2e-09 3.20022e-18 
4.22e-09 3.20026e-18 
4.24e-09 3.2003e-18 
4.26e-09 3.20034e-18 
4.28e-09 3.20038e-18 
4.3e-09 3.20041e-18 
4.32e-09 3.20044e-18 
4.34e-09 3.20047e-18 
4.36e-09 3.2005e-18 
4.38e-09 3.20053e-18 
4.4e-09 3.20055e-18 
4.42e-09 3.20057e-18 
4.44e-09 3.20059e-18 
4.46e-09 3.20061e-18 
4.48e-09 3.20063e-18 
4.5e-09 3.20065e-18 
4.52e-09 3.20066e-18 
4.54e-09 3.20068e-18 
4.56e-09 3.20069e-18 
4.58e-09 3.2007e-18 
4.6e-09 3.20071e-18 
4.62e-09 3.20073e-18 
4.64e-09 3.20074e-18 
4.66e-09 3.20075e-18 
4.68e-09 3.20075e-18 
4.7e-09 3.20076e-18 
4.72e-09 3.20077e-18 
4.74e-09 3.20078e-18 
4.76e-09 3.20078e-18 
4.78e-09 3.20079e-18 
4.8e-09 3.2008e-18 
4.82e-09 3.2008e-18 
4.84e-09 3.20081e-18 
4.86e-09 3.20081e-18 
4.88e-09 3.20082e-18 
4.9e-09 3.20082e-18 
4.92e-09 3.20082e-18 
4.94e-09 3.20083e-18 
4.96e-09 3.20083e-18 
4.98e-09 3.20083e-18 
5e-09 3.20084e-18 
5.02e-09 3.20084e-18 
5.04e-09 3.20084e-18 
5.06e-09 3.20085e-18 
5.08e-09 3.20085e-18 
5.1e-09 3.20085e-18 
5.12e-09 3.20085e-18 
5.14e-09 3.20085e-18 
5.16e-09 3.20085e-18 
5.18e-09 3.20086e-18 
5.2e-09 3.20086e-18 
5.22e-09 3.20086e-18 
5.24e-09 3.20086e-18 
5.26e-09 3.20086e-18 
5.28e-09 3.20086e-18 
5.3e-09 3.20086e-18 
5.32e-09 3.20086e-18 
5.34e-09 3.20087e-18 
5.36e-09 3.20087e-18 
5.38e-09 3.20087e-18 
5.4e-09 3.20087e-18 
5.42e-09 3.20087e-18 
5.44e-09 3.20087e-18 
5.46e-09 3.20087e-18 
5.48e-09 3.20087e-18 
5.5e-09 3.20087e-18 
5.52e-09 3.20087e-18 
5.54e-09 3.20087e-18 
5.56e-09 3.20087e-18 
5.58e-09 3.20087e-18 
5.6e-09 3.20087e-18 
5.62e-09 3.20087e-18 
5.64e-09 3.20087e-18 
5.66e-09 3.20087e-18 
5.68e-09 3.20087e-18 
5.7e-09 3.20087e-18 
5.72e-09 3.20087e-18 
5.74e-09 3.20087e-18 
5.76e-09 3.20087e-18 
5.78e-09 3.20088e-18 
5.8e-09 3.20088e-18 
5.82e-09 3.20088e-18 
5.84e-09 3.20088e-18 
5.86e-09 3.20088e-18 
5.88e-09 3.20088e-18 
5.9e-09 3.20088e-18 
5.92e-09 3.20088e-18 
5.94e-09 3.20088e-18 
5.96e-09 3.20088e-18 
5.98e-09 3.20088e-18 
6e-09 3.20088e-18 
6.02e-09 3.20088e-18 
6.04e-09 3.20088e-18 
6.06e-09 3.20088e-18 
6.08e-09 3.20088e-18 
6.1e-09 3.20088e-18 
6.12e-09 3.20088e-18 
6.14e-09 3.20088e-18 
6.16e-09 3.20088e-18 
6.18e-09 3.20088e-18 
6.2e-09 3.20088e-18 
6.22e-09 3.20088e-18 
6.24e-09 3.20088e-18 
6.26e-09 3.20088e-18 
6.28e-09 3.20088e-18 
6.3e-09 3.20088e-18 
6.32e-09 3.20088e-18 
6.34e-09 3.20088e-18 
6.36e-09 3.20088e-18 
6.38e-09 3.20088e-18 
6.4e-09 3.20088e-18 
6.42e-09 3.20088e-18 
6.44e-09 3.20088e-18 
6.46e-09 3.20088e-18 
6.48e-09 3.20088e-18 
6.5e-09 3.20088e-18 
6.52e-09 3.20088e-18 
6.54e-09 3.20088e-18 
6.56e-09 3.20088e-18 
6.58e-09 3.20088e-18 
6.6e-09 3.20088e-18 
6.62e-09 3.20088e-18 
6.64e-09 3.20088e-18 
6.66e-09 3.20088e-18 
6.68e-09 3.20088e-18 
6.7e-09 3.20088e-18 
6.72e-09 3.20088e-18 
6.74e-09 3.20088e-18 
6.76e-09 3.20088e-18 
6.78e-09 3.20088e-18 
6.8e-09 3.20088e-18 
6.82e-09 3.20088e-18 
6.84e-09 3.20088e-18 
6.86e-09 3.20088e-18 
6.88e-09 3.20088e-18 
6.9e-09 3.20088e-18 
6.92e-09 3.20088e-18 
6.94e-09 3.20088e-18 
6.96e-09 3.20088e-18 
6.98e-09 3.20088e-18 
7e-09 3.20088e-18 
7.02e-09 3.20088e-18 
7.04e-09 3.20088e-18 
7.06e-09 3.20088e-18 
7.08e-09 3.20088e-18 
7.1e-09 3.20088e-18 
7.12e-09 3.20088e-18 
7.14e-09 3.20088e-18 
7.16e-09 3.20088e-18 
7.18e-09 3.20088e-18 
7.2e-09 3.20088e-18 
7.22e-09 3.20088e-18 
7.24e-09 3.20088e-18 
7.26e-09 3.20088e-18 
7.28e-09 3.20088e-18 
7.3e-09 3.20088e-18 
7.32e-09 3.20088e-18 
7.34e-09 3.20088e-18 
7.36e-09 3.20088e-18 
7.38e-09 3.20088e-18 
7.4e-09 3.20088e-18 
7.42e-09 3.20088e-18 
7.44e-09 3.20088e-18 
7.46e-09 3.20088e-18 
7.48e-09 3.20088e-18 
7.5e-09 3.20088e-18 
7.52e-09 3.20088e-18 
7.54e-09 3.20088e-18 
7.56e-09 3.20088e-18 
7.58e-09 3.20088e-18 
7.6e-09 3.20088e-18 
7.62e-09 3.20088e-18 
7.64e-09 3.20088e-18 
7.66e-09 3.20088e-18 
7.68e-09 3.20088e-18 
7.7e-09 3.20088e-18 
7.72e-09 3.20088e-18 
7.74e-09 3.20088e-18 
7.76e-09 3.20088e-18 
7.78e-09 3.20088e-18 
7.8e-09 3.20088e-18 
7.82e-09 3.20088e-18 
7.84e-09 3.20088e-18 
7.86e-09 3.20088e-18 
7.88e-09 3.20088e-18 
7.9e-09 3.20088e-18 
7.92e-09 3.20088e-18 
7.94e-09 3.20088e-18 
7.96e-09 3.20088e-18 
7.98e-09 3.20088e-18 
8e-09 3.20088e-18 
8.02e-09 3.20088e-18 
8.04e-09 3.20088e-18 
8.06e-09 3.20088e-18 
8.08e-09 3.20088e-18 
8.1e-09 3.20088e-18 
8.12e-09 3.20088e-18 
8.14e-09 3.20088e-18 
8.16e-09 3.20088e-18 
8.18e-09 3.20088e-18 
8.2e-09 3.20088e-18 
8.22e-09 3.20088e-18 
8.24e-09 3.20088e-18 
8.26e-09 3.20088e-18 
8.28e-09 3.20088e-18 
8.3e-09 3.20088e-18 
8.32e-09 3.20088e-18 
8.34e-09 3.20088e-18 
8.36e-09 3.20088e-18 
8.38e-09 3.20088e-18 
8.4e-09 3.20088e-18 
8.42e-09 3.20088e-18 
8.44e-09 3.20088e-18 
8.46e-09 3.20088e-18 
8.48e-09 3.20088e-18 
8.5e-09 3.20088e-18 
8.52e-09 3.20088e-18 
8.54e-09 3.20088e-18 
8.56e-09 3.20088e-18 
8.58e-09 3.20088e-18 
8.6e-09 3.20088e-18 
8.62e-09 3.20088e-18 
8.64e-09 3.20088e-18 
8.66e-09 3.20088e-18 
8.68e-09 3.20088e-18 
8.7e-09 3.20088e-18 
8.72e-09 3.20088e-18 
8.74e-09 3.20088e-18 
8.76e-09 3.20088e-18 
8.78e-09 3.20088e-18 
8.8e-09 3.20088e-18 
8.82e-09 3.20088e-18 
8.84e-09 3.20088e-18 
8.86e-09 3.20088e-18 
8.88e-09 3.20088e-18 
8.9e-09 3.20088e-18 
8.92e-09 3.20088e-18 
8.94e-09 3.20088e-18 
8.96e-09 3.20088e-18 
8.98e-09 3.20088e-18 
9e-09 3.20088e-18 
9.02e-09 3.20088e-18 
9.04e-09 3.20088e-18 
9.06e-09 3.20088e-18 
9.08e-09 3.20088e-18 
9.1e-09 3.20088e-18 
9.12e-09 3.20088e-18 
9.14e-09 3.20088e-18 
9.16e-09 3.20088e-18 
9.18e-09 3.20088e-18 
9.2e-09 3.20088e-18 
9.22e-09 3.20088e-18 
9.24e-09 3.20088e-18 
9.26e-09 3.20088e-18 
9.28e-09 3.20088e-18 
9.3e-09 3.20088e-18 
9.32e-09 3.20088e-18 
9.34e-09 3.20088e-18 
9.36e-09 3.20088e-18 
9.38e-09 3.20088e-18 
9.4e-09 3.20088e-18 
9.42e-09 3.20088e-18 
9.44e-09 3.20088e-18 
9.46e-09 3.20088e-18 
9.48e-09 3.20088e-18 
9.5e-09 3.20088e-18 
9.52e-09 3.20088e-18 
9.54e-09 3.20088e-18 
9.56e-09 3.20088e-18 
9.58e-09 3.20088e-18 
9.6e-09 3.20088e-18 
9.62e-09 3.20088e-18 
9.64e-09 3.20088e-18 
9.66e-09 3.20088e-18 
9.68e-09 3.20088e-18 
9.7e-09 3.20088e-18 
9.72e-09 3.20088e-18 
9.74e-09 3.20088e-18 
9.76e-09 3.20088e-18 
9.78e-09 3.20088e-18 
9.8e-09 3.20088e-18 
9.82e-09 3.20088e-18 
9.84e-09 3.20088e-18 
9.86e-09 3.20088e-18 
9.88e-09 3.20088e-18 
9.9e-09 3.20088e-18 
9.92e-09 3.20088e-18 
9.94e-09 3.20088e-18 
9.96e-09 3.20088e-18 
9.98e-09 3.20088e-18 
1e-08 3.20088e-18 
