0 0 
1e-10 2.47e-17 
2e-10 5.565e-17 
3e-10 6.18e-17 
4e-10 7.44e-17 
5e-10 9.315e-17 
6e-10 1.157e-16 
7e-10 1.4505e-16 
8e-10 1.7055e-16 
9e-10 1.9565e-16 
1e-09 2.1485e-16 
1.1e-09 2.3785e-16 
1.2e-09 2.603e-16 
1.3e-09 2.7275e-16 
1.4e-09 2.851e-16 
1.5e-09 2.9715e-16 
1.6e-09 3.0925e-16 
1.7e-09 3.2155e-16 
1.8e-09 3.337e-16 
1.9e-09 3.457e-16 
2e-09 4.68282e-08 
2.1e-09 1.40963e-07 
2.2e-09 2.14372e-07 
2.3e-09 2.57629e-07 
2.4e-09 2.86643e-07 
2.5e-09 3.06899e-07 
2.6e-09 3.21384e-07 
2.7e-09 3.32005e-07 
2.8e-09 3.40025e-07 
2.9e-09 3.4628e-07 
3e-09 3.51318e-07 
3.1e-09 3.55494e-07 
3.2e-09 3.59041e-07 
3.3e-09 3.62119e-07 
3.4e-09 3.64836e-07 
3.5e-09 3.67273e-07 
3.6e-09 3.69488e-07 
3.7e-09 3.71523e-07 
3.8e-09 3.73412e-07 
3.9e-09 3.75179e-07 
4e-09 3.76845e-07 
4.1e-09 3.78424e-07 
4.2e-09 3.7993e-07 
4.3e-09 3.81371e-07 
4.4e-09 3.82757e-07 
4.5e-09 3.84094e-07 
4.6e-09 3.85387e-07 
4.7e-09 3.86641e-07 
4.8e-09 3.87861e-07 
4.9e-09 3.8905e-07 
5e-09 3.9021e-07 
5.1e-09 3.91344e-07 
5.2e-09 3.92455e-07 
5.3e-09 3.93545e-07 
5.4e-09 3.94614e-07 
5.5e-09 3.95666e-07 
5.6e-09 3.967e-07 
5.7e-09 3.97718e-07 
5.8e-09 3.98722e-07 
5.9e-09 3.99713e-07 
6e-09 4.0069e-07 
6.1e-09 4.01656e-07 
6.2e-09 4.0261e-07 
6.3e-09 4.03554e-07 
6.4e-09 4.04488e-07 
6.5e-09 4.05413e-07 
6.6e-09 4.06328e-07 
6.7e-09 4.07236e-07 
6.8e-09 4.08135e-07 
6.9e-09 4.09027e-07 
7e-09 4.09912e-07 
7.1e-09 4.1079e-07 
7.2e-09 4.11661e-07 
7.3e-09 4.12527e-07 
7.4e-09 4.13386e-07 
7.5e-09 4.1424e-07 
7.6e-09 4.15088e-07 
7.7e-09 4.15932e-07 
7.8e-09 4.1677e-07 
7.9e-09 4.17603e-07 
8e-09 4.18432e-07 
8.1e-09 4.19257e-07 
8.2e-09 4.20078e-07 
8.3e-09 4.20894e-07 
8.4e-09 4.21706e-07 
8.5e-09 4.22515e-07 
8.6e-09 4.2332e-07 
8.7e-09 4.24122e-07 
8.8e-09 4.2492e-07 
8.9e-09 4.25716e-07 
9e-09 4.26508e-07 
9.1e-09 4.27296e-07 
9.2e-09 4.28082e-07 
9.3e-09 4.28866e-07 
9.4e-09 4.29646e-07 
9.5e-09 4.30424e-07 
9.6e-09 4.31199e-07 
9.7e-09 4.31971e-07 
9.8e-09 4.32742e-07 
9.9e-09 4.33509e-07 
1e-08 4.34275e-07 
1.01e-08 4.35038e-07 
1.02e-08 4.35799e-07 
1.03e-08 4.36558e-07 
1.04e-08 4.37315e-07 
1.05e-08 4.3807e-07 
1.06e-08 4.38823e-07 
1.07e-08 4.39574e-07 
1.08e-08 4.40323e-07 
1.09e-08 4.41071e-07 
1.1e-08 4.41816e-07 
1.11e-08 4.4256e-07 
1.12e-08 4.43302e-07 
1.13e-08 4.44043e-07 
1.14e-08 4.44782e-07 
1.15e-08 4.45519e-07 
1.16e-08 4.46255e-07 
1.17e-08 4.46989e-07 
1.18e-08 4.47722e-07 
1.19e-08 4.48453e-07 
1.2e-08 4.49183e-07 
1.21e-08 4.49911e-07 
1.22e-08 4.50639e-07 
1.23e-08 4.51364e-07 
1.24e-08 4.52089e-07 
1.25e-08 4.52812e-07 
1.26e-08 4.53534e-07 
1.27e-08 4.54255e-07 
1.28e-08 4.54974e-07 
1.29e-08 4.55692e-07 
1.3e-08 4.5641e-07 
1.31e-08 4.57125e-07 
1.32e-08 4.5784e-07 
1.33e-08 4.58554e-07 
1.34e-08 4.59266e-07 
1.35e-08 4.59978e-07 
1.36e-08 4.60688e-07 
1.37e-08 4.61398e-07 
1.38e-08 4.62106e-07 
1.39e-08 4.62813e-07 
1.4e-08 4.6352e-07 
1.41e-08 4.64225e-07 
1.42e-08 4.64929e-07 
1.43e-08 4.65632e-07 
1.44e-08 4.66335e-07 
1.45e-08 4.67036e-07 
1.46e-08 4.67737e-07 
1.47e-08 4.68436e-07 
1.48e-08 4.69135e-07 
1.49e-08 4.69833e-07 
1.5e-08 4.7053e-07 
1.51e-08 4.71226e-07 
1.52e-08 4.71921e-07 
1.53e-08 4.72615e-07 
1.54e-08 4.73308e-07 
1.55e-08 4.74001e-07 
1.56e-08 4.74693e-07 
1.57e-08 4.75384e-07 
1.58e-08 4.76074e-07 
1.59e-08 4.76763e-07 
1.6e-08 4.77452e-07 
1.61e-08 4.78139e-07 
1.62e-08 4.78826e-07 
1.63e-08 4.79512e-07 
1.64e-08 4.80198e-07 
1.65e-08 4.80882e-07 
1.66e-08 4.81566e-07 
1.67e-08 4.82249e-07 
1.68e-08 4.82932e-07 
1.69e-08 4.83613e-07 
1.7e-08 4.84294e-07 
1.71e-08 4.84974e-07 
1.72e-08 4.85654e-07 
1.73e-08 4.86333e-07 
1.74e-08 4.87011e-07 
1.75e-08 4.87688e-07 
1.76e-08 4.88365e-07 
1.77e-08 4.89041e-07 
1.78e-08 4.89716e-07 
1.79e-08 4.9039e-07 
1.8e-08 4.91064e-07 
1.81e-08 4.91737e-07 
1.82e-08 4.9241e-07 
1.83e-08 4.93082e-07 
1.84e-08 4.93753e-07 
1.85e-08 4.94424e-07 
1.86e-08 4.95093e-07 
1.87e-08 4.95763e-07 
1.88e-08 4.96431e-07 
1.89e-08 4.97099e-07 
1.9e-08 4.97766e-07 
1.91e-08 4.98433e-07 
1.92e-08 4.99099e-07 
1.93e-08 4.99764e-07 
1.94e-08 5.00429e-07 
1.95e-08 5.01093e-07 
1.96e-08 5.01756e-07 
1.97e-08 5.02419e-07 
1.98e-08 5.03081e-07 
1.99e-08 5.03743e-07 
2e-08 5.04404e-07 
2.01e-08 5.05064e-07 
2.02e-08 5.05724e-07 
2.03e-08 5.06383e-07 
2.04e-08 5.07042e-07 
2.05e-08 5.077e-07 
2.06e-08 5.08357e-07 
2.07e-08 5.09014e-07 
2.08e-08 5.0967e-07 
2.09e-08 5.10325e-07 
2.1e-08 5.1098e-07 
2.11e-08 5.11635e-07 
2.12e-08 5.12288e-07 
2.13e-08 5.12941e-07 
2.14e-08 5.13594e-07 
2.15e-08 5.14246e-07 
2.16e-08 5.14897e-07 
2.17e-08 5.15548e-07 
2.18e-08 5.16198e-07 
2.19e-08 5.16848e-07 
2.2e-08 5.17497e-07 
2.21e-08 5.18146e-07 
2.22e-08 5.18794e-07 
2.23e-08 5.19441e-07 
2.24e-08 5.20088e-07 
2.25e-08 5.20734e-07 
2.26e-08 5.21379e-07 
2.27e-08 5.22025e-07 
2.28e-08 5.22669e-07 
2.29e-08 5.23313e-07 
2.3e-08 5.23956e-07 
2.31e-08 5.24599e-07 
2.32e-08 5.25241e-07 
2.33e-08 5.25883e-07 
2.34e-08 5.26524e-07 
2.35e-08 5.27165e-07 
2.36e-08 5.27805e-07 
2.37e-08 5.28444e-07 
2.38e-08 5.29083e-07 
2.39e-08 5.29721e-07 
2.4e-08 5.30359e-07 
2.41e-08 5.30996e-07 
2.42e-08 5.31633e-07 
2.43e-08 5.32269e-07 
2.44e-08 5.32905e-07 
2.45e-08 5.3354e-07 
2.46e-08 5.34174e-07 
2.47e-08 5.34808e-07 
2.48e-08 5.35442e-07 
2.49e-08 5.36074e-07 
2.5e-08 5.36707e-07 
2.51e-08 5.37338e-07 
2.52e-08 5.3797e-07 
2.53e-08 5.386e-07 
2.54e-08 5.3923e-07 
2.55e-08 5.3986e-07 
2.56e-08 5.40489e-07 
2.57e-08 5.41118e-07 
2.58e-08 5.41746e-07 
2.59e-08 5.42373e-07 
2.6e-08 5.43e-07 
2.61e-08 5.43626e-07 
2.62e-08 5.44252e-07 
2.63e-08 5.44877e-07 
2.64e-08 5.45502e-07 
2.65e-08 5.46126e-07 
2.66e-08 5.4675e-07 
2.67e-08 5.47373e-07 
2.68e-08 5.47996e-07 
2.69e-08 5.48618e-07 
2.7e-08 5.49239e-07 
2.71e-08 5.4986e-07 
2.72e-08 5.50481e-07 
2.73e-08 5.51101e-07 
2.74e-08 5.5172e-07 
2.75e-08 5.52339e-07 
2.76e-08 5.52958e-07 
2.77e-08 5.53576e-07 
2.78e-08 5.54193e-07 
2.79e-08 5.5481e-07 
2.8e-08 5.55426e-07 
2.81e-08 5.56042e-07 
2.82e-08 5.56657e-07 
2.83e-08 5.57272e-07 
2.84e-08 5.57886e-07 
2.85e-08 5.585e-07 
2.86e-08 5.59113e-07 
2.87e-08 5.59725e-07 
2.88e-08 5.60338e-07 
2.89e-08 5.60949e-07 
2.9e-08 5.6156e-07 
2.91e-08 5.62171e-07 
2.92e-08 5.62781e-07 
2.93e-08 5.6339e-07 
2.94e-08 5.63999e-07 
2.95e-08 5.64608e-07 
2.96e-08 5.65216e-07 
2.97e-08 5.65823e-07 
2.98e-08 5.6643e-07 
2.99e-08 5.67037e-07 
3e-08 5.67643e-07 
3.01e-08 5.68248e-07 
3.02e-08 5.68853e-07 
3.03e-08 5.69458e-07 
3.04e-08 5.70061e-07 
3.05e-08 5.70665e-07 
3.06e-08 5.71268e-07 
3.07e-08 5.7187e-07 
3.08e-08 5.72472e-07 
3.09e-08 5.73073e-07 
3.1e-08 5.73674e-07 
3.11e-08 5.74274e-07 
3.12e-08 5.74874e-07 
3.13e-08 5.75474e-07 
3.14e-08 5.76072e-07 
3.15e-08 5.76671e-07 
3.16e-08 5.77269e-07 
3.17e-08 5.77866e-07 
3.18e-08 5.78463e-07 
3.19e-08 5.79059e-07 
3.2e-08 5.79655e-07 
3.21e-08 5.8025e-07 
3.22e-08 5.80845e-07 
3.23e-08 5.81439e-07 
3.24e-08 5.82033e-07 
3.25e-08 5.82626e-07 
3.26e-08 5.83219e-07 
3.27e-08 5.83811e-07 
3.28e-08 5.84403e-07 
3.29e-08 5.84994e-07 
3.3e-08 5.85585e-07 
3.31e-08 5.86175e-07 
3.32e-08 5.86765e-07 
3.33e-08 5.87354e-07 
3.34e-08 5.87943e-07 
3.35e-08 5.88532e-07 
3.36e-08 5.89119e-07 
3.37e-08 5.89707e-07 
3.38e-08 5.90294e-07 
3.39e-08 5.9088e-07 
3.4e-08 5.91466e-07 
3.41e-08 5.92051e-07 
3.42e-08 5.92636e-07 
3.43e-08 5.9322e-07 
3.44e-08 5.93804e-07 
3.45e-08 5.94388e-07 
3.46e-08 5.94971e-07 
3.47e-08 5.95553e-07 
3.48e-08 5.96135e-07 
3.49e-08 5.96716e-07 
3.5e-08 5.97297e-07 
3.51e-08 5.97878e-07 
3.52e-08 5.98458e-07 
3.53e-08 5.99037e-07 
3.54e-08 5.99616e-07 
3.55e-08 6.00195e-07 
3.56e-08 6.00773e-07 
3.57e-08 6.0135e-07 
3.58e-08 6.01928e-07 
3.59e-08 6.02504e-07 
3.6e-08 6.0308e-07 
3.61e-08 6.03656e-07 
3.62e-08 6.04231e-07 
3.63e-08 6.04806e-07 
3.64e-08 6.0538e-07 
3.65e-08 6.05954e-07 
3.66e-08 6.06527e-07 
3.67e-08 6.071e-07 
3.68e-08 6.07672e-07 
3.69e-08 6.08244e-07 
3.7e-08 6.08815e-07 
3.71e-08 6.09386e-07 
3.72e-08 6.09956e-07 
3.73e-08 6.10526e-07 
3.74e-08 6.11096e-07 
3.75e-08 6.11664e-07 
3.76e-08 6.12233e-07 
3.77e-08 6.12801e-07 
3.78e-08 6.13368e-07 
3.79e-08 6.13936e-07 
3.8e-08 6.14502e-07 
3.81e-08 6.15068e-07 
3.82e-08 6.15634e-07 
3.83e-08 6.16199e-07 
3.84e-08 6.16764e-07 
3.85e-08 6.17328e-07 
3.86e-08 6.17892e-07 
3.87e-08 6.18455e-07 
3.88e-08 6.19018e-07 
3.89e-08 6.1958e-07 
3.9e-08 6.20142e-07 
3.91e-08 6.20704e-07 
3.92e-08 6.21265e-07 
3.93e-08 6.21825e-07 
3.94e-08 6.22385e-07 
3.95e-08 6.22945e-07 
3.96e-08 6.23504e-07 
3.97e-08 6.24063e-07 
3.98e-08 6.24621e-07 
3.99e-08 6.25178e-07 
4e-08 6.25736e-07 
4.01e-08 6.26293e-07 
4.02e-08 6.26849e-07 
4.03e-08 6.27405e-07 
4.04e-08 6.2796e-07 
4.05e-08 6.28515e-07 
4.06e-08 6.2907e-07 
4.07e-08 6.29624e-07 
4.08e-08 6.30177e-07 
4.09e-08 6.30731e-07 
4.1e-08 6.31283e-07 
4.11e-08 6.31836e-07 
4.12e-08 6.32387e-07 
4.13e-08 6.32939e-07 
4.14e-08 6.3349e-07 
4.15e-08 6.3404e-07 
4.16e-08 6.3459e-07 
4.17e-08 6.3514e-07 
4.18e-08 6.35689e-07 
4.19e-08 6.36237e-07 
4.2e-08 6.36786e-07 
4.21e-08 6.37333e-07 
4.22e-08 6.37881e-07 
4.23e-08 6.38427e-07 
4.24e-08 6.38974e-07 
4.25e-08 6.3952e-07 
4.26e-08 6.40065e-07 
4.27e-08 6.4061e-07 
4.28e-08 6.41155e-07 
4.29e-08 6.41699e-07 
4.3e-08 6.42243e-07 
4.31e-08 6.42786e-07 
4.32e-08 6.43329e-07 
4.33e-08 6.43871e-07 
4.34e-08 6.44413e-07 
4.35e-08 6.44955e-07 
4.36e-08 6.45496e-07 
4.37e-08 6.46037e-07 
4.38e-08 6.46577e-07 
4.39e-08 6.47117e-07 
4.4e-08 6.47656e-07 
4.41e-08 6.48195e-07 
4.42e-08 6.48733e-07 
4.43e-08 6.49271e-07 
4.44e-08 6.49809e-07 
4.45e-08 6.50346e-07 
4.46e-08 6.50883e-07 
4.47e-08 6.51419e-07 
4.48e-08 6.51955e-07 
4.49e-08 6.5249e-07 
4.5e-08 6.53025e-07 
4.51e-08 6.5356e-07 
4.52e-08 6.54094e-07 
4.53e-08 6.54627e-07 
4.54e-08 6.55161e-07 
4.55e-08 6.55693e-07 
4.56e-08 6.56226e-07 
4.57e-08 6.56758e-07 
4.58e-08 6.57289e-07 
4.59e-08 6.5782e-07 
4.6e-08 6.58351e-07 
4.61e-08 6.58881e-07 
4.62e-08 6.59411e-07 
4.63e-08 6.59941e-07 
4.64e-08 6.6047e-07 
4.65e-08 6.60998e-07 
4.66e-08 6.61526e-07 
4.67e-08 6.62054e-07 
4.68e-08 6.62581e-07 
4.69e-08 6.63108e-07 
4.7e-08 6.63635e-07 
4.71e-08 6.64161e-07 
4.72e-08 6.64686e-07 
4.73e-08 6.65211e-07 
4.74e-08 6.65736e-07 
4.75e-08 6.66261e-07 
4.76e-08 6.66785e-07 
4.77e-08 6.67308e-07 
4.78e-08 6.67831e-07 
4.79e-08 6.68354e-07 
4.8e-08 6.68876e-07 
4.81e-08 6.69398e-07 
4.82e-08 6.69919e-07 
4.83e-08 6.7044e-07 
4.84e-08 6.70961e-07 
4.85e-08 6.71481e-07 
4.86e-08 6.72001e-07 
4.87e-08 6.7252e-07 
4.88e-08 6.73039e-07 
4.89e-08 6.73558e-07 
4.9e-08 6.74076e-07 
4.91e-08 6.74594e-07 
4.92e-08 6.75111e-07 
4.93e-08 6.75628e-07 
4.94e-08 6.76145e-07 
4.95e-08 6.76661e-07 
4.96e-08 6.77176e-07 
4.97e-08 6.77692e-07 
4.98e-08 6.78207e-07 
4.99e-08 6.78721e-07 
5e-08 6.79235e-07 
