0 0 
2e-11 3.765e-17 
4e-11 2.334e-16 
6e-11 6.132e-16 
8e-11 1.1238e-15 
1e-10 1.70225e-15 
1.2e-10 2.3907e-15 
1.4e-10 3.1997e-15 
1.6e-10 4.128e-15 
1.8e-10 5.1714e-15 
2e-10 6.342e-15 
2.2e-10 7.62795e-15 
2.4e-10 8.7942e-15 
2.6e-10 9.84165e-15 
2.8e-10 1.09452e-14 
3e-10 1.20645e-14 
3.2e-10 1.32416e-14 
3.4e-10 1.44559e-14 
3.6e-10 1.57212e-14 
3.8e-10 1.70601e-14 
4e-10 1.8424e-14 
4.2e-10 1.97536e-14 
4.4e-10 2.12047e-14 
4.6e-10 2.27803e-14 
4.8e-10 2.48172e-14 
5e-10 2.731e-14 
5.2e-10 2.98454e-14 
5.4e-10 3.25714e-14 
5.6e-10 3.54676e-14 
5.8e-10 3.84786e-14 
6e-10 4.16205e-14 
6.2e-10 4.49438e-14 
6.4e-10 4.83152e-14 
6.6e-10 5.17935e-14 
6.8e-10 5.54676e-14 
7e-10 5.92795e-14 
7.2e-10 6.31944e-14 
7.4e-10 6.72438e-14 
7.6e-10 7.14495e-14 
7.8e-10 7.57536e-14 
8e-10 8.013e-14 
8.2e-10 8.45789e-14 
8.4e-10 8.91534e-14 
8.6e-10 9.39485e-14 
8.8e-10 9.89318e-14 
9e-10 1.03948e-13 
9.2e-10 1.09098e-13 
9.4e-10 1.14429e-13 
9.6e-10 1.19774e-13 
9.8e-10 1.25205e-13 
1e-09 1.29047e-13 
1.02e-09 1.33403e-13 
1.04e-09 1.39607e-13 
1.06e-09 1.45392e-13 
1.08e-09 1.51297e-13 
1.1e-09 1.57267e-13 
1.12e-09 1.63332e-13 
1.14e-09 1.69509e-13 
1.16e-09 1.75862e-13 
1.18e-09 1.82393e-13 
1.2e-09 1.89009e-13 
1.22e-09 1.95718e-13 
1.24e-09 2.02529e-13 
1.26e-09 2.09484e-13 
1.28e-09 2.16541e-13 
1.3e-09 2.23642e-13 
1.32e-09 2.30941e-13 
1.34e-09 2.38399e-13 
1.36e-09 2.45888e-13 
1.38e-09 2.53572e-13 
1.4e-09 2.61352e-13 
1.42e-09 2.69207e-13 
1.44e-09 2.77272e-13 
1.46e-09 2.85375e-13 
1.48e-09 2.93543e-13 
1.5e-09 3.04511e-13 
1.52e-09 3.13215e-13 
1.54e-09 3.19269e-13 
1.56e-09 3.2792e-13 
1.58e-09 3.36686e-13 
1.6e-09 3.45388e-13 
1.62e-09 3.54367e-13 
1.64e-09 3.63658e-13 
1.66e-09 3.73002e-13 
1.68e-09 3.82372e-13 
1.7e-09 3.91807e-13 
1.72e-09 4.01345e-13 
1.74e-09 4.11053e-13 
1.76e-09 4.20922e-13 
1.78e-09 4.30787e-13 
1.8e-09 4.40703e-13 
1.82e-09 4.50782e-13 
1.84e-09 4.61122e-13 
1.86e-09 4.71505e-13 
1.88e-09 4.81637e-13 
1.9e-09 4.91934e-13 
1.92e-09 5.02546e-13 
1.94e-09 5.13242e-13 
1.96e-09 5.2406e-13 
1.98e-09 5.3505e-13 
2e-09 4.26022e-06 
2.02e-09 1.81438e-05 
2.04e-09 3.58441e-05 
2.06e-09 5.0688e-05 
2.08e-09 6.32502e-05 
2.1e-09 7.40827e-05 
2.12e-09 8.362e-05 
2.14e-09 9.21738e-05 
2.16e-09 9.99653e-05 
2.18e-09 0.000107151 
2.2e-09 0.000113841 
2.22e-09 0.000120117 
2.24e-09 0.000126038 
2.26e-09 0.000131649 
2.28e-09 0.000136986 
2.3e-09 0.000142078 
2.32e-09 0.000146949 
2.34e-09 0.000151616 
2.36e-09 0.000156099 
2.38e-09 0.000160411 
2.4e-09 0.000164566 
2.42e-09 0.000168576 
2.44e-09 0.000172451 
2.46e-09 0.000176201 
2.48e-09 0.000179835 
2.5e-09 0.000183362 
2.52e-09 0.000186789 
2.54e-09 0.000190122 
2.56e-09 0.00019337 
2.58e-09 0.000196537 
2.6e-09 0.00019963 
2.62e-09 0.000202653 
2.64e-09 0.000205613 
2.66e-09 0.000208513 
2.68e-09 0.000211357 
2.7e-09 0.000214151 
2.72e-09 0.000216897 
2.74e-09 0.000219599 
2.76e-09 0.000222261 
2.78e-09 0.000224885 
2.8e-09 0.000227473 
2.82e-09 0.00023003 
2.84e-09 0.000232556 
2.86e-09 0.000235054 
2.88e-09 0.000237526 
2.9e-09 0.000239974 
2.92e-09 0.0002424 
2.94e-09 0.000244805 
2.96e-09 0.00024719 
2.98e-09 0.000249557 
3e-09 0.000251908 
3.02e-09 0.000254242 
3.04e-09 0.000256562 
3.06e-09 0.000258868 
3.08e-09 0.000261161 
3.1e-09 0.000263443 
3.12e-09 0.000265712 
3.14e-09 0.000267972 
3.16e-09 0.000270221 
3.18e-09 0.000272461 
3.2e-09 0.000274693 
3.22e-09 0.000276916 
3.24e-09 0.000279131 
3.26e-09 0.00028134 
3.28e-09 0.000283541 
3.3e-09 0.000285736 
3.32e-09 0.000287925 
3.34e-09 0.000290109 
3.36e-09 0.000292287 
3.38e-09 0.000294461 
3.4e-09 0.000296629 
3.42e-09 0.000298793 
3.44e-09 0.000300953 
3.46e-09 0.00030311 
3.48e-09 0.000305262 
3.5e-09 0.000307412 
3.52e-09 0.000309558 
3.54e-09 0.0003117 
3.56e-09 0.000313841 
3.58e-09 0.000315978 
3.6e-09 0.000318113 
3.62e-09 0.000320246 
3.64e-09 0.000322376 
3.66e-09 0.000324505 
3.68e-09 0.000326632 
3.7e-09 0.000328756 
3.72e-09 0.00033088 
3.74e-09 0.000333001 
3.76e-09 0.000335122 
3.78e-09 0.000337241 
3.8e-09 0.000339358 
3.82e-09 0.000341475 
3.84e-09 0.000343591 
3.86e-09 0.000345705 
3.88e-09 0.000347819 
3.9e-09 0.000349932 
3.92e-09 0.000352044 
3.94e-09 0.000354156 
3.96e-09 0.000356267 
3.98e-09 0.000358378 
4e-09 0.000360488 
4.02e-09 0.000362597 
4.04e-09 0.000364707 
4.06e-09 0.000366816 
4.08e-09 0.000368925 
4.1e-09 0.000371034 
4.12e-09 0.000373142 
4.14e-09 0.000375251 
4.16e-09 0.000377359 
4.18e-09 0.000379467 
4.2e-09 0.000381576 
4.22e-09 0.000383684 
4.24e-09 0.000385793 
4.26e-09 0.000387902 
4.28e-09 0.00039001 
4.3e-09 0.000392119 
4.32e-09 0.000394229 
4.34e-09 0.000396338 
4.36e-09 0.000398448 
4.38e-09 0.000400558 
4.4e-09 0.000402669 
4.42e-09 0.00040478 
4.44e-09 0.000406891 
4.46e-09 0.000409003 
4.48e-09 0.000411115 
4.5e-09 0.000413227 
4.52e-09 0.00041534 
4.54e-09 0.000417454 
4.56e-09 0.000419568 
4.58e-09 0.000421682 
4.6e-09 0.000423797 
4.62e-09 0.000425913 
4.64e-09 0.000428029 
4.66e-09 0.000430146 
4.68e-09 0.000432264 
4.7e-09 0.000434382 
4.72e-09 0.0004365 
4.74e-09 0.00043862 
4.76e-09 0.00044074 
4.78e-09 0.00044286 
4.8e-09 0.000444982 
4.82e-09 0.000447104 
4.84e-09 0.000449226 
4.86e-09 0.00045135 
4.88e-09 0.000453474 
4.9e-09 0.000455599 
4.92e-09 0.000457725 
4.94e-09 0.000459851 
4.96e-09 0.000461978 
4.98e-09 0.000464106 
5e-09 0.000466235 
5.02e-09 0.000468365 
5.04e-09 0.000470495 
5.06e-09 0.000472626 
5.08e-09 0.000474758 
5.1e-09 0.000476891 
5.12e-09 0.000479025 
5.14e-09 0.000481159 
5.16e-09 0.000483294 
5.18e-09 0.000485431 
5.2e-09 0.000487568 
5.22e-09 0.000489705 
5.24e-09 0.000491844 
5.26e-09 0.000493984 
5.28e-09 0.000496124 
5.3e-09 0.000498266 
5.32e-09 0.000500408 
5.34e-09 0.000502551 
5.36e-09 0.000504695 
5.38e-09 0.00050684 
5.4e-09 0.000508986 
5.42e-09 0.000511133 
5.44e-09 0.000513281 
5.46e-09 0.000515429 
5.48e-09 0.000517579 
5.5e-09 0.000519729 
5.52e-09 0.000521881 
5.54e-09 0.000524033 
5.56e-09 0.000526186 
5.58e-09 0.000528341 
5.6e-09 0.000530496 
5.62e-09 0.000532652 
5.64e-09 0.000534809 
5.66e-09 0.000536967 
5.68e-09 0.000539126 
5.7e-09 0.000541286 
5.72e-09 0.000543447 
5.74e-09 0.000545609 
5.76e-09 0.000547772 
5.78e-09 0.000549936 
5.8e-09 0.000552101 
5.82e-09 0.000554266 
5.84e-09 0.000556433 
5.86e-09 0.000558601 
5.88e-09 0.00056077 
5.9e-09 0.00056294 
5.92e-09 0.00056511 
5.94e-09 0.000567282 
5.96e-09 0.000569455 
5.98e-09 0.000571628 
6e-09 0.000573803 
6.02e-09 0.000575979 
6.04e-09 0.000578156 
6.06e-09 0.000580333 
6.08e-09 0.000582512 
6.1e-09 0.000584692 
6.12e-09 0.000586873 
6.14e-09 0.000589054 
6.16e-09 0.000591237 
6.18e-09 0.000593421 
6.2e-09 0.000595606 
6.22e-09 0.000597791 
6.24e-09 0.000599978 
6.26e-09 0.000602166 
6.28e-09 0.000604355 
6.3e-09 0.000606545 
6.32e-09 0.000608736 
6.34e-09 0.000610928 
6.36e-09 0.000613121 
6.38e-09 0.000615315 
6.4e-09 0.00061751 
6.42e-09 0.000619706 
6.44e-09 0.000621903 
6.46e-09 0.000624101 
6.48e-09 0.0006263 
6.5e-09 0.0006285 
6.52e-09 0.000630702 
6.54e-09 0.000632904 
6.56e-09 0.000635107 
6.58e-09 0.000637312 
6.6e-09 0.000639517 
6.62e-09 0.000641723 
6.64e-09 0.000643931 
6.66e-09 0.000646139 
6.68e-09 0.000648349 
6.7e-09 0.00065056 
6.72e-09 0.000652771 
6.74e-09 0.000654984 
6.76e-09 0.000657198 
6.78e-09 0.000659412 
6.8e-09 0.000661628 
6.82e-09 0.000663845 
6.84e-09 0.000666063 
6.86e-09 0.000668282 
6.88e-09 0.000670502 
6.9e-09 0.000672723 
6.92e-09 0.000674945 
6.94e-09 0.000677168 
6.96e-09 0.000679392 
6.98e-09 0.000681618 
7e-09 0.000683844 
7.02e-09 0.000686071 
7.04e-09 0.0006883 
7.06e-09 0.000690529 
7.08e-09 0.00069276 
7.1e-09 0.000694991 
7.12e-09 0.000697224 
7.14e-09 0.000699458 
7.16e-09 0.000701693 
7.18e-09 0.000703928 
7.2e-09 0.000706165 
7.22e-09 0.000708403 
7.24e-09 0.000710642 
7.26e-09 0.000712882 
7.28e-09 0.000715123 
7.3e-09 0.000717366 
7.32e-09 0.000719609 
7.34e-09 0.000721853 
7.36e-09 0.000724099 
7.38e-09 0.000726345 
7.4e-09 0.000728592 
7.42e-09 0.000730841 
7.44e-09 0.000733091 
7.46e-09 0.000735341 
7.48e-09 0.000737593 
7.5e-09 0.000739846 
7.52e-09 0.0007421 
7.54e-09 0.000744355 
7.56e-09 0.000746611 
7.58e-09 0.000748868 
7.6e-09 0.000751126 
7.62e-09 0.000753385 
7.64e-09 0.000755645 
7.66e-09 0.000757907 
7.68e-09 0.000760169 
7.7e-09 0.000762433 
7.72e-09 0.000764697 
7.74e-09 0.000766963 
7.76e-09 0.000769229 
7.78e-09 0.000771497 
7.8e-09 0.000773766 
7.82e-09 0.000776036 
7.84e-09 0.000778307 
7.86e-09 0.000780579 
7.88e-09 0.000782852 
7.9e-09 0.000785126 
7.92e-09 0.000787401 
7.94e-09 0.000789678 
7.96e-09 0.000791955 
7.98e-09 0.000794233 
8e-09 0.000796513 
8.02e-09 0.000798793 
8.04e-09 0.000801075 
8.06e-09 0.000803358 
8.08e-09 0.000805642 
8.1e-09 0.000807926 
8.12e-09 0.000810212 
8.14e-09 0.000812499 
8.16e-09 0.000814787 
8.18e-09 0.000817077 
8.2e-09 0.000819367 
8.22e-09 0.000821658 
8.24e-09 0.00082395 
8.26e-09 0.000826244 
8.28e-09 0.000828538 
8.3e-09 0.000830834 
8.32e-09 0.000833131 
8.34e-09 0.000835428 
8.36e-09 0.000837727 
8.38e-09 0.000840027 
8.4e-09 0.000842328 
8.42e-09 0.00084463 
8.44e-09 0.000846933 
8.46e-09 0.000849237 
8.48e-09 0.000851542 
8.5e-09 0.000853849 
8.52e-09 0.000856156 
8.54e-09 0.000858465 
8.56e-09 0.000860774 
8.58e-09 0.000863085 
8.6e-09 0.000865396 
8.62e-09 0.000867709 
8.64e-09 0.000870023 
8.66e-09 0.000872338 
8.68e-09 0.000874654 
8.7e-09 0.000876971 
8.72e-09 0.000879289 
8.74e-09 0.000881608 
8.76e-09 0.000883928 
8.78e-09 0.00088625 
8.8e-09 0.000888572 
8.82e-09 0.000890896 
8.84e-09 0.00089322 
8.86e-09 0.000895546 
8.88e-09 0.000897873 
8.9e-09 0.0009002 
8.92e-09 0.000902529 
8.94e-09 0.000904859 
8.96e-09 0.00090719 
8.98e-09 0.000909522 
9e-09 0.000911855 
9.02e-09 0.00091419 
9.04e-09 0.000916525 
9.06e-09 0.000918861 
9.08e-09 0.000921199 
9.1e-09 0.000923537 
9.12e-09 0.000925877 
9.14e-09 0.000928218 
9.16e-09 0.000930559 
9.18e-09 0.000932902 
9.2e-09 0.000935246 
9.22e-09 0.000937591 
9.24e-09 0.000939937 
9.26e-09 0.000942284 
9.28e-09 0.000944633 
9.3e-09 0.000946982 
9.32e-09 0.000949332 
9.34e-09 0.000951684 
9.36e-09 0.000954036 
9.38e-09 0.00095639 
9.4e-09 0.000958745 
9.42e-09 0.0009611 
9.44e-09 0.000963457 
9.46e-09 0.000965815 
9.48e-09 0.000968174 
9.5e-09 0.000970534 
9.52e-09 0.000972895 
9.54e-09 0.000975258 
9.56e-09 0.000977621 
9.58e-09 0.000979985 
9.6e-09 0.000982351 
9.62e-09 0.000984717 
9.64e-09 0.000987085 
9.66e-09 0.000989453 
9.68e-09 0.000991823 
9.7e-09 0.000994194 
9.72e-09 0.000996566 
9.74e-09 0.000998939 
9.76e-09 0.00100131 
9.78e-09 0.00100369 
9.8e-09 0.00100606 
9.82e-09 0.00100844 
9.84e-09 0.00101082 
9.86e-09 0.0010132 
9.88e-09 0.00101558 
9.9e-09 0.00101796 
9.92e-09 0.00102034 
9.94e-09 0.00102273 
9.96e-09 0.00102511 
9.98e-09 0.0010275 
1e-08 0.00102989 
