0 0 
2e-11 -3.31e-17 
4e-11 -2.265e-17 
6e-11 6.91e-17 
8e-11 1.4895e-16 
1e-10 2.1125e-16 
1.2e-10 2.738e-16 
1.4e-10 3.382e-16 
1.6e-10 4.021e-16 
1.8e-10 4.6505e-16 
2e-10 5.2905e-16 
2.2e-10 5.9375e-16 
2.4e-10 6.3875e-16 
2.6e-10 6.655e-16 
2.8e-10 6.918e-16 
3e-10 7.1695e-16 
3.2e-10 7.43e-16 
3.4e-10 7.6995e-16 
3.6e-10 7.9685e-16 
3.8e-10 8.225e-16 
4e-10 8.4705e-16 
4.2e-10 8.713e-16 
4.4e-10 8.9625e-16 
4.6e-10 9.215e-16 
4.8e-10 9.643e-16 
5e-10 1.0248e-15 
5.2e-10 1.0897e-15 
5.4e-10 1.15575e-15 
5.6e-10 1.2173e-15 
5.8e-10 1.2811e-15 
6e-10 1.3464e-15 
6.2e-10 1.40915e-15 
6.4e-10 1.47185e-15 
6.6e-10 1.53295e-15 
6.8e-10 1.5919e-15 
7e-10 1.65225e-15 
7.2e-10 1.7153e-15 
7.4e-10 1.77905e-15 
7.6e-10 1.84005e-15 
7.8e-10 1.90065e-15 
8e-10 1.96225e-15 
8.2e-10 2.0252e-15 
8.4e-10 2.08995e-15 
8.6e-10 2.1529e-15 
8.8e-10 2.21515e-15 
9e-10 2.2785e-15 
9.2e-10 2.3395e-15 
9.4e-10 2.3998e-15 
9.6e-10 2.4638e-15 
9.8e-10 2.53015e-15 
1e-09 2.5594e-15 
1.02e-09 2.5949e-15 
1.04e-09 2.66685e-15 
1.06e-09 2.73375e-15 
1.08e-09 2.80225e-15 
1.1e-09 2.8693e-15 
1.12e-09 2.93375e-15 
1.14e-09 2.99805e-15 
1.16e-09 3.0643e-15 
1.18e-09 3.1312e-15 
1.2e-09 3.1985e-15 
1.22e-09 3.26525e-15 
1.24e-09 3.3316e-15 
1.26e-09 3.39825e-15 
1.28e-09 3.4657e-15 
1.3e-09 3.533e-15 
1.32e-09 3.60155e-15 
1.34e-09 3.67095e-15 
1.36e-09 3.7395e-15 
1.38e-09 3.80725e-15 
1.4e-09 3.87525e-15 
1.42e-09 3.9434e-15 
1.44e-09 4.01055e-15 
1.46e-09 4.07735e-15 
1.48e-09 4.1446e-15 
1.5e-09 4.24665e-15 
1.52e-09 4.3122e-15 
1.54e-09 4.3421e-15 
1.56e-09 4.40945e-15 
1.58e-09 4.4778e-15 
1.6e-09 4.54485e-15 
1.62e-09 4.6134e-15 
1.64e-09 4.68175e-15 
1.66e-09 4.7472e-15 
1.68e-09 4.8125e-15 
1.7e-09 4.8789e-15 
1.72e-09 4.94605e-15 
1.74e-09 5.01275e-15 
1.76e-09 5.0788e-15 
1.78e-09 5.14485e-15 
1.8e-09 5.2105e-15 
1.82e-09 5.2771e-15 
1.84e-09 5.34355e-15 
1.86e-09 5.40825e-15 
1.88e-09 5.46965e-15 
1.9e-09 5.53125e-15 
1.92e-09 5.59715e-15 
1.94e-09 5.6635e-15 
1.96e-09 5.7294e-15 
1.98e-09 5.7957e-15 
2e-09 2.76662e-08 
2.02e-09 1.21682e-07 
2.04e-09 2.44982e-07 
2.06e-09 3.50506e-07 
2.08e-09 4.40801e-07 
2.1e-09 5.18838e-07 
2.12e-09 5.87198e-07 
2.14e-09 6.47902e-07 
2.16e-09 7.02471e-07 
2.18e-09 7.52034e-07 
2.2e-09 7.97423e-07 
2.22e-09 8.39261e-07 
2.24e-09 8.78025e-07 
2.26e-09 9.14084e-07 
2.28e-09 9.47736e-07 
2.3e-09 9.79227e-07 
2.32e-09 1.00876e-06 
2.34e-09 1.03651e-06 
2.36e-09 1.06264e-06 
2.38e-09 1.08728e-06 
2.4e-09 1.11056e-06 
2.42e-09 1.13257e-06 
2.44e-09 1.15343e-06 
2.46e-09 1.17322e-06 
2.48e-09 1.19203e-06 
2.5e-09 1.20993e-06 
2.52e-09 1.227e-06 
2.54e-09 1.2433e-06 
2.56e-09 1.25889e-06 
2.58e-09 1.27383e-06 
2.6e-09 1.28817e-06 
2.62e-09 1.30195e-06 
2.64e-09 1.31522e-06 
2.66e-09 1.32803e-06 
2.68e-09 1.3404e-06 
2.7e-09 1.35237e-06 
2.72e-09 1.36398e-06 
2.74e-09 1.37526e-06 
2.76e-09 1.38622e-06 
2.78e-09 1.3969e-06 
2.8e-09 1.40732e-06 
2.82e-09 1.4175e-06 
2.84e-09 1.42746e-06 
2.86e-09 1.43722e-06 
2.88e-09 1.44679e-06 
2.9e-09 1.45618e-06 
2.92e-09 1.46541e-06 
2.94e-09 1.4745e-06 
2.96e-09 1.48345e-06 
2.98e-09 1.49227e-06 
3e-09 1.50098e-06 
3.02e-09 1.50957e-06 
3.04e-09 1.51806e-06 
3.06e-09 1.52646e-06 
3.08e-09 1.53477e-06 
3.1e-09 1.543e-06 
3.12e-09 1.55114e-06 
3.14e-09 1.55922e-06 
3.16e-09 1.56722e-06 
3.18e-09 1.57516e-06 
3.2e-09 1.58304e-06 
3.22e-09 1.59085e-06 
3.24e-09 1.59862e-06 
3.26e-09 1.60632e-06 
3.28e-09 1.61398e-06 
3.3e-09 1.62158e-06 
3.32e-09 1.62914e-06 
3.34e-09 1.63665e-06 
3.36e-09 1.64411e-06 
3.38e-09 1.65154e-06 
3.4e-09 1.65892e-06 
3.42e-09 1.66625e-06 
3.44e-09 1.67355e-06 
3.46e-09 1.68081e-06 
3.48e-09 1.68803e-06 
3.5e-09 1.69521e-06 
3.52e-09 1.70236e-06 
3.54e-09 1.70947e-06 
3.56e-09 1.71654e-06 
3.58e-09 1.72358e-06 
3.6e-09 1.73058e-06 
3.62e-09 1.73755e-06 
3.64e-09 1.74448e-06 
3.66e-09 1.75138e-06 
3.68e-09 1.75825e-06 
3.7e-09 1.76508e-06 
3.72e-09 1.77188e-06 
3.74e-09 1.77865e-06 
3.76e-09 1.78539e-06 
3.78e-09 1.79209e-06 
3.8e-09 1.79876e-06 
3.82e-09 1.80541e-06 
3.84e-09 1.81202e-06 
3.86e-09 1.8186e-06 
3.88e-09 1.82515e-06 
3.9e-09 1.83167e-06 
3.92e-09 1.83816e-06 
3.94e-09 1.84462e-06 
3.96e-09 1.85105e-06 
3.98e-09 1.85745e-06 
4e-09 1.86382e-06 
4.02e-09 1.87016e-06 
4.04e-09 1.87648e-06 
4.06e-09 1.88276e-06 
4.08e-09 1.88902e-06 
4.1e-09 1.89525e-06 
4.12e-09 1.90145e-06 
4.14e-09 1.90762e-06 
4.16e-09 1.91377e-06 
4.18e-09 1.91989e-06 
4.2e-09 1.92598e-06 
4.22e-09 1.93205e-06 
4.24e-09 1.93809e-06 
4.26e-09 1.9441e-06 
4.28e-09 1.95008e-06 
4.3e-09 1.95604e-06 
4.32e-09 1.96198e-06 
4.34e-09 1.96789e-06 
4.36e-09 1.97377e-06 
4.38e-09 1.97962e-06 
4.4e-09 1.98546e-06 
4.42e-09 1.99126e-06 
4.44e-09 1.99705e-06 
4.46e-09 2.0028e-06 
4.48e-09 2.00854e-06 
4.5e-09 2.01424e-06 
4.52e-09 2.01993e-06 
4.54e-09 2.02559e-06 
4.56e-09 2.03123e-06 
4.58e-09 2.03684e-06 
4.6e-09 2.04243e-06 
4.62e-09 2.048e-06 
4.64e-09 2.05354e-06 
4.66e-09 2.05906e-06 
4.68e-09 2.06456e-06 
4.7e-09 2.07004e-06 
4.72e-09 2.07549e-06 
4.74e-09 2.08092e-06 
4.76e-09 2.08633e-06 
4.78e-09 2.09171e-06 
4.8e-09 2.09708e-06 
4.82e-09 2.10242e-06 
4.84e-09 2.10774e-06 
4.86e-09 2.11304e-06 
4.88e-09 2.11832e-06 
4.9e-09 2.12358e-06 
4.92e-09 2.12882e-06 
4.94e-09 2.13403e-06 
4.96e-09 2.13923e-06 
4.98e-09 2.14441e-06 
5e-09 2.14956e-06 
5.02e-09 2.15469e-06 
5.04e-09 2.15981e-06 
5.06e-09 2.1649e-06 
5.08e-09 2.16998e-06 
5.1e-09 2.17503e-06 
5.12e-09 2.18007e-06 
5.14e-09 2.18509e-06 
5.16e-09 2.19008e-06 
5.18e-09 2.19506e-06 
5.2e-09 2.20002e-06 
5.22e-09 2.20496e-06 
5.24e-09 2.20988e-06 
5.26e-09 2.21479e-06 
5.28e-09 2.21967e-06 
5.3e-09 2.22454e-06 
5.32e-09 2.22938e-06 
5.34e-09 2.23421e-06 
5.36e-09 2.23902e-06 
5.38e-09 2.24382e-06 
5.4e-09 2.24859e-06 
5.42e-09 2.25335e-06 
5.44e-09 2.25809e-06 
5.46e-09 2.26282e-06 
5.48e-09 2.26752e-06 
5.5e-09 2.27221e-06 
5.52e-09 2.27688e-06 
5.54e-09 2.28154e-06 
5.56e-09 2.28617e-06 
5.58e-09 2.2908e-06 
5.6e-09 2.2954e-06 
5.62e-09 2.29999e-06 
5.64e-09 2.30456e-06 
5.66e-09 2.30911e-06 
5.68e-09 2.31365e-06 
5.7e-09 2.31817e-06 
5.72e-09 2.32268e-06 
5.74e-09 2.32717e-06 
5.76e-09 2.33165e-06 
5.78e-09 2.3361e-06 
5.8e-09 2.34055e-06 
5.82e-09 2.34498e-06 
5.84e-09 2.34939e-06 
5.86e-09 2.35378e-06 
5.88e-09 2.35817e-06 
5.9e-09 2.36253e-06 
5.92e-09 2.36688e-06 
5.94e-09 2.37122e-06 
5.96e-09 2.37554e-06 
5.98e-09 2.37985e-06 
6e-09 2.38414e-06 
6.02e-09 2.38842e-06 
6.04e-09 2.39268e-06 
6.06e-09 2.39693e-06 
6.08e-09 2.40116e-06 
6.1e-09 2.40538e-06 
6.12e-09 2.40959e-06 
6.14e-09 2.41378e-06 
6.16e-09 2.41796e-06 
6.18e-09 2.42212e-06 
6.2e-09 2.42627e-06 
6.22e-09 2.4304e-06 
6.24e-09 2.43453e-06 
6.26e-09 2.43863e-06 
6.28e-09 2.44273e-06 
6.3e-09 2.44681e-06 
6.32e-09 2.45088e-06 
6.34e-09 2.45493e-06 
6.36e-09 2.45897e-06 
6.38e-09 2.463e-06 
6.4e-09 2.46702e-06 
6.42e-09 2.47102e-06 
6.44e-09 2.47501e-06 
6.46e-09 2.47899e-06 
6.48e-09 2.48295e-06 
6.5e-09 2.4869e-06 
6.52e-09 2.49084e-06 
6.54e-09 2.49476e-06 
6.56e-09 2.49868e-06 
6.58e-09 2.50258e-06 
6.6e-09 2.50647e-06 
6.62e-09 2.51034e-06 
6.64e-09 2.51421e-06 
6.66e-09 2.51806e-06 
6.68e-09 2.5219e-06 
6.7e-09 2.52573e-06 
6.72e-09 2.52954e-06 
6.74e-09 2.53335e-06 
6.76e-09 2.53714e-06 
6.78e-09 2.54092e-06 
6.8e-09 2.54469e-06 
6.82e-09 2.54844e-06 
6.84e-09 2.55219e-06 
6.86e-09 2.55592e-06 
6.88e-09 2.55965e-06 
6.9e-09 2.56336e-06 
6.92e-09 2.56706e-06 
6.94e-09 2.57075e-06 
6.96e-09 2.57442e-06 
6.98e-09 2.57809e-06 
7e-09 2.58174e-06 
7.02e-09 2.58539e-06 
7.04e-09 2.58902e-06 
7.06e-09 2.59264e-06 
7.08e-09 2.59626e-06 
7.1e-09 2.59986e-06 
7.12e-09 2.60345e-06 
7.14e-09 2.60703e-06 
7.16e-09 2.6106e-06 
7.18e-09 2.61415e-06 
7.2e-09 2.6177e-06 
7.22e-09 2.62124e-06 
7.24e-09 2.62477e-06 
7.26e-09 2.62828e-06 
7.28e-09 2.63179e-06 
7.3e-09 2.63529e-06 
7.32e-09 2.63877e-06 
7.34e-09 2.64225e-06 
7.36e-09 2.64571e-06 
7.38e-09 2.64917e-06 
7.4e-09 2.65262e-06 
7.42e-09 2.65605e-06 
7.44e-09 2.65948e-06 
7.46e-09 2.6629e-06 
7.48e-09 2.6663e-06 
7.5e-09 2.6697e-06 
7.52e-09 2.67309e-06 
7.54e-09 2.67647e-06 
7.56e-09 2.67983e-06 
7.58e-09 2.68319e-06 
7.6e-09 2.68654e-06 
7.62e-09 2.68988e-06 
7.64e-09 2.69321e-06 
7.66e-09 2.69653e-06 
7.68e-09 2.69985e-06 
7.7e-09 2.70315e-06 
7.72e-09 2.70644e-06 
7.74e-09 2.70973e-06 
7.76e-09 2.713e-06 
7.78e-09 2.71627e-06 
7.8e-09 2.71953e-06 
7.82e-09 2.72278e-06 
7.84e-09 2.72602e-06 
7.86e-09 2.72925e-06 
7.88e-09 2.73247e-06 
7.9e-09 2.73568e-06 
7.92e-09 2.73889e-06 
7.94e-09 2.74208e-06 
7.96e-09 2.74527e-06 
7.98e-09 2.74845e-06 
8e-09 2.75162e-06 
8.02e-09 2.75478e-06 
8.04e-09 2.75794e-06 
8.06e-09 2.76108e-06 
8.08e-09 2.76422e-06 
8.1e-09 2.76735e-06 
8.12e-09 2.77047e-06 
8.14e-09 2.77358e-06 
8.16e-09 2.77668e-06 
8.18e-09 2.77978e-06 
8.2e-09 2.78286e-06 
8.22e-09 2.78594e-06 
8.24e-09 2.78901e-06 
8.26e-09 2.79208e-06 
8.28e-09 2.79513e-06 
8.3e-09 2.79818e-06 
8.32e-09 2.80122e-06 
8.34e-09 2.80425e-06 
8.36e-09 2.80727e-06 
8.38e-09 2.81029e-06 
8.4e-09 2.8133e-06 
8.42e-09 2.8163e-06 
8.44e-09 2.81929e-06 
8.46e-09 2.82227e-06 
8.48e-09 2.82525e-06 
8.5e-09 2.82822e-06 
8.52e-09 2.83118e-06 
8.54e-09 2.83414e-06 
8.56e-09 2.83709e-06 
8.58e-09 2.84003e-06 
8.6e-09 2.84296e-06 
8.62e-09 2.84588e-06 
8.64e-09 2.8488e-06 
8.66e-09 2.85171e-06 
8.68e-09 2.85461e-06 
8.7e-09 2.85751e-06 
8.72e-09 2.8604e-06 
8.74e-09 2.86328e-06 
8.76e-09 2.86615e-06 
8.78e-09 2.86902e-06 
8.8e-09 2.87188e-06 
8.82e-09 2.87474e-06 
8.84e-09 2.87758e-06 
8.86e-09 2.88042e-06 
8.88e-09 2.88325e-06 
8.9e-09 2.88608e-06 
8.92e-09 2.8889e-06 
8.94e-09 2.89171e-06 
8.96e-09 2.89451e-06 
8.98e-09 2.89731e-06 
9e-09 2.9001e-06 
9.02e-09 2.90289e-06 
9.04e-09 2.90567e-06 
9.06e-09 2.90844e-06 
9.08e-09 2.9112e-06 
9.1e-09 2.91396e-06 
9.12e-09 2.91671e-06 
9.14e-09 2.91946e-06 
9.16e-09 2.9222e-06 
9.18e-09 2.92493e-06 
9.2e-09 2.92765e-06 
9.22e-09 2.93037e-06 
9.24e-09 2.93308e-06 
9.26e-09 2.93579e-06 
9.28e-09 2.93849e-06 
9.3e-09 2.94118e-06 
9.32e-09 2.94387e-06 
9.34e-09 2.94655e-06 
9.36e-09 2.94923e-06 
9.38e-09 2.9519e-06 
9.4e-09 2.95456e-06 
9.42e-09 2.95722e-06 
9.44e-09 2.95987e-06 
9.46e-09 2.96251e-06 
9.48e-09 2.96515e-06 
9.5e-09 2.96778e-06 
9.52e-09 2.97041e-06 
9.54e-09 2.97303e-06 
9.56e-09 2.97564e-06 
9.58e-09 2.97825e-06 
9.6e-09 2.98085e-06 
9.62e-09 2.98345e-06 
9.64e-09 2.98604e-06 
9.66e-09 2.98862e-06 
9.68e-09 2.9912e-06 
9.7e-09 2.99377e-06 
9.72e-09 2.99634e-06 
9.74e-09 2.9989e-06 
9.76e-09 3.00146e-06 
9.78e-09 3.00401e-06 
9.8e-09 3.00655e-06 
9.82e-09 3.00909e-06 
9.84e-09 3.01163e-06 
9.86e-09 3.01415e-06 
9.88e-09 3.01668e-06 
9.9e-09 3.01919e-06 
9.92e-09 3.0217e-06 
9.94e-09 3.02421e-06 
9.96e-09 3.02671e-06 
9.98e-09 3.0292e-06 
1e-08 3.03169e-06 
