0 0 
2e-11 6.155e-17 
4e-11 3.32e-16 
6e-11 7.7025e-16 
8e-11 1.3394e-15 
1e-10 1.981e-15 
1.2e-10 2.7531e-15 
1.4e-10 3.6428e-15 
1.6e-10 4.6496e-15 
1.8e-10 5.77575e-15 
2e-10 7.032e-15 
2.2e-10 8.4282e-15 
2.4e-10 9.6906e-15 
2.6e-10 1.07919e-14 
2.8e-10 1.19665e-14 
3e-10 1.31572e-14 
3.2e-10 1.438e-14 
3.4e-10 1.56536e-14 
3.6e-10 1.69254e-14 
3.8e-10 1.82599e-14 
4e-10 1.9683e-14 
4.2e-10 2.11575e-14 
4.4e-10 2.27106e-14 
4.6e-10 2.43305e-14 
4.8e-10 2.63892e-14 
5e-10 2.89262e-14 
5.2e-10 3.16862e-14 
5.4e-10 3.45829e-14 
5.6e-10 3.75648e-14 
5.8e-10 4.06696e-14 
6e-10 4.3833e-14 
6.2e-10 4.71277e-14 
6.4e-10 5.04864e-14 
6.6e-10 5.39434e-14 
6.8e-10 5.76045e-14 
7e-10 6.13445e-14 
7.2e-10 6.52626e-14 
7.4e-10 6.93824e-14 
7.6e-10 7.35262e-14 
7.8e-10 7.78108e-14 
8e-10 8.224e-14 
8.2e-10 8.68236e-14 
8.4e-10 9.1497e-14 
8.6e-10 9.62426e-14 
8.8e-10 1.0111e-13 
9e-10 1.06081e-13 
9.2e-10 1.11258e-13 
9.4e-10 1.16506e-13 
9.6e-10 1.21925e-13 
9.8e-10 1.27638e-13 
1e-09 1.3156e-13 
1.02e-09 1.36071e-13 
1.04e-09 1.42719e-13 
1.06e-09 1.48893e-13 
1.08e-09 1.55158e-13 
1.1e-09 1.61543e-13 
1.12e-09 1.68062e-13 
1.14e-09 1.7483e-13 
1.16e-09 1.81714e-13 
1.18e-09 1.88617e-13 
1.2e-09 1.95723e-13 
1.22e-09 2.02895e-13 
1.24e-09 2.10211e-13 
1.26e-09 2.17848e-13 
1.28e-09 2.25539e-13 
1.3e-09 2.33168e-13 
1.32e-09 2.41039e-13 
1.34e-09 2.49052e-13 
1.36e-09 2.57033e-13 
1.38e-09 2.65298e-13 
1.4e-09 2.73696e-13 
1.42e-09 2.82133e-13 
1.44e-09 2.9075e-13 
1.46e-09 2.99537e-13 
1.48e-09 3.08613e-13 
1.5e-09 3.20415e-13 
1.52e-09 3.29369e-13 
1.54e-09 3.35724e-13 
1.56e-09 3.44932e-13 
1.58e-09 3.54358e-13 
1.6e-09 3.6426e-13 
1.62e-09 3.74265e-13 
1.64e-09 3.84199e-13 
1.66e-09 3.943e-13 
1.68e-09 4.04632e-13 
1.7e-09 4.15021e-13 
1.72e-09 4.2564e-13 
1.74e-09 4.36266e-13 
1.76e-09 4.46833e-13 
1.78e-09 4.57731e-13 
1.8e-09 4.68778e-13 
1.82e-09 4.79907e-13 
1.84e-09 4.91248e-13 
1.86e-09 5.02679e-13 
1.88e-09 5.13663e-13 
1.9e-09 5.24946e-13 
1.92e-09 5.36462e-13 
1.94e-09 5.47972e-13 
1.96e-09 5.5982e-13 
1.98e-09 5.71859e-13 
2e-09 4.35608e-06 
2.02e-09 1.85231e-05 
2.04e-09 3.65555e-05 
2.06e-09 5.16582e-05 
2.08e-09 6.44285e-05 
2.1e-09 7.54353e-05 
2.12e-09 8.51239e-05 
2.14e-09 9.38128e-05 
2.16e-09 0.000101727 
2.18e-09 0.000109026 
2.2e-09 0.000115821 
2.22e-09 0.000122194 
2.24e-09 0.000128206 
2.26e-09 0.000133904 
2.28e-09 0.000139322 
2.3e-09 0.000144491 
2.32e-09 0.000149434 
2.34e-09 0.000154172 
2.36e-09 0.00015872 
2.38e-09 0.000163095 
2.4e-09 0.000167311 
2.42e-09 0.000171378 
2.44e-09 0.000175308 
2.46e-09 0.000179112 
2.48e-09 0.000182797 
2.5e-09 0.000186373 
2.52e-09 0.000189847 
2.54e-09 0.000193227 
2.56e-09 0.000196519 
2.58e-09 0.00019973 
2.6e-09 0.000202864 
2.62e-09 0.000205929 
2.64e-09 0.000208928 
2.66e-09 0.000211866 
2.68e-09 0.000214749 
2.7e-09 0.000217579 
2.72e-09 0.000220361 
2.74e-09 0.000223099 
2.76e-09 0.000225795 
2.78e-09 0.000228453 
2.8e-09 0.000231075 
2.82e-09 0.000233664 
2.84e-09 0.000236223 
2.86e-09 0.000238753 
2.88e-09 0.000241257 
2.9e-09 0.000243737 
2.92e-09 0.000246194 
2.94e-09 0.00024863 
2.96e-09 0.000251046 
2.98e-09 0.000253443 
3e-09 0.000255824 
3.02e-09 0.000258189 
3.04e-09 0.000260538 
3.06e-09 0.000262874 
3.08e-09 0.000265197 
3.1e-09 0.000267508 
3.12e-09 0.000269807 
3.14e-09 0.000272096 
3.16e-09 0.000274374 
3.18e-09 0.000276644 
3.2e-09 0.000278904 
3.22e-09 0.000281157 
3.24e-09 0.000283401 
3.26e-09 0.000285639 
3.28e-09 0.000287869 
3.3e-09 0.000290093 
3.32e-09 0.000292312 
3.34e-09 0.000294524 
3.36e-09 0.000296731 
3.38e-09 0.000298934 
3.4e-09 0.000301131 
3.42e-09 0.000303325 
3.44e-09 0.000305514 
3.46e-09 0.000307699 
3.48e-09 0.000309881 
3.5e-09 0.000312059 
3.52e-09 0.000314234 
3.54e-09 0.000316406 
3.56e-09 0.000318575 
3.58e-09 0.000320742 
3.6e-09 0.000322906 
3.62e-09 0.000325068 
3.64e-09 0.000327228 
3.66e-09 0.000329386 
3.68e-09 0.000331542 
3.7e-09 0.000333696 
3.72e-09 0.000335849 
3.74e-09 0.000338 
3.76e-09 0.00034015 
3.78e-09 0.000342298 
3.8e-09 0.000344445 
3.82e-09 0.000346592 
3.84e-09 0.000348737 
3.86e-09 0.000350881 
3.88e-09 0.000353025 
3.9e-09 0.000355167 
3.92e-09 0.00035731 
3.94e-09 0.000359451 
3.96e-09 0.000361592 
3.98e-09 0.000363732 
4e-09 0.000365873 
4.02e-09 0.000368012 
4.04e-09 0.000370152 
4.06e-09 0.000372291 
4.08e-09 0.00037443 
4.1e-09 0.000376569 
4.12e-09 0.000378708 
4.14e-09 0.000380846 
4.16e-09 0.000382985 
4.18e-09 0.000385124 
4.2e-09 0.000387263 
4.22e-09 0.000389402 
4.24e-09 0.000391541 
4.26e-09 0.00039368 
4.28e-09 0.000395819 
4.3e-09 0.000397959 
4.32e-09 0.000400099 
4.34e-09 0.000402239 
4.36e-09 0.00040438 
4.38e-09 0.000406521 
4.4e-09 0.000408662 
4.42e-09 0.000410804 
4.44e-09 0.000412946 
4.46e-09 0.000415089 
4.48e-09 0.000417232 
4.5e-09 0.000419376 
4.52e-09 0.00042152 
4.54e-09 0.000423665 
4.56e-09 0.00042581 
4.58e-09 0.000427956 
4.6e-09 0.000430102 
4.62e-09 0.000432249 
4.64e-09 0.000434397 
4.66e-09 0.000436545 
4.68e-09 0.000438694 
4.7e-09 0.000440844 
4.72e-09 0.000442994 
4.74e-09 0.000445145 
4.76e-09 0.000447297 
4.78e-09 0.000449449 
4.8e-09 0.000451602 
4.82e-09 0.000453756 
4.84e-09 0.000455911 
4.86e-09 0.000458066 
4.88e-09 0.000460223 
4.9e-09 0.00046238 
4.92e-09 0.000464537 
4.94e-09 0.000466696 
4.96e-09 0.000468855 
4.98e-09 0.000471016 
5e-09 0.000473177 
5.02e-09 0.000475339 
5.04e-09 0.000477501 
5.06e-09 0.000479665 
5.08e-09 0.000481829 
5.1e-09 0.000483995 
5.12e-09 0.000486161 
5.14e-09 0.000488328 
5.16e-09 0.000490496 
5.18e-09 0.000492665 
5.2e-09 0.000494835 
5.22e-09 0.000497006 
5.24e-09 0.000499177 
5.26e-09 0.00050135 
5.28e-09 0.000503524 
5.3e-09 0.000505698 
5.32e-09 0.000507873 
5.34e-09 0.00051005 
5.36e-09 0.000512227 
5.38e-09 0.000514405 
5.4e-09 0.000516584 
5.42e-09 0.000518765 
5.44e-09 0.000520946 
5.46e-09 0.000523128 
5.48e-09 0.000525311 
5.5e-09 0.000527495 
5.52e-09 0.00052968 
5.54e-09 0.000531866 
5.56e-09 0.000534053 
5.58e-09 0.000536241 
5.6e-09 0.00053843 
5.62e-09 0.00054062 
5.64e-09 0.000542811 
5.66e-09 0.000545003 
5.68e-09 0.000547196 
5.7e-09 0.00054939 
5.72e-09 0.000551585 
5.74e-09 0.000553781 
5.76e-09 0.000555979 
5.78e-09 0.000558177 
5.8e-09 0.000560376 
5.82e-09 0.000562576 
5.84e-09 0.000564777 
5.86e-09 0.00056698 
5.88e-09 0.000569183 
5.9e-09 0.000571387 
5.92e-09 0.000573593 
5.94e-09 0.000575799 
5.96e-09 0.000578007 
5.98e-09 0.000580215 
6e-09 0.000582425 
6.02e-09 0.000584635 
6.04e-09 0.000586847 
6.06e-09 0.00058906 
6.08e-09 0.000591274 
6.1e-09 0.000593488 
6.12e-09 0.000595704 
6.14e-09 0.000597921 
6.16e-09 0.000600139 
6.18e-09 0.000602359 
6.2e-09 0.000604579 
6.22e-09 0.0006068 
6.24e-09 0.000609022 
6.26e-09 0.000611246 
6.28e-09 0.00061347 
6.3e-09 0.000615696 
6.32e-09 0.000617923 
6.34e-09 0.00062015 
6.36e-09 0.000622379 
6.38e-09 0.000624609 
6.4e-09 0.00062684 
6.42e-09 0.000629072 
6.44e-09 0.000631305 
6.46e-09 0.000633539 
6.48e-09 0.000635775 
6.5e-09 0.000638011 
6.52e-09 0.000640249 
6.54e-09 0.000642487 
6.56e-09 0.000644727 
6.58e-09 0.000646968 
6.6e-09 0.000649209 
6.62e-09 0.000651452 
6.64e-09 0.000653696 
6.66e-09 0.000655941 
6.68e-09 0.000658188 
6.7e-09 0.000660435 
6.72e-09 0.000662684 
6.74e-09 0.000664933 
6.76e-09 0.000667184 
6.78e-09 0.000669435 
6.8e-09 0.000671688 
6.82e-09 0.000673942 
6.84e-09 0.000676197 
6.86e-09 0.000678453 
6.88e-09 0.000680711 
6.9e-09 0.000682969 
6.92e-09 0.000685228 
6.94e-09 0.000687489 
6.96e-09 0.000689751 
6.98e-09 0.000692013 
7e-09 0.000694277 
7.02e-09 0.000696542 
7.04e-09 0.000698808 
7.06e-09 0.000701076 
7.08e-09 0.000703344 
7.1e-09 0.000705613 
7.12e-09 0.000707884 
7.14e-09 0.000710156 
7.16e-09 0.000712428 
7.18e-09 0.000714702 
7.2e-09 0.000716977 
7.22e-09 0.000719253 
7.24e-09 0.000721531 
7.26e-09 0.000723809 
7.28e-09 0.000726089 
7.3e-09 0.000728369 
7.32e-09 0.000730651 
7.34e-09 0.000732934 
7.36e-09 0.000735218 
7.38e-09 0.000737503 
7.4e-09 0.000739789 
7.42e-09 0.000742076 
7.44e-09 0.000744364 
7.46e-09 0.000746654 
7.48e-09 0.000748945 
7.5e-09 0.000751236 
7.52e-09 0.000753529 
7.54e-09 0.000755823 
7.56e-09 0.000758118 
7.58e-09 0.000760415 
7.6e-09 0.000762712 
7.62e-09 0.00076501 
7.64e-09 0.00076731 
7.66e-09 0.000769611 
7.68e-09 0.000771913 
7.7e-09 0.000774216 
7.72e-09 0.00077652 
7.74e-09 0.000778825 
7.76e-09 0.000781131 
7.78e-09 0.000783439 
7.8e-09 0.000785747 
7.82e-09 0.000788057 
7.84e-09 0.000790368 
7.86e-09 0.00079268 
7.88e-09 0.000794993 
7.9e-09 0.000797307 
7.92e-09 0.000799623 
7.94e-09 0.000801939 
7.96e-09 0.000804257 
7.98e-09 0.000806575 
8e-09 0.000808895 
8.02e-09 0.000811216 
8.04e-09 0.000813538 
8.06e-09 0.000815862 
8.08e-09 0.000818186 
8.1e-09 0.000820511 
8.12e-09 0.000822838 
8.14e-09 0.000825166 
8.16e-09 0.000827495 
8.18e-09 0.000829825 
8.2e-09 0.000832156 
8.22e-09 0.000834488 
8.24e-09 0.000836821 
8.26e-09 0.000839156 
8.28e-09 0.000841491 
8.3e-09 0.000843828 
8.32e-09 0.000846166 
8.34e-09 0.000848505 
8.36e-09 0.000850845 
8.38e-09 0.000853187 
8.4e-09 0.000855529 
8.42e-09 0.000857873 
8.44e-09 0.000860217 
8.46e-09 0.000862563 
8.48e-09 0.00086491 
8.5e-09 0.000867258 
8.52e-09 0.000869607 
8.54e-09 0.000871957 
8.56e-09 0.000874309 
8.58e-09 0.000876661 
8.6e-09 0.000879015 
8.62e-09 0.00088137 
8.64e-09 0.000883726 
8.66e-09 0.000886083 
8.68e-09 0.000888441 
8.7e-09 0.000890801 
8.72e-09 0.000893161 
8.74e-09 0.000895523 
8.76e-09 0.000897886 
8.78e-09 0.000900249 
8.8e-09 0.000902614 
8.82e-09 0.000904981 
8.84e-09 0.000907348 
8.86e-09 0.000909716 
8.88e-09 0.000912086 
8.9e-09 0.000914456 
8.92e-09 0.000916828 
8.94e-09 0.000919201 
8.96e-09 0.000921575 
8.98e-09 0.00092395 
9e-09 0.000926327 
9.02e-09 0.000928704 
9.04e-09 0.000931083 
9.06e-09 0.000933463 
9.08e-09 0.000935843 
9.1e-09 0.000938225 
9.12e-09 0.000940608 
9.14e-09 0.000942993 
9.16e-09 0.000945378 
9.18e-09 0.000947765 
9.2e-09 0.000950152 
9.22e-09 0.000952541 
9.24e-09 0.000954931 
9.26e-09 0.000957322 
9.28e-09 0.000959714 
9.3e-09 0.000962107 
9.32e-09 0.000964502 
9.34e-09 0.000966897 
9.36e-09 0.000969294 
9.38e-09 0.000971692 
9.4e-09 0.000974091 
9.42e-09 0.000976491 
9.44e-09 0.000978892 
9.46e-09 0.000981295 
9.48e-09 0.000983698 
9.5e-09 0.000986103 
9.52e-09 0.000988509 
9.54e-09 0.000990915 
9.56e-09 0.000993323 
9.58e-09 0.000995733 
9.6e-09 0.000998143 
9.62e-09 0.00100055 
9.64e-09 0.00100297 
9.66e-09 0.00100538 
9.68e-09 0.0010078 
9.7e-09 0.00101021 
9.72e-09 0.00101263 
9.74e-09 0.00101505 
9.76e-09 0.00101747 
9.78e-09 0.00101989 
9.8e-09 0.00102231 
9.82e-09 0.00102473 
9.84e-09 0.00102715 
9.86e-09 0.00102958 
9.88e-09 0.00103201 
9.9e-09 0.00103443 
9.92e-09 0.00103686 
9.94e-09 0.00103929 
9.96e-09 0.00104172 
9.98e-09 0.00104415 
1e-08 0.00104659 
