0 0 
2e-11 0 
4e-11 0 
6e-11 0 
8e-11 0 
1e-10 0 
1.2e-10 0 
1.4e-10 0 
1.6e-10 0 
1.8e-10 0 
2e-10 0 
2.2e-10 0 
2.4e-10 0 
2.6e-10 0 
2.8e-10 0 
3e-10 0 
3.2e-10 0 
3.4e-10 0 
3.6e-10 0 
3.8e-10 0 
4e-10 0 
4.2e-10 0 
4.4e-10 0 
4.6e-10 0 
4.8e-10 0 
5e-10 0 
5.2e-10 0 
5.4e-10 0 
5.6e-10 0 
5.8e-10 0 
6e-10 0 
6.2e-10 0 
6.4e-10 0 
6.6e-10 0 
6.8e-10 0 
7e-10 0 
7.2e-10 0 
7.4e-10 0 
7.6e-10 0 
7.8e-10 0 
8e-10 0 
8.2e-10 0 
8.4e-10 0 
8.6e-10 0 
8.8e-10 0 
9e-10 0 
9.2e-10 0 
9.4e-10 0 
9.6e-10 0 
9.8e-10 0 
1e-09 0 
1.02e-09 0 
1.04e-09 0 
1.06e-09 0 
1.08e-09 0 
1.1e-09 0 
1.12e-09 0 
1.14e-09 0 
1.16e-09 0 
1.18e-09 0 
1.2e-09 0 
1.22e-09 0 
1.24e-09 0 
1.26e-09 0 
1.28e-09 0 
1.3e-09 0 
1.32e-09 0 
1.34e-09 0 
1.36e-09 0 
1.38e-09 0 
1.4e-09 0 
1.42e-09 0 
1.44e-09 0 
1.46e-09 0 
1.48e-09 0 
1.5e-09 0 
1.52e-09 0 
1.54e-09 0 
1.56e-09 0 
1.58e-09 0 
1.6e-09 0 
1.62e-09 0 
1.64e-09 0 
1.66e-09 0 
1.68e-09 0 
1.7e-09 0 
1.72e-09 0 
1.74e-09 0 
1.76e-09 0 
1.78e-09 0 
1.8e-09 0 
1.82e-09 0 
1.84e-09 0 
1.86e-09 0 
1.88e-09 0 
1.9e-09 0 
1.92e-09 0 
1.94e-09 0 
1.96e-09 0 
1.98e-09 9.16601e-19 
2e-09 1.87658e-18 
2.02e-09 1.96025e-18 
2.04e-09 2.03813e-18 
2.06e-09 2.11092e-18 
2.08e-09 2.17916e-18 
2.1e-09 2.24326e-18 
2.12e-09 2.30354e-18 
2.14e-09 2.36026e-18 
2.16e-09 2.41365e-18 
2.18e-09 2.46388e-18 
2.2e-09 2.51114e-18 
2.22e-09 2.55557e-18 
2.24e-09 2.59732e-18 
2.26e-09 2.63653e-18 
2.28e-09 2.67334e-18 
2.3e-09 2.70786e-18 
2.32e-09 2.74023e-18 
2.34e-09 2.77055e-18 
2.36e-09 2.79896e-18 
2.38e-09 2.82555e-18 
2.4e-09 2.85044e-18 
2.42e-09 2.87372e-18 
2.44e-09 2.89549e-18 
2.46e-09 2.91584e-18 
2.48e-09 2.93486e-18 
2.5e-09 2.95263e-18 
2.52e-09 2.96923e-18 
2.54e-09 2.98474e-18 
2.56e-09 2.99922e-18 
2.58e-09 3.01274e-18 
2.6e-09 3.02536e-18 
2.62e-09 3.03714e-18 
2.64e-09 3.04814e-18 
2.66e-09 3.0584e-18 
2.68e-09 3.06798e-18 
2.7e-09 3.07691e-18 
2.72e-09 3.08525e-18 
2.74e-09 3.09303e-18 
2.76e-09 3.10029e-18 
2.78e-09 3.10706e-18 
2.8e-09 3.11337e-18 
2.82e-09 3.11926e-18 
2.84e-09 3.12476e-18 
2.86e-09 3.12989e-18 
2.88e-09 3.13467e-18 
2.9e-09 3.13913e-18 
2.92e-09 3.14329e-18 
2.94e-09 3.14717e-18 
2.96e-09 3.15078e-18 
2.98e-09 3.15416e-18 
3e-09 3.15731e-18 
3.02e-09 3.16024e-18 
3.04e-09 3.16298e-18 
3.06e-09 3.16553e-18 
3.08e-09 3.16791e-18 
3.1e-09 3.17013e-18 
3.12e-09 3.17221e-18 
3.14e-09 3.17414e-18 
3.16e-09 3.17594e-18 
3.18e-09 3.17762e-18 
3.2e-09 3.17918e-18 
3.22e-09 3.18065e-18 
3.24e-09 3.18201e-18 
3.26e-09 3.18328e-18 
3.28e-09 3.18446e-18 
3.3e-09 3.18557e-18 
3.32e-09 3.1866e-18 
3.34e-09 3.18756e-18 
3.36e-09 3.18846e-18 
3.38e-09 3.18929e-18 
3.4e-09 3.19007e-18 
3.42e-09 3.1908e-18 
3.44e-09 3.19148e-18 
3.46e-09 3.19211e-18 
3.48e-09 3.1927e-18 
3.5e-09 3.19325e-18 
3.52e-09 3.19376e-18 
3.54e-09 3.19424e-18 
3.56e-09 3.19469e-18 
3.58e-09 3.1951e-18 
3.6e-09 3.19549e-18 
3.62e-09 3.19585e-18 
3.64e-09 3.19619e-18 
3.66e-09 3.1965e-18 
3.68e-09 3.1968e-18 
3.7e-09 3.19707e-18 
3.72e-09 3.19732e-18 
3.74e-09 3.19756e-18 
3.76e-09 3.19778e-18 
3.78e-09 3.19799e-18 
3.8e-09 3.19818e-18 
3.82e-09 3.19836e-18 
3.84e-09 3.19853e-18 
3.86e-09 3.19869e-18 
3.88e-09 3.19883e-18 
3.9e-09 3.19897e-18 
3.92e-09 3.1991e-18 
3.94e-09 3.19922e-18 
3.96e-09 3.19933e-18 
3.98e-09 3.19943e-18 
4e-09 3.19952e-18 
4.02e-09 3.19961e-18 
4.04e-09 3.1997e-18 
4.06e-09 3.19978e-18 
4.08e-09 3.19985e-18 
4.1e-09 3.19992e-18 
4.12e-09 3.19998e-18 
4.14e-09 3.20004e-18 
4.16e-09 3.20009e-18 
4.18e-09 3.20014e-18 
4.2e-09 3.20019e-18 
4.22e-09 3.20024e-18 
4.24e-09 3.20028e-18 
4.26e-09 3.20032e-18 
4.28e-09 3.20035e-18 
4.3e-09 3.20039e-18 
4.32e-09 3.20042e-18 
4.34e-09 3.20045e-18 
4.36e-09 3.20047e-18 
4.38e-09 3.2005e-18 
4.4e-09 3.20052e-18 
4.42e-09 3.20055e-18 
4.44e-09 3.20057e-18 
4.46e-09 3.20059e-18 
4.48e-09 3.2006e-18 
4.5e-09 3.20062e-18 
4.52e-09 3.20064e-18 
4.54e-09 3.20065e-18 
4.56e-09 3.20066e-18 
4.58e-09 3.20068e-18 
4.6e-09 3.20069e-18 
4.62e-09 3.2007e-18 
4.64e-09 3.20071e-18 
4.66e-09 3.20072e-18 
4.68e-09 3.20073e-18 
4.7e-09 3.20074e-18 
4.72e-09 3.20074e-18 
4.74e-09 3.20075e-18 
4.76e-09 3.20076e-18 
4.78e-09 3.20076e-18 
4.8e-09 3.20077e-18 
4.82e-09 3.20078e-18 
4.84e-09 3.20078e-18 
4.86e-09 3.20079e-18 
4.88e-09 3.20079e-18 
4.9e-09 3.20079e-18 
4.92e-09 3.2008e-18 
4.94e-09 3.2008e-18 
4.96e-09 3.20081e-18 
4.98e-09 3.20081e-18 
5e-09 3.20081e-18 
5.02e-09 3.20081e-18 
5.04e-09 3.20082e-18 
5.06e-09 3.20082e-18 
5.08e-09 3.20082e-18 
5.1e-09 3.20082e-18 
5.12e-09 3.20083e-18 
5.14e-09 3.20083e-18 
5.16e-09 3.20083e-18 
5.18e-09 3.20083e-18 
5.2e-09 3.20083e-18 
5.22e-09 3.20083e-18 
5.24e-09 3.20083e-18 
5.26e-09 3.20084e-18 
5.28e-09 3.20084e-18 
5.3e-09 3.20084e-18 
5.32e-09 3.20084e-18 
5.34e-09 3.20084e-18 
5.36e-09 3.20084e-18 
5.38e-09 3.20084e-18 
5.4e-09 3.20084e-18 
5.42e-09 3.20084e-18 
5.44e-09 3.20084e-18 
5.46e-09 3.20084e-18 
5.48e-09 3.20084e-18 
5.5e-09 3.20084e-18 
5.52e-09 3.20085e-18 
5.54e-09 3.20085e-18 
5.56e-09 3.20085e-18 
5.58e-09 3.20085e-18 
5.6e-09 3.20085e-18 
5.62e-09 3.20085e-18 
5.64e-09 3.20085e-18 
5.66e-09 3.20085e-18 
5.68e-09 3.20085e-18 
5.7e-09 3.20085e-18 
5.72e-09 3.20085e-18 
5.74e-09 3.20085e-18 
5.76e-09 3.20085e-18 
5.78e-09 3.20085e-18 
5.8e-09 3.20085e-18 
5.82e-09 3.20085e-18 
5.84e-09 3.20085e-18 
5.86e-09 3.20085e-18 
5.88e-09 3.20085e-18 
5.9e-09 3.20085e-18 
5.92e-09 3.20085e-18 
5.94e-09 3.20085e-18 
5.96e-09 3.20085e-18 
5.98e-09 3.20085e-18 
6e-09 3.20085e-18 
6.02e-09 3.20085e-18 
6.04e-09 3.20085e-18 
6.06e-09 3.20085e-18 
6.08e-09 3.20085e-18 
6.1e-09 3.20085e-18 
6.12e-09 3.20085e-18 
6.14e-09 3.20085e-18 
6.16e-09 3.20085e-18 
6.18e-09 3.20085e-18 
6.2e-09 3.20085e-18 
6.22e-09 3.20085e-18 
6.24e-09 3.20085e-18 
6.26e-09 3.20085e-18 
6.28e-09 3.20085e-18 
6.3e-09 3.20085e-18 
6.32e-09 3.20085e-18 
6.34e-09 3.20085e-18 
6.36e-09 3.20085e-18 
6.38e-09 3.20085e-18 
6.4e-09 3.20085e-18 
6.42e-09 3.20085e-18 
6.44e-09 3.20085e-18 
6.46e-09 3.20085e-18 
6.48e-09 3.20085e-18 
6.5e-09 3.20085e-18 
6.52e-09 3.20085e-18 
6.54e-09 3.20085e-18 
6.56e-09 3.20085e-18 
6.58e-09 3.20085e-18 
6.6e-09 3.20085e-18 
6.62e-09 3.20085e-18 
6.64e-09 3.20085e-18 
6.66e-09 3.20085e-18 
6.68e-09 3.20085e-18 
6.7e-09 3.20085e-18 
6.72e-09 3.20085e-18 
6.74e-09 3.20085e-18 
6.76e-09 3.20085e-18 
6.78e-09 3.20085e-18 
6.8e-09 3.20085e-18 
6.82e-09 3.20085e-18 
6.84e-09 3.20085e-18 
6.86e-09 3.20085e-18 
6.88e-09 3.20085e-18 
6.9e-09 3.20085e-18 
6.92e-09 3.20085e-18 
6.94e-09 3.20085e-18 
6.96e-09 3.20085e-18 
6.98e-09 3.20085e-18 
7e-09 3.20085e-18 
7.02e-09 3.20085e-18 
7.04e-09 3.20085e-18 
7.06e-09 3.20085e-18 
7.08e-09 3.20085e-18 
7.1e-09 3.20085e-18 
7.12e-09 3.20085e-18 
7.14e-09 3.20085e-18 
7.16e-09 3.20085e-18 
7.18e-09 3.20085e-18 
7.2e-09 3.20085e-18 
7.22e-09 3.20085e-18 
7.24e-09 3.20085e-18 
7.26e-09 3.20085e-18 
7.28e-09 3.20085e-18 
7.3e-09 3.20085e-18 
7.32e-09 3.20085e-18 
7.34e-09 3.20085e-18 
7.36e-09 3.20085e-18 
7.38e-09 3.20085e-18 
7.4e-09 3.20085e-18 
7.42e-09 3.20085e-18 
7.44e-09 3.20085e-18 
7.46e-09 3.20085e-18 
7.48e-09 3.20085e-18 
7.5e-09 3.20085e-18 
7.52e-09 3.20085e-18 
7.54e-09 3.20085e-18 
7.56e-09 3.20085e-18 
7.58e-09 3.20085e-18 
7.6e-09 3.20085e-18 
7.62e-09 3.20085e-18 
7.64e-09 3.20085e-18 
7.66e-09 3.20085e-18 
7.68e-09 3.20085e-18 
7.7e-09 3.20085e-18 
7.72e-09 3.20085e-18 
7.74e-09 3.20085e-18 
7.76e-09 3.20085e-18 
7.78e-09 3.20085e-18 
7.8e-09 3.20085e-18 
7.82e-09 3.20085e-18 
7.84e-09 3.20085e-18 
7.86e-09 3.20085e-18 
7.88e-09 3.20085e-18 
7.9e-09 3.20085e-18 
7.92e-09 3.20085e-18 
7.94e-09 3.20085e-18 
7.96e-09 3.20085e-18 
7.98e-09 3.20085e-18 
8e-09 3.20085e-18 
8.02e-09 3.20085e-18 
8.04e-09 3.20085e-18 
8.06e-09 3.20085e-18 
8.08e-09 3.20085e-18 
8.1e-09 3.20085e-18 
8.12e-09 3.20085e-18 
8.14e-09 3.20085e-18 
8.16e-09 3.20085e-18 
8.18e-09 3.20085e-18 
8.2e-09 3.20085e-18 
8.22e-09 3.20085e-18 
8.24e-09 3.20085e-18 
8.26e-09 3.20085e-18 
8.28e-09 3.20085e-18 
8.3e-09 3.20085e-18 
8.32e-09 3.20085e-18 
8.34e-09 3.20085e-18 
8.36e-09 3.20085e-18 
8.38e-09 3.20085e-18 
8.4e-09 3.20085e-18 
8.42e-09 3.20085e-18 
8.44e-09 3.20085e-18 
8.46e-09 3.20085e-18 
8.48e-09 3.20085e-18 
8.5e-09 3.20085e-18 
8.52e-09 3.20085e-18 
8.54e-09 3.20085e-18 
8.56e-09 3.20085e-18 
8.58e-09 3.20085e-18 
8.6e-09 3.20085e-18 
8.62e-09 3.20085e-18 
8.64e-09 3.20085e-18 
8.66e-09 3.20085e-18 
8.68e-09 3.20085e-18 
8.7e-09 3.20085e-18 
8.72e-09 3.20085e-18 
8.74e-09 3.20085e-18 
8.76e-09 3.20085e-18 
8.78e-09 3.20085e-18 
8.8e-09 3.20085e-18 
8.82e-09 3.20085e-18 
8.84e-09 3.20085e-18 
8.86e-09 3.20085e-18 
8.88e-09 3.20085e-18 
8.9e-09 3.20085e-18 
8.92e-09 3.20085e-18 
8.94e-09 3.20085e-18 
8.96e-09 3.20085e-18 
8.98e-09 3.20085e-18 
9e-09 3.20085e-18 
9.02e-09 3.20085e-18 
9.04e-09 3.20085e-18 
9.06e-09 3.20085e-18 
9.08e-09 3.20085e-18 
9.1e-09 3.20085e-18 
9.12e-09 3.20085e-18 
9.14e-09 3.20085e-18 
9.16e-09 3.20085e-18 
9.18e-09 3.20085e-18 
9.2e-09 3.20085e-18 
9.22e-09 3.20085e-18 
9.24e-09 3.20085e-18 
9.26e-09 3.20085e-18 
9.28e-09 3.20085e-18 
9.3e-09 3.20085e-18 
9.32e-09 3.20085e-18 
9.34e-09 3.20085e-18 
9.36e-09 3.20085e-18 
9.38e-09 3.20085e-18 
9.4e-09 3.20085e-18 
9.42e-09 3.20085e-18 
9.44e-09 3.20085e-18 
9.46e-09 3.20085e-18 
9.48e-09 3.20085e-18 
9.5e-09 3.20085e-18 
9.52e-09 3.20085e-18 
9.54e-09 3.20085e-18 
9.56e-09 3.20085e-18 
9.58e-09 3.20085e-18 
9.6e-09 3.20085e-18 
9.62e-09 3.20085e-18 
9.64e-09 3.20085e-18 
9.66e-09 3.20085e-18 
9.68e-09 3.20085e-18 
9.7e-09 3.20085e-18 
9.72e-09 3.20085e-18 
9.74e-09 3.20085e-18 
9.76e-09 3.20085e-18 
9.78e-09 3.20085e-18 
9.8e-09 3.20085e-18 
9.82e-09 3.20085e-18 
9.84e-09 3.20085e-18 
9.86e-09 3.20085e-18 
9.88e-09 3.20085e-18 
9.9e-09 3.20085e-18 
9.92e-09 3.20085e-18 
9.94e-09 3.20085e-18 
9.96e-09 3.20085e-18 
9.98e-09 3.20085e-18 
1e-08 3.20085e-18 
