0 0 
2e-11 -3.425e-17 
4e-11 -2.74e-17 
6e-11 6.1e-17 
8e-11 1.372e-16 
1e-10 1.9655e-16 
1.2e-10 2.5715e-16 
1.4e-10 3.1685e-16 
1.6e-10 3.7855e-16 
1.8e-10 4.4295e-16 
2e-10 5.058e-16 
2.2e-10 5.6735e-16 
2.4e-10 6.1005e-16 
2.6e-10 6.3315e-16 
2.8e-10 6.5475e-16 
3e-10 6.768e-16 
3.2e-10 6.9785e-16 
3.4e-10 7.1805e-16 
3.6e-10 7.39e-16 
3.8e-10 7.6015e-16 
4e-10 7.8135e-16 
4.2e-10 8.039e-16 
4.4e-10 8.255e-16 
4.6e-10 8.462e-16 
4.8e-10 8.89e-16 
5e-10 9.4985e-16 
5.2e-10 1.01325e-15 
5.4e-10 1.0764e-15 
5.6e-10 1.13625e-15 
5.8e-10 1.19775e-15 
6e-10 1.2609e-15 
6.2e-10 1.3247e-15 
6.4e-10 1.38755e-15 
6.6e-10 1.4494e-15 
6.8e-10 1.5135e-15 
7e-10 1.5774e-15 
7.2e-10 1.63885e-15 
7.4e-10 1.69995e-15 
7.6e-10 1.76155e-15 
7.8e-10 1.821e-15 
8e-10 1.8799e-15 
8.2e-10 1.94065e-15 
8.4e-10 2.00185e-15 
8.6e-10 2.06315e-15 
8.8e-10 2.1253e-15 
9e-10 2.18785e-15 
9.2e-10 2.24825e-15 
9.4e-10 2.308e-15 
9.6e-10 2.36885e-15 
9.8e-10 2.43305e-15 
1e-09 2.46e-15 
1.02e-09 2.4948e-15 
1.04e-09 2.5699e-15 
1.06e-09 2.6372e-15 
1.08e-09 2.70165e-15 
1.1e-09 2.7642e-15 
1.12e-09 2.82815e-15 
1.14e-09 2.8942e-15 
1.16e-09 2.96105e-15 
1.18e-09 3.02725e-15 
1.2e-09 3.09285e-15 
1.22e-09 3.15725e-15 
1.24e-09 3.2228e-15 
1.26e-09 3.29115e-15 
1.28e-09 3.35785e-15 
1.3e-09 3.42415e-15 
1.32e-09 3.49015e-15 
1.34e-09 3.55275e-15 
1.36e-09 3.615e-15 
1.38e-09 3.67875e-15 
1.4e-09 3.74475e-15 
1.42e-09 3.8099e-15 
1.44e-09 3.87295e-15 
1.46e-09 3.937e-15 
1.48e-09 4.0027e-15 
1.5e-09 4.09955e-15 
1.52e-09 4.15905e-15 
1.54e-09 4.18655e-15 
1.56e-09 4.2489e-15 
1.58e-09 4.31265e-15 
1.6e-09 4.37835e-15 
1.62e-09 4.44235e-15 
1.64e-09 4.507e-15 
1.66e-09 4.57405e-15 
1.68e-09 4.6415e-15 
1.7e-09 4.7086e-15 
1.72e-09 4.7751e-15 
1.74e-09 4.84035e-15 
1.76e-09 4.90565e-15 
1.78e-09 4.97025e-15 
1.8e-09 5.03575e-15 
1.82e-09 5.1019e-15 
1.84e-09 5.1669e-15 
1.86e-09 5.23295e-15 
1.88e-09 5.2935e-15 
1.9e-09 5.3522e-15 
1.92e-09 5.4156e-15 
1.94e-09 5.4813e-15 
1.96e-09 5.54745e-15 
1.98e-09 5.61475e-15 
2e-09 2.25264e-08 
2.02e-09 1.01708e-07 
2.04e-09 2.0881e-07 
2.06e-09 3.03885e-07 
2.08e-09 3.88266e-07 
2.1e-09 4.63849e-07 
2.12e-09 5.32395e-07 
2.14e-09 5.95343e-07 
2.16e-09 6.53791e-07 
2.18e-09 7.08564e-07 
2.2e-09 7.60272e-07 
2.22e-09 8.09372e-07 
2.24e-09 8.56208e-07 
2.26e-09 9.01048e-07 
2.28e-09 9.44106e-07 
2.3e-09 9.85552e-07 
2.32e-09 1.02553e-06 
2.34e-09 1.06416e-06 
2.36e-09 1.10155e-06 
2.38e-09 1.13779e-06 
2.4e-09 1.17296e-06 
2.42e-09 1.20713e-06 
2.44e-09 1.24037e-06 
2.46e-09 1.27273e-06 
2.48e-09 1.30427e-06 
2.5e-09 1.33503e-06 
2.52e-09 1.36506e-06 
2.54e-09 1.3944e-06 
2.56e-09 1.42309e-06 
2.58e-09 1.45115e-06 
2.6e-09 1.47863e-06 
2.62e-09 1.50554e-06 
2.64e-09 1.53191e-06 
2.66e-09 1.55777e-06 
2.68e-09 1.58315e-06 
2.7e-09 1.60805e-06 
2.72e-09 1.6325e-06 
2.74e-09 1.65651e-06 
2.76e-09 1.68011e-06 
2.78e-09 1.7033e-06 
2.8e-09 1.7261e-06 
2.82e-09 1.74852e-06 
2.84e-09 1.77058e-06 
2.86e-09 1.79227e-06 
2.88e-09 1.81363e-06 
2.9e-09 1.83464e-06 
2.92e-09 1.85533e-06 
2.94e-09 1.8757e-06 
2.96e-09 1.89575e-06 
2.98e-09 1.9155e-06 
3e-09 1.93496e-06 
3.02e-09 1.95412e-06 
3.04e-09 1.973e-06 
3.06e-09 1.9916e-06 
3.08e-09 2.00993e-06 
3.1e-09 2.02798e-06 
3.12e-09 2.04578e-06 
3.14e-09 2.06332e-06 
3.16e-09 2.08061e-06 
3.18e-09 2.09765e-06 
3.2e-09 2.11445e-06 
3.22e-09 2.13101e-06 
3.24e-09 2.14734e-06 
3.26e-09 2.16344e-06 
3.28e-09 2.17931e-06 
3.3e-09 2.19496e-06 
3.32e-09 2.2104e-06 
3.34e-09 2.22561e-06 
3.36e-09 2.24062e-06 
3.38e-09 2.25543e-06 
3.4e-09 2.27003e-06 
3.42e-09 2.28443e-06 
3.44e-09 2.29863e-06 
3.46e-09 2.31264e-06 
3.48e-09 2.32646e-06 
3.5e-09 2.3401e-06 
3.52e-09 2.35355e-06 
3.54e-09 2.36682e-06 
3.56e-09 2.37992e-06 
3.58e-09 2.39283e-06 
3.6e-09 2.40558e-06 
3.62e-09 2.41816e-06 
3.64e-09 2.43057e-06 
3.66e-09 2.44282e-06 
3.68e-09 2.45491e-06 
3.7e-09 2.46684e-06 
3.72e-09 2.47861e-06 
3.74e-09 2.49023e-06 
3.76e-09 2.5017e-06 
3.78e-09 2.51303e-06 
3.8e-09 2.5242e-06 
3.82e-09 2.53523e-06 
3.84e-09 2.54612e-06 
3.86e-09 2.55688e-06 
3.88e-09 2.56749e-06 
3.9e-09 2.57797e-06 
3.92e-09 2.58832e-06 
3.94e-09 2.59853e-06 
3.96e-09 2.60862e-06 
3.98e-09 2.61858e-06 
4e-09 2.62842e-06 
4.02e-09 2.63813e-06 
4.04e-09 2.64772e-06 
4.06e-09 2.6572e-06 
4.08e-09 2.66655e-06 
4.1e-09 2.67579e-06 
4.12e-09 2.68492e-06 
4.14e-09 2.69394e-06 
4.16e-09 2.70284e-06 
4.18e-09 2.71164e-06 
4.2e-09 2.72033e-06 
4.22e-09 2.72892e-06 
4.24e-09 2.7374e-06 
4.26e-09 2.74578e-06 
4.28e-09 2.75406e-06 
4.3e-09 2.76224e-06 
4.32e-09 2.77033e-06 
4.34e-09 2.77831e-06 
4.36e-09 2.78621e-06 
4.38e-09 2.79401e-06 
4.4e-09 2.80172e-06 
4.42e-09 2.80934e-06 
4.44e-09 2.81687e-06 
4.46e-09 2.82431e-06 
4.48e-09 2.83167e-06 
4.5e-09 2.83894e-06 
4.52e-09 2.84613e-06 
4.54e-09 2.85323e-06 
4.56e-09 2.86026e-06 
4.58e-09 2.8672e-06 
4.6e-09 2.87407e-06 
4.62e-09 2.88085e-06 
4.64e-09 2.88757e-06 
4.66e-09 2.8942e-06 
4.68e-09 2.90076e-06 
4.7e-09 2.90725e-06 
4.72e-09 2.91367e-06 
4.74e-09 2.92002e-06 
4.76e-09 2.92629e-06 
4.78e-09 2.9325e-06 
4.8e-09 2.93864e-06 
4.82e-09 2.94471e-06 
4.84e-09 2.95071e-06 
4.86e-09 2.95666e-06 
4.88e-09 2.96253e-06 
4.9e-09 2.96835e-06 
4.92e-09 2.9741e-06 
4.94e-09 2.97979e-06 
4.96e-09 2.98542e-06 
4.98e-09 2.99099e-06 
5e-09 2.9965e-06 
5.02e-09 3.00195e-06 
5.04e-09 3.00735e-06 
5.06e-09 3.01269e-06 
5.08e-09 3.01798e-06 
5.1e-09 3.02321e-06 
5.12e-09 3.02839e-06 
5.14e-09 3.03351e-06 
5.16e-09 3.03858e-06 
5.18e-09 3.0436e-06 
5.2e-09 3.04857e-06 
5.22e-09 3.05349e-06 
5.24e-09 3.05836e-06 
5.26e-09 3.06318e-06 
5.28e-09 3.06796e-06 
5.3e-09 3.07268e-06 
5.32e-09 3.07736e-06 
5.34e-09 3.08199e-06 
5.36e-09 3.08658e-06 
5.38e-09 3.09113e-06 
5.4e-09 3.09563e-06 
5.42e-09 3.10008e-06 
5.44e-09 3.10449e-06 
5.46e-09 3.10887e-06 
5.48e-09 3.1132e-06 
5.5e-09 3.11748e-06 
5.52e-09 3.12173e-06 
5.54e-09 3.12594e-06 
5.56e-09 3.13011e-06 
5.58e-09 3.13424e-06 
5.6e-09 3.13833e-06 
5.62e-09 3.14238e-06 
5.64e-09 3.1464e-06 
5.66e-09 3.15038e-06 
5.68e-09 3.15432e-06 
5.7e-09 3.15823e-06 
5.72e-09 3.16211e-06 
5.74e-09 3.16594e-06 
5.76e-09 3.16975e-06 
5.78e-09 3.17352e-06 
5.8e-09 3.17725e-06 
5.82e-09 3.18096e-06 
5.84e-09 3.18463e-06 
5.86e-09 3.18827e-06 
5.88e-09 3.19188e-06 
5.9e-09 3.19546e-06 
5.92e-09 3.199e-06 
5.94e-09 3.20252e-06 
5.96e-09 3.206e-06 
5.98e-09 3.20946e-06 
6e-09 3.21289e-06 
6.02e-09 3.21629e-06 
6.04e-09 3.21966e-06 
6.06e-09 3.223e-06 
6.08e-09 3.22632e-06 
6.1e-09 3.22961e-06 
6.12e-09 3.23287e-06 
6.14e-09 3.2361e-06 
6.16e-09 3.23931e-06 
6.18e-09 3.24249e-06 
6.2e-09 3.24565e-06 
6.22e-09 3.24879e-06 
6.24e-09 3.25189e-06 
6.26e-09 3.25498e-06 
6.28e-09 3.25804e-06 
6.3e-09 3.26107e-06 
6.32e-09 3.26409e-06 
6.34e-09 3.26707e-06 
6.36e-09 3.27004e-06 
6.38e-09 3.27299e-06 
6.4e-09 3.27591e-06 
6.42e-09 3.27881e-06 
6.44e-09 3.28168e-06 
6.46e-09 3.28454e-06 
6.48e-09 3.28738e-06 
6.5e-09 3.29019e-06 
6.52e-09 3.29299e-06 
6.54e-09 3.29576e-06 
6.56e-09 3.29851e-06 
6.58e-09 3.30125e-06 
6.6e-09 3.30396e-06 
6.62e-09 3.30666e-06 
6.64e-09 3.30934e-06 
6.66e-09 3.31199e-06 
6.68e-09 3.31463e-06 
6.7e-09 3.31725e-06 
6.72e-09 3.31986e-06 
6.74e-09 3.32244e-06 
6.76e-09 3.32501e-06 
6.78e-09 3.32756e-06 
6.8e-09 3.33009e-06 
6.82e-09 3.33261e-06 
6.84e-09 3.33511e-06 
6.86e-09 3.33759e-06 
6.88e-09 3.34005e-06 
6.9e-09 3.3425e-06 
6.92e-09 3.34494e-06 
6.94e-09 3.34736e-06 
6.96e-09 3.34976e-06 
6.98e-09 3.35215e-06 
7e-09 3.35452e-06 
7.02e-09 3.35688e-06 
7.04e-09 3.35922e-06 
7.06e-09 3.36155e-06 
7.08e-09 3.36386e-06 
7.1e-09 3.36616e-06 
7.12e-09 3.36845e-06 
7.14e-09 3.37072e-06 
7.16e-09 3.37298e-06 
7.18e-09 3.37522e-06 
7.2e-09 3.37745e-06 
7.22e-09 3.37967e-06 
7.24e-09 3.38187e-06 
7.26e-09 3.38407e-06 
7.28e-09 3.38624e-06 
7.3e-09 3.38841e-06 
7.32e-09 3.39057e-06 
7.34e-09 3.39271e-06 
7.36e-09 3.39484e-06 
7.38e-09 3.39695e-06 
7.4e-09 3.39906e-06 
7.42e-09 3.40115e-06 
7.44e-09 3.40324e-06 
7.46e-09 3.40531e-06 
7.48e-09 3.40737e-06 
7.5e-09 3.40941e-06 
7.52e-09 3.41145e-06 
7.54e-09 3.41348e-06 
7.56e-09 3.41549e-06 
7.58e-09 3.4175e-06 
7.6e-09 3.41949e-06 
7.62e-09 3.42148e-06 
7.64e-09 3.42345e-06 
7.66e-09 3.42541e-06 
7.68e-09 3.42737e-06 
7.7e-09 3.42931e-06 
7.72e-09 3.43124e-06 
7.74e-09 3.43317e-06 
7.76e-09 3.43508e-06 
7.78e-09 3.43699e-06 
7.8e-09 3.43888e-06 
7.82e-09 3.44077e-06 
7.84e-09 3.44264e-06 
7.86e-09 3.44451e-06 
7.88e-09 3.44637e-06 
7.9e-09 3.44822e-06 
7.92e-09 3.45006e-06 
7.94e-09 3.45189e-06 
7.96e-09 3.45372e-06 
7.98e-09 3.45553e-06 
8e-09 3.45734e-06 
8.02e-09 3.45914e-06 
8.04e-09 3.46093e-06 
8.06e-09 3.46271e-06 
8.08e-09 3.46448e-06 
8.1e-09 3.46625e-06 
8.12e-09 3.46801e-06 
8.14e-09 3.46976e-06 
8.16e-09 3.4715e-06 
8.18e-09 3.47323e-06 
8.2e-09 3.47496e-06 
8.22e-09 3.47668e-06 
8.24e-09 3.47839e-06 
8.26e-09 3.4801e-06 
8.28e-09 3.4818e-06 
8.3e-09 3.48349e-06 
8.32e-09 3.48517e-06 
8.34e-09 3.48685e-06 
8.36e-09 3.48852e-06 
8.38e-09 3.49018e-06 
8.4e-09 3.49184e-06 
8.42e-09 3.49349e-06 
8.44e-09 3.49513e-06 
8.46e-09 3.49677e-06 
8.48e-09 3.4984e-06 
8.5e-09 3.50002e-06 
8.52e-09 3.50164e-06 
8.54e-09 3.50325e-06 
8.56e-09 3.50485e-06 
8.58e-09 3.50645e-06 
8.6e-09 3.50804e-06 
8.62e-09 3.50963e-06 
8.64e-09 3.51121e-06 
8.66e-09 3.51278e-06 
8.68e-09 3.51435e-06 
8.7e-09 3.51591e-06 
8.72e-09 3.51747e-06 
8.74e-09 3.51902e-06 
8.76e-09 3.52057e-06 
8.78e-09 3.52211e-06 
8.8e-09 3.52364e-06 
8.82e-09 3.52517e-06 
8.84e-09 3.52669e-06 
8.86e-09 3.52821e-06 
8.88e-09 3.52972e-06 
8.9e-09 3.53123e-06 
8.92e-09 3.53273e-06 
8.94e-09 3.53423e-06 
8.96e-09 3.53572e-06 
8.98e-09 3.53721e-06 
9e-09 3.53869e-06 
9.02e-09 3.54017e-06 
9.04e-09 3.54164e-06 
9.06e-09 3.5431e-06 
9.08e-09 3.54457e-06 
9.1e-09 3.54602e-06 
9.12e-09 3.54748e-06 
9.14e-09 3.54892e-06 
9.16e-09 3.55037e-06 
9.18e-09 3.5518e-06 
9.2e-09 3.55324e-06 
9.22e-09 3.55467e-06 
9.24e-09 3.55609e-06 
9.26e-09 3.55751e-06 
9.28e-09 3.55893e-06 
9.3e-09 3.56034e-06 
9.32e-09 3.56175e-06 
9.34e-09 3.56315e-06 
9.36e-09 3.56455e-06 
9.38e-09 3.56594e-06 
9.4e-09 3.56733e-06 
9.42e-09 3.56872e-06 
9.44e-09 3.5701e-06 
9.46e-09 3.57148e-06 
9.48e-09 3.57285e-06 
9.5e-09 3.57422e-06 
9.52e-09 3.57558e-06 
9.54e-09 3.57695e-06 
9.56e-09 3.5783e-06 
9.58e-09 3.57966e-06 
9.6e-09 3.58101e-06 
9.62e-09 3.58235e-06 
9.64e-09 3.5837e-06 
9.66e-09 3.58503e-06 
9.68e-09 3.58637e-06 
9.7e-09 3.5877e-06 
9.72e-09 3.58903e-06 
9.74e-09 3.59035e-06 
9.76e-09 3.59167e-06 
9.78e-09 3.59299e-06 
9.8e-09 3.5943e-06 
9.82e-09 3.59561e-06 
9.84e-09 3.59692e-06 
9.86e-09 3.59822e-06 
9.88e-09 3.59952e-06 
9.9e-09 3.60081e-06 
9.92e-09 3.60211e-06 
9.94e-09 3.6034e-06 
9.96e-09 3.60468e-06 
9.98e-09 3.60596e-06 
1e-08 3.60724e-06 
