0 0 
1e-10 2.095e-17 
2e-10 4.59e-17 
3e-10 4.74e-17 
4e-10 5.51e-17 
5e-10 6.935e-17 
6e-10 8.735e-17 
7e-10 1.114e-16 
8e-10 1.311e-16 
9e-10 1.504e-16 
1e-09 1.644e-16 
1.1e-09 1.8255e-16 
1.2e-09 2e-16 
1.3e-09 2.0665e-16 
1.4e-09 2.129e-16 
1.5e-09 2.1975e-16 
1.6e-09 2.2675e-16 
1.7e-09 2.3345e-16 
1.8e-09 2.403e-16 
1.9e-09 2.47e-16 
2e-09 4.59836e-08 
2.1e-09 1.38644e-07 
2.2e-09 2.1108e-07 
2.3e-09 2.5378e-07 
2.4e-09 2.82444e-07 
2.5e-09 3.02476e-07 
2.6e-09 3.16814e-07 
2.7e-09 3.27341e-07 
2.8e-09 3.35298e-07 
2.9e-09 3.41511e-07 
3e-09 3.46519e-07 
3.1e-09 3.50672e-07 
3.2e-09 3.54201e-07 
3.3e-09 3.57261e-07 
3.4e-09 3.59962e-07 
3.5e-09 3.62384e-07 
3.6e-09 3.64582e-07 
3.7e-09 3.66601e-07 
3.8e-09 3.68473e-07 
3.9e-09 3.70223e-07 
4e-09 3.7187e-07 
4.1e-09 3.73431e-07 
4.2e-09 3.74918e-07 
4.3e-09 3.7634e-07 
4.4e-09 3.77706e-07 
4.5e-09 3.79023e-07 
4.6e-09 3.80295e-07 
4.7e-09 3.81529e-07 
4.8e-09 3.82728e-07 
4.9e-09 3.83895e-07 
5e-09 3.85034e-07 
5.1e-09 3.86146e-07 
5.2e-09 3.87235e-07 
5.3e-09 3.88302e-07 
5.4e-09 3.89349e-07 
5.5e-09 3.90377e-07 
5.6e-09 3.91388e-07 
5.7e-09 3.92384e-07 
5.8e-09 3.93364e-07 
5.9e-09 3.94331e-07 
6e-09 3.95284e-07 
6.1e-09 3.96226e-07 
6.2e-09 3.97156e-07 
6.3e-09 3.98076e-07 
6.4e-09 3.98985e-07 
6.5e-09 3.99885e-07 
6.6e-09 4.00776e-07 
6.7e-09 4.01658e-07 
6.8e-09 4.02532e-07 
6.9e-09 4.03399e-07 
7e-09 4.04258e-07 
7.1e-09 4.05111e-07 
7.2e-09 4.05957e-07 
7.3e-09 4.06796e-07 
7.4e-09 4.0763e-07 
7.5e-09 4.08458e-07 
7.6e-09 4.0928e-07 
7.7e-09 4.10097e-07 
7.8e-09 4.10909e-07 
7.9e-09 4.11717e-07 
8e-09 4.12519e-07 
8.1e-09 4.13317e-07 
8.2e-09 4.14111e-07 
8.3e-09 4.14901e-07 
8.4e-09 4.15687e-07 
8.5e-09 4.16469e-07 
8.6e-09 4.17248e-07 
8.7e-09 4.18022e-07 
8.8e-09 4.18794e-07 
8.9e-09 4.19562e-07 
9e-09 4.20327e-07 
9.1e-09 4.21089e-07 
9.2e-09 4.21848e-07 
9.3e-09 4.22604e-07 
9.4e-09 4.23357e-07 
9.5e-09 4.24108e-07 
9.6e-09 4.24856e-07 
9.7e-09 4.25601e-07 
9.8e-09 4.26344e-07 
9.9e-09 4.27085e-07 
1e-08 4.27823e-07 
1.01e-08 4.28559e-07 
1.02e-08 4.29293e-07 
1.03e-08 4.30025e-07 
1.04e-08 4.30754e-07 
1.05e-08 4.31482e-07 
1.06e-08 4.32208e-07 
1.07e-08 4.32932e-07 
1.08e-08 4.33654e-07 
1.09e-08 4.34374e-07 
1.1e-08 4.35092e-07 
1.11e-08 4.35809e-07 
1.12e-08 4.36524e-07 
1.13e-08 4.37237e-07 
1.14e-08 4.37949e-07 
1.15e-08 4.38659e-07 
1.16e-08 4.39367e-07 
1.17e-08 4.40074e-07 
1.18e-08 4.4078e-07 
1.19e-08 4.41484e-07 
1.2e-08 4.42187e-07 
1.21e-08 4.42889e-07 
1.22e-08 4.43589e-07 
1.23e-08 4.44288e-07 
1.24e-08 4.44985e-07 
1.25e-08 4.45681e-07 
1.26e-08 4.46377e-07 
1.27e-08 4.4707e-07 
1.28e-08 4.47763e-07 
1.29e-08 4.48455e-07 
1.3e-08 4.49145e-07 
1.31e-08 4.49834e-07 
1.32e-08 4.50522e-07 
1.33e-08 4.51209e-07 
1.34e-08 4.51895e-07 
1.35e-08 4.5258e-07 
1.36e-08 4.53264e-07 
1.37e-08 4.53947e-07 
1.38e-08 4.54629e-07 
1.39e-08 4.5531e-07 
1.4e-08 4.5599e-07 
1.41e-08 4.56669e-07 
1.42e-08 4.57348e-07 
1.43e-08 4.58025e-07 
1.44e-08 4.58701e-07 
1.45e-08 4.59377e-07 
1.46e-08 4.60051e-07 
1.47e-08 4.60725e-07 
1.48e-08 4.61398e-07 
1.49e-08 4.6207e-07 
1.5e-08 4.62741e-07 
1.51e-08 4.63411e-07 
1.52e-08 4.64081e-07 
1.53e-08 4.6475e-07 
1.54e-08 4.65418e-07 
1.55e-08 4.66085e-07 
1.56e-08 4.66751e-07 
1.57e-08 4.67417e-07 
1.58e-08 4.68082e-07 
1.59e-08 4.68746e-07 
1.6e-08 4.6941e-07 
1.61e-08 4.70072e-07 
1.62e-08 4.70734e-07 
1.63e-08 4.71396e-07 
1.64e-08 4.72056e-07 
1.65e-08 4.72716e-07 
1.66e-08 4.73375e-07 
1.67e-08 4.74034e-07 
1.68e-08 4.74692e-07 
1.69e-08 4.75349e-07 
1.7e-08 4.76006e-07 
1.71e-08 4.76662e-07 
1.72e-08 4.77317e-07 
1.73e-08 4.77971e-07 
1.74e-08 4.78625e-07 
1.75e-08 4.79279e-07 
1.76e-08 4.79931e-07 
1.77e-08 4.80584e-07 
1.78e-08 4.81235e-07 
1.79e-08 4.81886e-07 
1.8e-08 4.82536e-07 
1.81e-08 4.83186e-07 
1.82e-08 4.83835e-07 
1.83e-08 4.84483e-07 
1.84e-08 4.85131e-07 
1.85e-08 4.85778e-07 
1.86e-08 4.86425e-07 
1.87e-08 4.87071e-07 
1.88e-08 4.87717e-07 
1.89e-08 4.88362e-07 
1.9e-08 4.89006e-07 
1.91e-08 4.8965e-07 
1.92e-08 4.90293e-07 
1.93e-08 4.90936e-07 
1.94e-08 4.91578e-07 
1.95e-08 4.9222e-07 
1.96e-08 4.92861e-07 
1.97e-08 4.93501e-07 
1.98e-08 4.94141e-07 
1.99e-08 4.9478e-07 
2e-08 4.95419e-07 
2.01e-08 4.96058e-07 
2.02e-08 4.96695e-07 
2.03e-08 4.97333e-07 
2.04e-08 4.97969e-07 
2.05e-08 4.98606e-07 
2.06e-08 4.99241e-07 
2.07e-08 4.99877e-07 
2.08e-08 5.00511e-07 
2.09e-08 5.01145e-07 
2.1e-08 5.01779e-07 
2.11e-08 5.02412e-07 
2.12e-08 5.03044e-07 
2.13e-08 5.03677e-07 
2.14e-08 5.04308e-07 
2.15e-08 5.04939e-07 
2.16e-08 5.0557e-07 
2.17e-08 5.062e-07 
2.18e-08 5.06829e-07 
2.19e-08 5.07458e-07 
2.2e-08 5.08087e-07 
2.21e-08 5.08715e-07 
2.22e-08 5.09342e-07 
2.23e-08 5.09969e-07 
2.24e-08 5.10596e-07 
2.25e-08 5.11222e-07 
2.26e-08 5.11847e-07 
2.27e-08 5.12472e-07 
2.28e-08 5.13097e-07 
2.29e-08 5.13721e-07 
2.3e-08 5.14345e-07 
2.31e-08 5.14968e-07 
2.32e-08 5.1559e-07 
2.33e-08 5.16212e-07 
2.34e-08 5.16834e-07 
2.35e-08 5.17455e-07 
2.36e-08 5.18076e-07 
2.37e-08 5.18696e-07 
2.38e-08 5.19316e-07 
2.39e-08 5.19935e-07 
2.4e-08 5.20554e-07 
2.41e-08 5.21172e-07 
2.42e-08 5.2179e-07 
2.43e-08 5.22407e-07 
2.44e-08 5.23024e-07 
2.45e-08 5.2364e-07 
2.46e-08 5.24256e-07 
2.47e-08 5.24872e-07 
2.48e-08 5.25487e-07 
2.49e-08 5.26101e-07 
2.5e-08 5.26715e-07 
2.51e-08 5.27329e-07 
2.52e-08 5.27942e-07 
2.53e-08 5.28554e-07 
2.54e-08 5.29166e-07 
2.55e-08 5.29778e-07 
2.56e-08 5.30389e-07 
2.57e-08 5.31e-07 
2.58e-08 5.3161e-07 
2.59e-08 5.3222e-07 
2.6e-08 5.32829e-07 
2.61e-08 5.33438e-07 
2.62e-08 5.34047e-07 
2.63e-08 5.34655e-07 
2.64e-08 5.35262e-07 
2.65e-08 5.35869e-07 
2.66e-08 5.36476e-07 
2.67e-08 5.37082e-07 
2.68e-08 5.37687e-07 
2.69e-08 5.38292e-07 
2.7e-08 5.38897e-07 
2.71e-08 5.39501e-07 
2.72e-08 5.40105e-07 
2.73e-08 5.40708e-07 
2.74e-08 5.41311e-07 
2.75e-08 5.41914e-07 
2.76e-08 5.42516e-07 
2.77e-08 5.43117e-07 
2.78e-08 5.43718e-07 
2.79e-08 5.44319e-07 
2.8e-08 5.44919e-07 
2.81e-08 5.45519e-07 
2.82e-08 5.46118e-07 
2.83e-08 5.46716e-07 
2.84e-08 5.47315e-07 
2.85e-08 5.47913e-07 
2.86e-08 5.4851e-07 
2.87e-08 5.49107e-07 
2.88e-08 5.49703e-07 
2.89e-08 5.50299e-07 
2.9e-08 5.50895e-07 
2.91e-08 5.5149e-07 
2.92e-08 5.52085e-07 
2.93e-08 5.52679e-07 
2.94e-08 5.53273e-07 
2.95e-08 5.53866e-07 
2.96e-08 5.54459e-07 
2.97e-08 5.55051e-07 
2.98e-08 5.55643e-07 
2.99e-08 5.56235e-07 
3e-08 5.56826e-07 
3.01e-08 5.57416e-07 
3.02e-08 5.58007e-07 
3.03e-08 5.58596e-07 
3.04e-08 5.59186e-07 
3.05e-08 5.59774e-07 
3.06e-08 5.60363e-07 
3.07e-08 5.60951e-07 
3.08e-08 5.61538e-07 
3.09e-08 5.62125e-07 
3.1e-08 5.62712e-07 
3.11e-08 5.63298e-07 
3.12e-08 5.63884e-07 
3.13e-08 5.64469e-07 
3.14e-08 5.65054e-07 
3.15e-08 5.65638e-07 
3.16e-08 5.66222e-07 
3.17e-08 5.66805e-07 
3.18e-08 5.67388e-07 
3.19e-08 5.67971e-07 
3.2e-08 5.68553e-07 
3.21e-08 5.69135e-07 
3.22e-08 5.69716e-07 
3.23e-08 5.70297e-07 
3.24e-08 5.70877e-07 
3.25e-08 5.71457e-07 
3.26e-08 5.72036e-07 
3.27e-08 5.72615e-07 
3.28e-08 5.73194e-07 
3.29e-08 5.73772e-07 
3.3e-08 5.7435e-07 
3.31e-08 5.74927e-07 
3.32e-08 5.75504e-07 
3.33e-08 5.7608e-07 
3.34e-08 5.76656e-07 
3.35e-08 5.77232e-07 
3.36e-08 5.77807e-07 
3.37e-08 5.78381e-07 
3.38e-08 5.78955e-07 
3.39e-08 5.79529e-07 
3.4e-08 5.80102e-07 
3.41e-08 5.80675e-07 
3.42e-08 5.81248e-07 
3.43e-08 5.8182e-07 
3.44e-08 5.82391e-07 
3.45e-08 5.82962e-07 
3.46e-08 5.83533e-07 
3.47e-08 5.84103e-07 
3.48e-08 5.84673e-07 
3.49e-08 5.85242e-07 
3.5e-08 5.85811e-07 
3.51e-08 5.8638e-07 
3.52e-08 5.86948e-07 
3.53e-08 5.87515e-07 
3.54e-08 5.88083e-07 
3.55e-08 5.88649e-07 
3.56e-08 5.89216e-07 
3.57e-08 5.89782e-07 
3.58e-08 5.90347e-07 
3.59e-08 5.90912e-07 
3.6e-08 5.91477e-07 
3.61e-08 5.92041e-07 
3.62e-08 5.92605e-07 
3.63e-08 5.93168e-07 
3.64e-08 5.93731e-07 
3.65e-08 5.94293e-07 
3.66e-08 5.94855e-07 
3.67e-08 5.95417e-07 
3.68e-08 5.95978e-07 
3.69e-08 5.96539e-07 
3.7e-08 5.97099e-07 
3.71e-08 5.97659e-07 
3.72e-08 5.98218e-07 
3.73e-08 5.98777e-07 
3.74e-08 5.99336e-07 
3.75e-08 5.99894e-07 
3.76e-08 6.00452e-07 
3.77e-08 6.01009e-07 
3.78e-08 6.01566e-07 
3.79e-08 6.02122e-07 
3.8e-08 6.02678e-07 
3.81e-08 6.03234e-07 
3.82e-08 6.03789e-07 
3.83e-08 6.04344e-07 
3.84e-08 6.04898e-07 
3.85e-08 6.05452e-07 
3.86e-08 6.06005e-07 
3.87e-08 6.06558e-07 
3.88e-08 6.07111e-07 
3.89e-08 6.07663e-07 
3.9e-08 6.08215e-07 
3.91e-08 6.08766e-07 
3.92e-08 6.09317e-07 
3.93e-08 6.09868e-07 
3.94e-08 6.10418e-07 
3.95e-08 6.10967e-07 
3.96e-08 6.11517e-07 
3.97e-08 6.12065e-07 
3.98e-08 6.12614e-07 
3.99e-08 6.13162e-07 
4e-08 6.13709e-07 
4.01e-08 6.14256e-07 
4.02e-08 6.14803e-07 
4.03e-08 6.15349e-07 
4.04e-08 6.15895e-07 
4.05e-08 6.16441e-07 
4.06e-08 6.16986e-07 
4.07e-08 6.17531e-07 
4.08e-08 6.18075e-07 
4.09e-08 6.18619e-07 
4.1e-08 6.19162e-07 
4.11e-08 6.19705e-07 
4.12e-08 6.20247e-07 
4.13e-08 6.2079e-07 
4.14e-08 6.21331e-07 
4.15e-08 6.21873e-07 
4.16e-08 6.22414e-07 
4.17e-08 6.22954e-07 
4.18e-08 6.23494e-07 
4.19e-08 6.24034e-07 
4.2e-08 6.24573e-07 
4.21e-08 6.25112e-07 
4.22e-08 6.2565e-07 
4.23e-08 6.26188e-07 
4.24e-08 6.26726e-07 
4.25e-08 6.27263e-07 
4.26e-08 6.278e-07 
4.27e-08 6.28336e-07 
4.28e-08 6.28872e-07 
4.29e-08 6.29408e-07 
4.3e-08 6.29943e-07 
4.31e-08 6.30478e-07 
4.32e-08 6.31012e-07 
4.33e-08 6.31546e-07 
4.34e-08 6.3208e-07 
4.35e-08 6.32613e-07 
4.36e-08 6.33146e-07 
4.37e-08 6.33678e-07 
4.38e-08 6.3421e-07 
4.39e-08 6.34741e-07 
4.4e-08 6.35273e-07 
4.41e-08 6.35803e-07 
4.42e-08 6.36334e-07 
4.43e-08 6.36863e-07 
4.44e-08 6.37393e-07 
4.45e-08 6.37922e-07 
4.46e-08 6.38451e-07 
4.47e-08 6.38979e-07 
4.48e-08 6.39507e-07 
4.49e-08 6.40035e-07 
4.5e-08 6.40562e-07 
4.51e-08 6.41088e-07 
4.52e-08 6.41615e-07 
4.53e-08 6.42141e-07 
4.54e-08 6.42666e-07 
4.55e-08 6.43191e-07 
4.56e-08 6.43716e-07 
4.57e-08 6.4424e-07 
4.58e-08 6.44764e-07 
4.59e-08 6.45288e-07 
4.6e-08 6.45811e-07 
4.61e-08 6.46334e-07 
4.62e-08 6.46856e-07 
4.63e-08 6.47378e-07 
4.64e-08 6.47899e-07 
4.65e-08 6.48421e-07 
4.66e-08 6.48941e-07 
4.67e-08 6.49462e-07 
4.68e-08 6.49982e-07 
4.69e-08 6.50501e-07 
4.7e-08 6.51021e-07 
4.71e-08 6.51539e-07 
4.72e-08 6.52058e-07 
4.73e-08 6.52576e-07 
4.74e-08 6.53093e-07 
4.75e-08 6.53611e-07 
4.76e-08 6.54128e-07 
4.77e-08 6.54644e-07 
4.78e-08 6.5516e-07 
4.79e-08 6.55676e-07 
4.8e-08 6.56191e-07 
4.81e-08 6.56706e-07 
4.82e-08 6.57221e-07 
4.83e-08 6.57735e-07 
4.84e-08 6.58249e-07 
4.85e-08 6.58762e-07 
4.86e-08 6.59275e-07 
4.87e-08 6.59788e-07 
4.88e-08 6.603e-07 
4.89e-08 6.60812e-07 
4.9e-08 6.61323e-07 
4.91e-08 6.61834e-07 
4.92e-08 6.62345e-07 
4.93e-08 6.62855e-07 
4.94e-08 6.63365e-07 
4.95e-08 6.63875e-07 
4.96e-08 6.64384e-07 
4.97e-08 6.64893e-07 
4.98e-08 6.65401e-07 
4.99e-08 6.65909e-07 
5e-08 6.66417e-07 
