0 -6.85e-28 
2e-11 -5.48e-28 
4e-11 1.22e-27 
6e-11 2.744e-27 
8e-11 3.931e-27 
1e-10 5.143e-27 
1.2e-10 6.337e-27 
1.4e-10 7.571e-27 
1.6e-10 8.859e-27 
1.8e-10 1.0116e-26 
2e-10 1.1347e-26 
2.2e-10 1.2201e-26 
2.4e-10 1.2663e-26 
2.6e-10 1.3095e-26 
2.8e-10 1.3536e-26 
3e-10 1.3957e-26 
3.2e-10 1.4361e-26 
3.4e-10 1.478e-26 
3.6e-10 1.5203e-26 
3.8e-10 1.5627e-26 
4e-10 1.6078e-26 
4.2e-10 1.651e-26 
4.4e-10 1.6924e-26 
4.6e-10 1.778e-26 
4.8e-10 1.8997e-26 
5e-10 2.0265e-26 
5.2e-10 2.1528e-26 
5.4e-10 2.2725e-26 
5.6e-10 2.3955e-26 
5.8e-10 2.5218e-26 
6e-10 2.6494e-26 
6.2e-10 2.7751e-26 
6.4e-10 2.8988e-26 
6.6e-10 3.027e-26 
6.8e-10 3.1548e-26 
7e-10 3.2777e-26 
7.2e-10 3.3999e-26 
7.4e-10 3.5231e-26 
7.6e-10 3.642e-26 
7.8e-10 3.7598e-26 
8e-10 3.8813e-26 
8.2e-10 4.0037e-26 
8.4e-10 4.1263e-26 
8.6e-10 4.2506e-26 
8.8e-10 4.3757e-26 
9e-10 4.4965e-26 
9.2e-10 4.616e-26 
9.4e-10 4.7377e-26 
9.6e-10 4.8661e-26 
9.8e-10 4.92e-26 
1e-09 4.9896e-26 
1.02e-09 5.1398e-26 
1.04e-09 5.2744e-26 
1.06e-09 5.4033e-26 
1.08e-09 5.5284e-26 
1.1e-09 5.6563e-26 
1.12e-09 5.7884e-26 
1.14e-09 5.9221e-26 
1.16e-09 6.0545e-26 
1.18e-09 6.1857e-26 
1.2e-09 6.3145e-26 
1.22e-09 6.4456e-26 
1.24e-09 6.5823e-26 
1.26e-09 6.7157e-26 
1.28e-09 6.8483e-26 
1.3e-09 6.9803e-26 
1.32e-09 7.1055e-26 
1.34e-09 7.23e-26 
1.36e-09 7.3575e-26 
1.38e-09 7.4895e-26 
1.4e-09 7.6198e-26 
1.42e-09 7.7459e-26 
1.44e-09 7.874e-26 
1.46e-09 8.0054e-26 
1.48e-09 8.1991e-26 
1.5e-09 8.3181e-26 
1.52e-09 8.3731e-26 
1.54e-09 8.4978e-26 
1.56e-09 8.6253e-26 
1.58e-09 8.7567e-26 
1.6e-09 8.8847e-26 
1.62e-09 9.014e-26 
1.64e-09 9.1481e-26 
1.66e-09 9.283e-26 
1.68e-09 9.4172e-26 
1.7e-09 9.5502e-26 
1.72e-09 9.6807e-26 
1.74e-09 9.8113e-26 
1.76e-09 9.9405e-26 
1.78e-09 1.00715e-25 
1.8e-09 1.02038e-25 
1.82e-09 1.03338e-25 
1.84e-09 1.04659e-25 
1.86e-09 1.0587e-25 
1.88e-09 1.07044e-25 
1.9e-09 1.08312e-25 
1.92e-09 1.09626e-25 
1.94e-09 1.10949e-25 
1.96e-09 1.12295e-25 
1.98e-09 4.50528e-19 
2e-09 2.03417e-18 
2.02e-09 4.1762e-18 
2.04e-09 6.0777e-18 
2.06e-09 7.76533e-18 
2.08e-09 9.27697e-18 
2.1e-09 1.06479e-17 
2.12e-09 1.19069e-17 
2.14e-09 1.30758e-17 
2.16e-09 1.41713e-17 
2.18e-09 1.52054e-17 
2.2e-09 1.61874e-17 
2.22e-09 1.71242e-17 
2.24e-09 1.8021e-17 
2.26e-09 1.88821e-17 
2.28e-09 1.9711e-17 
2.3e-09 2.05106e-17 
2.32e-09 2.12832e-17 
2.34e-09 2.2031e-17 
2.36e-09 2.27558e-17 
2.38e-09 2.34592e-17 
2.4e-09 2.41427e-17 
2.42e-09 2.48074e-17 
2.44e-09 2.54546e-17 
2.46e-09 2.60854e-17 
2.48e-09 2.67007e-17 
2.5e-09 2.73013e-17 
2.52e-09 2.78881e-17 
2.54e-09 2.84618e-17 
2.56e-09 2.9023e-17 
2.58e-09 2.95725e-17 
2.6e-09 3.01107e-17 
2.62e-09 3.06382e-17 
2.64e-09 3.11555e-17 
2.66e-09 3.16629e-17 
2.68e-09 3.21609e-17 
2.7e-09 3.26499e-17 
2.72e-09 3.31302e-17 
2.74e-09 3.36022e-17 
2.76e-09 3.4066e-17 
2.78e-09 3.4522e-17 
2.8e-09 3.49704e-17 
2.82e-09 3.54115e-17 
2.84e-09 3.58455e-17 
2.86e-09 3.62725e-17 
2.88e-09 3.66928e-17 
2.9e-09 3.71066e-17 
2.92e-09 3.75139e-17 
2.94e-09 3.79151e-17 
2.96e-09 3.83101e-17 
2.98e-09 3.86992e-17 
3e-09 3.90824e-17 
3.02e-09 3.946e-17 
3.04e-09 3.9832e-17 
3.06e-09 4.01985e-17 
3.08e-09 4.05597e-17 
3.1e-09 4.09156e-17 
3.12e-09 4.12665e-17 
3.14e-09 4.16122e-17 
3.16e-09 4.19531e-17 
3.18e-09 4.2289e-17 
3.2e-09 4.26203e-17 
3.22e-09 4.29468e-17 
3.24e-09 4.32688e-17 
3.26e-09 4.35862e-17 
3.28e-09 4.38992e-17 
3.3e-09 4.42079e-17 
3.32e-09 4.45123e-17 
3.34e-09 4.48125e-17 
3.36e-09 4.51085e-17 
3.38e-09 4.54005e-17 
3.4e-09 4.56885e-17 
3.42e-09 4.59726e-17 
3.44e-09 4.62529e-17 
3.46e-09 4.65293e-17 
3.48e-09 4.6802e-17 
3.5e-09 4.7071e-17 
3.52e-09 4.73364e-17 
3.54e-09 4.75983e-17 
3.56e-09 4.78567e-17 
3.58e-09 4.81116e-17 
3.6e-09 4.83632e-17 
3.62e-09 4.86115e-17 
3.64e-09 4.88564e-17 
3.66e-09 4.90982e-17 
3.68e-09 4.93368e-17 
3.7e-09 4.95723e-17 
3.72e-09 4.98047e-17 
3.74e-09 5.00341e-17 
3.76e-09 5.02605e-17 
3.78e-09 5.0484e-17 
3.8e-09 5.07047e-17 
3.82e-09 5.09225e-17 
3.84e-09 5.11375e-17 
3.86e-09 5.13498e-17 
3.88e-09 5.15594e-17 
3.9e-09 5.17663e-17 
3.92e-09 5.19706e-17 
3.94e-09 5.21724e-17 
3.96e-09 5.23716e-17 
3.98e-09 5.25683e-17 
4e-09 5.27626e-17 
4.02e-09 5.29544e-17 
4.04e-09 5.31439e-17 
4.06e-09 5.3331e-17 
4.08e-09 5.35159e-17 
4.1e-09 5.36984e-17 
4.12e-09 5.38787e-17 
4.14e-09 5.40569e-17 
4.16e-09 5.42328e-17 
4.18e-09 5.44066e-17 
4.2e-09 5.45784e-17 
4.22e-09 5.4748e-17 
4.24e-09 5.49156e-17 
4.26e-09 5.50812e-17 
4.28e-09 5.52448e-17 
4.3e-09 5.54065e-17 
4.32e-09 5.55663e-17 
4.34e-09 5.57242e-17 
4.36e-09 5.58802e-17 
4.38e-09 5.60344e-17 
4.4e-09 5.61868e-17 
4.42e-09 5.63374e-17 
4.44e-09 5.64862e-17 
4.46e-09 5.66333e-17 
4.48e-09 5.67788e-17 
4.5e-09 5.69225e-17 
4.52e-09 5.70646e-17 
4.54e-09 5.72051e-17 
4.56e-09 5.7344e-17 
4.58e-09 5.74813e-17 
4.6e-09 5.76171e-17 
4.62e-09 5.77513e-17 
4.64e-09 5.7884e-17 
4.66e-09 5.80153e-17 
4.68e-09 5.81451e-17 
4.7e-09 5.82734e-17 
4.72e-09 5.84003e-17 
4.74e-09 5.85258e-17 
4.76e-09 5.865e-17 
4.78e-09 5.87727e-17 
4.8e-09 5.88942e-17 
4.82e-09 5.90143e-17 
4.84e-09 5.91331e-17 
4.86e-09 5.92507e-17 
4.88e-09 5.93669e-17 
4.9e-09 5.9482e-17 
4.92e-09 5.95958e-17 
4.94e-09 5.97084e-17 
4.96e-09 5.98198e-17 
4.98e-09 5.993e-17 
5e-09 6.00391e-17 
5.02e-09 6.0147e-17 
5.04e-09 6.02539e-17 
5.06e-09 6.03596e-17 
5.08e-09 6.04642e-17 
5.1e-09 6.05677e-17 
5.12e-09 6.06702e-17 
5.14e-09 6.07716e-17 
5.16e-09 6.0872e-17 
5.18e-09 6.09714e-17 
5.2e-09 6.10698e-17 
5.22e-09 6.11672e-17 
5.24e-09 6.12636e-17 
5.26e-09 6.13591e-17 
5.28e-09 6.14536e-17 
5.3e-09 6.15472e-17 
5.32e-09 6.16399e-17 
5.34e-09 6.17316e-17 
5.36e-09 6.18225e-17 
5.38e-09 6.19125e-17 
5.4e-09 6.20016e-17 
5.42e-09 6.20899e-17 
5.44e-09 6.21773e-17 
5.46e-09 6.22639e-17 
5.48e-09 6.23497e-17 
5.5e-09 6.24346e-17 
5.52e-09 6.25188e-17 
5.54e-09 6.26022e-17 
5.56e-09 6.26848e-17 
5.58e-09 6.27666e-17 
5.6e-09 6.28477e-17 
5.62e-09 6.2928e-17 
5.64e-09 6.30076e-17 
5.66e-09 6.30865e-17 
5.68e-09 6.31647e-17 
5.7e-09 6.32421e-17 
5.72e-09 6.33189e-17 
5.74e-09 6.3395e-17 
5.76e-09 6.34704e-17 
5.78e-09 6.35451e-17 
5.8e-09 6.36192e-17 
5.82e-09 6.36926e-17 
5.84e-09 6.37654e-17 
5.86e-09 6.38376e-17 
5.88e-09 6.39091e-17 
5.9e-09 6.398e-17 
5.92e-09 6.40504e-17 
5.94e-09 6.41201e-17 
5.96e-09 6.41892e-17 
5.98e-09 6.42578e-17 
6e-09 6.43258e-17 
6.02e-09 6.43932e-17 
6.04e-09 6.446e-17 
6.06e-09 6.45263e-17 
6.08e-09 6.45921e-17 
6.1e-09 6.46573e-17 
6.12e-09 6.4722e-17 
6.14e-09 6.47862e-17 
6.16e-09 6.48499e-17 
6.18e-09 6.4913e-17 
6.2e-09 6.49757e-17 
6.22e-09 6.50379e-17 
6.24e-09 6.50995e-17 
6.26e-09 6.51607e-17 
6.28e-09 6.52215e-17 
6.3e-09 6.52817e-17 
6.32e-09 6.53415e-17 
6.34e-09 6.54008e-17 
6.36e-09 6.54597e-17 
6.38e-09 6.55181e-17 
6.4e-09 6.55761e-17 
6.42e-09 6.56337e-17 
6.44e-09 6.56908e-17 
6.46e-09 6.57475e-17 
6.48e-09 6.58038e-17 
6.5e-09 6.58597e-17 
6.52e-09 6.59152e-17 
6.54e-09 6.59703e-17 
6.56e-09 6.6025e-17 
6.58e-09 6.60793e-17 
6.6e-09 6.61332e-17 
6.62e-09 6.61867e-17 
6.64e-09 6.62399e-17 
6.66e-09 6.62926e-17 
6.68e-09 6.63451e-17 
6.7e-09 6.63971e-17 
6.72e-09 6.64488e-17 
6.74e-09 6.65002e-17 
6.76e-09 6.65512e-17 
6.78e-09 6.66018e-17 
6.8e-09 6.66521e-17 
6.82e-09 6.67021e-17 
6.84e-09 6.67518e-17 
6.86e-09 6.68011e-17 
6.88e-09 6.68501e-17 
6.9e-09 6.68988e-17 
6.92e-09 6.69471e-17 
6.94e-09 6.69952e-17 
6.96e-09 6.7043e-17 
6.98e-09 6.70904e-17 
7e-09 6.71376e-17 
7.02e-09 6.71844e-17 
7.04e-09 6.7231e-17 
7.06e-09 6.72772e-17 
7.08e-09 6.73232e-17 
7.1e-09 6.73689e-17 
7.12e-09 6.74144e-17 
7.14e-09 6.74595e-17 
7.16e-09 6.75044e-17 
7.18e-09 6.7549e-17 
7.2e-09 6.75934e-17 
7.22e-09 6.76375e-17 
7.24e-09 6.76813e-17 
7.26e-09 6.77249e-17 
7.28e-09 6.77682e-17 
7.3e-09 6.78113e-17 
7.32e-09 6.78541e-17 
7.34e-09 6.78967e-17 
7.36e-09 6.79391e-17 
7.38e-09 6.79812e-17 
7.4e-09 6.80231e-17 
7.42e-09 6.80647e-17 
7.44e-09 6.81061e-17 
7.46e-09 6.81473e-17 
7.48e-09 6.81883e-17 
7.5e-09 6.8229e-17 
7.52e-09 6.82695e-17 
7.54e-09 6.83099e-17 
7.56e-09 6.835e-17 
7.58e-09 6.83898e-17 
7.6e-09 6.84295e-17 
7.62e-09 6.8469e-17 
7.64e-09 6.85083e-17 
7.66e-09 6.85473e-17 
7.68e-09 6.85862e-17 
7.7e-09 6.86249e-17 
7.72e-09 6.86633e-17 
7.74e-09 6.87016e-17 
7.76e-09 6.87397e-17 
7.78e-09 6.87776e-17 
7.8e-09 6.88153e-17 
7.82e-09 6.88529e-17 
7.84e-09 6.88902e-17 
7.86e-09 6.89274e-17 
7.88e-09 6.89644e-17 
7.9e-09 6.90012e-17 
7.92e-09 6.90378e-17 
7.94e-09 6.90743e-17 
7.96e-09 6.91106e-17 
7.98e-09 6.91468e-17 
8e-09 6.91827e-17 
8.02e-09 6.92185e-17 
8.04e-09 6.92542e-17 
8.06e-09 6.92896e-17 
8.08e-09 6.9325e-17 
8.1e-09 6.93601e-17 
8.12e-09 6.93951e-17 
8.14e-09 6.943e-17 
8.16e-09 6.94647e-17 
8.18e-09 6.94992e-17 
8.2e-09 6.95336e-17 
8.22e-09 6.95679e-17 
8.24e-09 6.9602e-17 
8.26e-09 6.9636e-17 
8.28e-09 6.96698e-17 
8.3e-09 6.97035e-17 
8.32e-09 6.9737e-17 
8.34e-09 6.97704e-17 
8.36e-09 6.98037e-17 
8.38e-09 6.98368e-17 
8.4e-09 6.98698e-17 
8.42e-09 6.99026e-17 
8.44e-09 6.99354e-17 
8.46e-09 6.9968e-17 
8.48e-09 7.00004e-17 
8.5e-09 7.00328e-17 
8.52e-09 7.0065e-17 
8.54e-09 7.00971e-17 
8.56e-09 7.0129e-17 
8.58e-09 7.01609e-17 
8.6e-09 7.01926e-17 
8.62e-09 7.02242e-17 
8.64e-09 7.02557e-17 
8.66e-09 7.0287e-17 
8.68e-09 7.03183e-17 
8.7e-09 7.03494e-17 
8.72e-09 7.03804e-17 
8.74e-09 7.04114e-17 
8.76e-09 7.04421e-17 
8.78e-09 7.04728e-17 
8.8e-09 7.05034e-17 
8.82e-09 7.05339e-17 
8.84e-09 7.05642e-17 
8.86e-09 7.05945e-17 
8.88e-09 7.06246e-17 
8.9e-09 7.06547e-17 
8.92e-09 7.06846e-17 
8.94e-09 7.07144e-17 
8.96e-09 7.07442e-17 
8.98e-09 7.07738e-17 
9e-09 7.08033e-17 
9.02e-09 7.08327e-17 
9.04e-09 7.08621e-17 
9.06e-09 7.08913e-17 
9.08e-09 7.09205e-17 
9.1e-09 7.09495e-17 
9.12e-09 7.09785e-17 
9.14e-09 7.10073e-17 
9.16e-09 7.10361e-17 
9.18e-09 7.10647e-17 
9.2e-09 7.10933e-17 
9.22e-09 7.11218e-17 
9.24e-09 7.11502e-17 
9.26e-09 7.11785e-17 
9.28e-09 7.12068e-17 
9.3e-09 7.12349e-17 
9.32e-09 7.1263e-17 
9.34e-09 7.12909e-17 
9.36e-09 7.13188e-17 
9.38e-09 7.13466e-17 
9.4e-09 7.13743e-17 
9.42e-09 7.1402e-17 
9.44e-09 7.14295e-17 
9.46e-09 7.1457e-17 
9.48e-09 7.14844e-17 
9.5e-09 7.15117e-17 
9.52e-09 7.15389e-17 
9.54e-09 7.15661e-17 
9.56e-09 7.15931e-17 
9.58e-09 7.16201e-17 
9.6e-09 7.16471e-17 
9.62e-09 7.16739e-17 
9.64e-09 7.17007e-17 
9.66e-09 7.17274e-17 
9.68e-09 7.1754e-17 
9.7e-09 7.17805e-17 
9.72e-09 7.1807e-17 
9.74e-09 7.18334e-17 
9.76e-09 7.18598e-17 
9.78e-09 7.1886e-17 
9.8e-09 7.19122e-17 
9.82e-09 7.19383e-17 
9.84e-09 7.19644e-17 
9.86e-09 7.19904e-17 
9.88e-09 7.20163e-17 
9.9e-09 7.20421e-17 
9.92e-09 7.20679e-17 
9.94e-09 7.20936e-17 
9.96e-09 7.21193e-17 
9.98e-09 7.21449e-17 
1e-08 7.21576e-17 
