0 0 
1e-10 5.3e-18 
2e-10 1.69e-17 
3e-10 2.265e-17 
4e-10 3.445e-17 
5e-10 5.205e-17 
6e-10 7.34e-17 
7e-10 1.0125e-16 
8e-10 1.2495e-16 
9e-10 1.487e-16 
1e-09 1.667e-16 
1.1e-09 1.889e-16 
1.2e-09 2.103e-16 
1.3e-09 2.2105e-16 
1.4e-09 2.3185e-16 
1.5e-09 2.4265e-16 
1.6e-09 2.5335e-16 
1.7e-09 2.6435e-16 
1.8e-09 2.7525e-16 
1.9e-09 2.857e-16 
2e-09 4.40839e-08 
2.1e-09 1.3346e-07 
2.2e-09 2.03773e-07 
2.3e-09 2.45271e-07 
2.4e-09 2.73173e-07 
2.5e-09 2.92715e-07 
2.6e-09 3.06738e-07 
2.7e-09 3.1706e-07 
2.8e-09 3.24884e-07 
2.9e-09 3.31008e-07 
3e-09 3.35953e-07 
3.1e-09 3.40059e-07 
3.2e-09 3.43549e-07 
3.3e-09 3.46575e-07 
3.4e-09 3.49244e-07 
3.5e-09 3.51634e-07 
3.6e-09 3.53802e-07 
3.7e-09 3.55789e-07 
3.8e-09 3.57629e-07 
3.9e-09 3.59346e-07 
4e-09 3.6096e-07 
4.1e-09 3.62487e-07 
4.2e-09 3.63938e-07 
4.3e-09 3.65324e-07 
4.4e-09 3.66653e-07 
4.5e-09 3.67932e-07 
4.6e-09 3.69166e-07 
4.7e-09 3.70361e-07 
4.8e-09 3.7152e-07 
4.9e-09 3.72647e-07 
5e-09 3.73745e-07 
5.1e-09 3.74816e-07 
5.2e-09 3.75863e-07 
5.3e-09 3.76887e-07 
5.4e-09 3.77891e-07 
5.5e-09 3.78876e-07 
5.6e-09 3.79843e-07 
5.7e-09 3.80794e-07 
5.8e-09 3.8173e-07 
5.9e-09 3.82651e-07 
6e-09 3.83559e-07 
6.1e-09 3.84455e-07 
6.2e-09 3.85339e-07 
6.3e-09 3.86211e-07 
6.4e-09 3.87073e-07 
6.5e-09 3.87926e-07 
6.6e-09 3.88769e-07 
6.7e-09 3.89603e-07 
6.8e-09 3.90429e-07 
6.9e-09 3.91246e-07 
7e-09 3.92057e-07 
7.1e-09 3.9286e-07 
7.2e-09 3.93656e-07 
7.3e-09 3.94445e-07 
7.4e-09 3.95229e-07 
7.5e-09 3.96006e-07 
7.6e-09 3.96777e-07 
7.7e-09 3.97543e-07 
7.8e-09 3.98304e-07 
7.9e-09 3.9906e-07 
8e-09 3.99811e-07 
8.1e-09 4.00557e-07 
8.2e-09 4.01299e-07 
8.3e-09 4.02037e-07 
8.4e-09 4.0277e-07 
8.5e-09 4.035e-07 
8.6e-09 4.04225e-07 
8.7e-09 4.04947e-07 
8.8e-09 4.05666e-07 
8.9e-09 4.06381e-07 
9e-09 4.07092e-07 
9.1e-09 4.07801e-07 
9.2e-09 4.08506e-07 
9.3e-09 4.09208e-07 
9.4e-09 4.09907e-07 
9.5e-09 4.10604e-07 
9.6e-09 4.11298e-07 
9.7e-09 4.11989e-07 
9.8e-09 4.12678e-07 
9.9e-09 4.13364e-07 
1e-08 4.14048e-07 
1.01e-08 4.14729e-07 
1.02e-08 4.15409e-07 
1.03e-08 4.16086e-07 
1.04e-08 4.1676e-07 
1.05e-08 4.17433e-07 
1.06e-08 4.18104e-07 
1.07e-08 4.18773e-07 
1.08e-08 4.1944e-07 
1.09e-08 4.20105e-07 
1.1e-08 4.20768e-07 
1.11e-08 4.2143e-07 
1.12e-08 4.2209e-07 
1.13e-08 4.22748e-07 
1.14e-08 4.23404e-07 
1.15e-08 4.24059e-07 
1.16e-08 4.24713e-07 
1.17e-08 4.25365e-07 
1.18e-08 4.26015e-07 
1.19e-08 4.26664e-07 
1.2e-08 4.27312e-07 
1.21e-08 4.27958e-07 
1.22e-08 4.28603e-07 
1.23e-08 4.29247e-07 
1.24e-08 4.29889e-07 
1.25e-08 4.30531e-07 
1.26e-08 4.31171e-07 
1.27e-08 4.31809e-07 
1.28e-08 4.32447e-07 
1.29e-08 4.33084e-07 
1.3e-08 4.33719e-07 
1.31e-08 4.34353e-07 
1.32e-08 4.34987e-07 
1.33e-08 4.35619e-07 
1.34e-08 4.3625e-07 
1.35e-08 4.3688e-07 
1.36e-08 4.3751e-07 
1.37e-08 4.38138e-07 
1.38e-08 4.38765e-07 
1.39e-08 4.39392e-07 
1.4e-08 4.40017e-07 
1.41e-08 4.40642e-07 
1.42e-08 4.41266e-07 
1.43e-08 4.41889e-07 
1.44e-08 4.42511e-07 
1.45e-08 4.43132e-07 
1.46e-08 4.43753e-07 
1.47e-08 4.44373e-07 
1.48e-08 4.44992e-07 
1.49e-08 4.4561e-07 
1.5e-08 4.46227e-07 
1.51e-08 4.46844e-07 
1.52e-08 4.4746e-07 
1.53e-08 4.48075e-07 
1.54e-08 4.4869e-07 
1.55e-08 4.49304e-07 
1.56e-08 4.49917e-07 
1.57e-08 4.5053e-07 
1.58e-08 4.51142e-07 
1.59e-08 4.51753e-07 
1.6e-08 4.52364e-07 
1.61e-08 4.52974e-07 
1.62e-08 4.53583e-07 
1.63e-08 4.54192e-07 
1.64e-08 4.548e-07 
1.65e-08 4.55408e-07 
1.66e-08 4.56015e-07 
1.67e-08 4.56622e-07 
1.68e-08 4.57228e-07 
1.69e-08 4.57833e-07 
1.7e-08 4.58438e-07 
1.71e-08 4.59042e-07 
1.72e-08 4.59646e-07 
1.73e-08 4.60249e-07 
1.74e-08 4.60852e-07 
1.75e-08 4.61454e-07 
1.76e-08 4.62056e-07 
1.77e-08 4.62657e-07 
1.78e-08 4.63258e-07 
1.79e-08 4.63858e-07 
1.8e-08 4.64458e-07 
1.81e-08 4.65057e-07 
1.82e-08 4.65656e-07 
1.83e-08 4.66254e-07 
1.84e-08 4.66852e-07 
1.85e-08 4.67449e-07 
1.86e-08 4.68046e-07 
1.87e-08 4.68643e-07 
1.88e-08 4.69239e-07 
1.89e-08 4.69834e-07 
1.9e-08 4.70429e-07 
1.91e-08 4.71024e-07 
1.92e-08 4.71618e-07 
1.93e-08 4.72212e-07 
1.94e-08 4.72805e-07 
1.95e-08 4.73398e-07 
1.96e-08 4.73991e-07 
1.97e-08 4.74583e-07 
1.98e-08 4.75175e-07 
1.99e-08 4.75766e-07 
2e-08 4.76357e-07 
2.01e-08 4.76948e-07 
2.02e-08 4.77538e-07 
2.03e-08 4.78128e-07 
2.04e-08 4.78717e-07 
2.05e-08 4.79306e-07 
2.06e-08 4.79895e-07 
2.07e-08 4.80483e-07 
2.08e-08 4.81071e-07 
2.09e-08 4.81658e-07 
2.1e-08 4.82245e-07 
2.11e-08 4.82832e-07 
2.12e-08 4.83418e-07 
2.13e-08 4.84004e-07 
2.14e-08 4.8459e-07 
2.15e-08 4.85175e-07 
2.16e-08 4.8576e-07 
2.17e-08 4.86344e-07 
2.18e-08 4.86928e-07 
2.19e-08 4.87512e-07 
2.2e-08 4.88095e-07 
2.21e-08 4.88678e-07 
2.22e-08 4.89261e-07 
2.23e-08 4.89843e-07 
2.24e-08 4.90425e-07 
2.25e-08 4.91007e-07 
2.26e-08 4.91588e-07 
2.27e-08 4.92169e-07 
2.28e-08 4.9275e-07 
2.29e-08 4.9333e-07 
2.3e-08 4.9391e-07 
2.31e-08 4.94489e-07 
2.32e-08 4.95069e-07 
2.33e-08 4.95647e-07 
2.34e-08 4.96226e-07 
2.35e-08 4.96804e-07 
2.36e-08 4.97382e-07 
2.37e-08 4.97959e-07 
2.38e-08 4.98536e-07 
2.39e-08 4.99113e-07 
2.4e-08 4.9969e-07 
2.41e-08 5.00266e-07 
2.42e-08 5.00842e-07 
2.43e-08 5.01417e-07 
2.44e-08 5.01992e-07 
2.45e-08 5.02567e-07 
2.46e-08 5.03142e-07 
2.47e-08 5.03716e-07 
2.48e-08 5.04289e-07 
2.49e-08 5.04863e-07 
2.5e-08 5.05436e-07 
2.51e-08 5.06009e-07 
2.52e-08 5.06581e-07 
2.53e-08 5.07154e-07 
2.54e-08 5.07725e-07 
2.55e-08 5.08297e-07 
2.56e-08 5.08868e-07 
2.57e-08 5.09439e-07 
2.58e-08 5.1001e-07 
2.59e-08 5.1058e-07 
2.6e-08 5.1115e-07 
2.61e-08 5.11719e-07 
2.62e-08 5.12288e-07 
2.63e-08 5.12857e-07 
2.64e-08 5.13426e-07 
2.65e-08 5.13994e-07 
2.66e-08 5.14562e-07 
2.67e-08 5.1513e-07 
2.68e-08 5.15697e-07 
2.69e-08 5.16264e-07 
2.7e-08 5.16831e-07 
2.71e-08 5.17397e-07 
2.72e-08 5.17963e-07 
2.73e-08 5.18529e-07 
2.74e-08 5.19094e-07 
2.75e-08 5.19659e-07 
2.76e-08 5.20224e-07 
2.77e-08 5.20788e-07 
2.78e-08 5.21352e-07 
2.79e-08 5.21916e-07 
2.8e-08 5.22479e-07 
2.81e-08 5.23042e-07 
2.82e-08 5.23605e-07 
2.83e-08 5.24168e-07 
2.84e-08 5.2473e-07 
2.85e-08 5.25291e-07 
2.86e-08 5.25853e-07 
2.87e-08 5.26414e-07 
2.88e-08 5.26975e-07 
2.89e-08 5.27536e-07 
2.9e-08 5.28096e-07 
2.91e-08 5.28656e-07 
2.92e-08 5.29215e-07 
2.93e-08 5.29774e-07 
2.94e-08 5.30333e-07 
2.95e-08 5.30892e-07 
2.96e-08 5.3145e-07 
2.97e-08 5.32008e-07 
2.98e-08 5.32566e-07 
2.99e-08 5.33123e-07 
3e-08 5.3368e-07 
3.01e-08 5.34237e-07 
3.02e-08 5.34793e-07 
3.03e-08 5.35349e-07 
3.04e-08 5.35905e-07 
3.05e-08 5.3646e-07 
3.06e-08 5.37015e-07 
3.07e-08 5.3757e-07 
3.08e-08 5.38125e-07 
3.09e-08 5.38679e-07 
3.1e-08 5.39232e-07 
3.11e-08 5.39786e-07 
3.12e-08 5.40339e-07 
3.13e-08 5.40892e-07 
3.14e-08 5.41444e-07 
3.15e-08 5.41997e-07 
3.16e-08 5.42548e-07 
3.17e-08 5.431e-07 
3.18e-08 5.43651e-07 
3.19e-08 5.44202e-07 
3.2e-08 5.44753e-07 
3.21e-08 5.45303e-07 
3.22e-08 5.45853e-07 
3.23e-08 5.46402e-07 
3.24e-08 5.46952e-07 
3.25e-08 5.475e-07 
3.26e-08 5.48049e-07 
3.27e-08 5.48597e-07 
3.28e-08 5.49145e-07 
3.29e-08 5.49693e-07 
3.3e-08 5.5024e-07 
3.31e-08 5.50787e-07 
3.32e-08 5.51334e-07 
3.33e-08 5.5188e-07 
3.34e-08 5.52426e-07 
3.35e-08 5.52972e-07 
3.36e-08 5.53518e-07 
3.37e-08 5.54063e-07 
3.38e-08 5.54607e-07 
3.39e-08 5.55152e-07 
3.4e-08 5.55696e-07 
3.41e-08 5.5624e-07 
3.42e-08 5.56783e-07 
3.43e-08 5.57326e-07 
3.44e-08 5.57869e-07 
3.45e-08 5.58411e-07 
3.46e-08 5.58954e-07 
3.47e-08 5.59495e-07 
3.48e-08 5.60037e-07 
3.49e-08 5.60578e-07 
3.5e-08 5.61119e-07 
3.51e-08 5.61659e-07 
3.52e-08 5.622e-07 
3.53e-08 5.62739e-07 
3.54e-08 5.63279e-07 
3.55e-08 5.63818e-07 
3.56e-08 5.64357e-07 
3.57e-08 5.64896e-07 
3.58e-08 5.65434e-07 
3.59e-08 5.65972e-07 
3.6e-08 5.66509e-07 
3.61e-08 5.67047e-07 
3.62e-08 5.67583e-07 
3.63e-08 5.6812e-07 
3.64e-08 5.68656e-07 
3.65e-08 5.69192e-07 
3.66e-08 5.69728e-07 
3.67e-08 5.70263e-07 
3.68e-08 5.70798e-07 
3.69e-08 5.71333e-07 
3.7e-08 5.71867e-07 
3.71e-08 5.72401e-07 
3.72e-08 5.72935e-07 
3.73e-08 5.73468e-07 
3.74e-08 5.74001e-07 
3.75e-08 5.74534e-07 
3.76e-08 5.75066e-07 
3.77e-08 5.75598e-07 
3.78e-08 5.7613e-07 
3.79e-08 5.76661e-07 
3.8e-08 5.77192e-07 
3.81e-08 5.77723e-07 
3.82e-08 5.78253e-07 
3.83e-08 5.78783e-07 
3.84e-08 5.79313e-07 
3.85e-08 5.79843e-07 
3.86e-08 5.80372e-07 
3.87e-08 5.809e-07 
3.88e-08 5.81429e-07 
3.89e-08 5.81957e-07 
3.9e-08 5.82485e-07 
3.91e-08 5.83012e-07 
3.92e-08 5.83539e-07 
3.93e-08 5.84066e-07 
3.94e-08 5.84593e-07 
3.95e-08 5.85119e-07 
3.96e-08 5.85645e-07 
3.97e-08 5.8617e-07 
3.98e-08 5.86695e-07 
3.99e-08 5.8722e-07 
4e-08 5.87744e-07 
4.01e-08 5.88269e-07 
4.02e-08 5.88792e-07 
4.03e-08 5.89316e-07 
4.04e-08 5.89839e-07 
4.05e-08 5.90362e-07 
4.06e-08 5.90885e-07 
4.07e-08 5.91407e-07 
4.08e-08 5.91929e-07 
4.09e-08 5.9245e-07 
4.1e-08 5.92971e-07 
4.11e-08 5.93492e-07 
4.12e-08 5.94013e-07 
4.13e-08 5.94533e-07 
4.14e-08 5.95053e-07 
4.15e-08 5.95573e-07 
4.16e-08 5.96092e-07 
4.17e-08 5.96611e-07 
4.18e-08 5.97129e-07 
4.19e-08 5.97648e-07 
4.2e-08 5.98166e-07 
4.21e-08 5.98683e-07 
4.22e-08 5.99201e-07 
4.23e-08 5.99718e-07 
4.24e-08 6.00234e-07 
4.25e-08 6.00751e-07 
4.26e-08 6.01267e-07 
4.27e-08 6.01782e-07 
4.28e-08 6.02298e-07 
4.29e-08 6.02813e-07 
4.3e-08 6.03327e-07 
4.31e-08 6.03842e-07 
4.32e-08 6.04356e-07 
4.33e-08 6.04869e-07 
4.34e-08 6.05383e-07 
4.35e-08 6.05896e-07 
4.36e-08 6.06409e-07 
4.37e-08 6.06921e-07 
4.38e-08 6.07433e-07 
4.39e-08 6.07945e-07 
4.4e-08 6.08456e-07 
4.41e-08 6.08967e-07 
4.42e-08 6.09478e-07 
4.43e-08 6.09989e-07 
4.44e-08 6.10499e-07 
4.45e-08 6.11008e-07 
4.46e-08 6.11518e-07 
4.47e-08 6.12027e-07 
4.48e-08 6.12536e-07 
4.49e-08 6.13044e-07 
4.5e-08 6.13553e-07 
4.51e-08 6.1406e-07 
4.52e-08 6.14568e-07 
4.53e-08 6.15075e-07 
4.54e-08 6.15582e-07 
4.55e-08 6.16089e-07 
4.56e-08 6.16595e-07 
4.57e-08 6.17101e-07 
4.58e-08 6.17606e-07 
4.59e-08 6.18112e-07 
4.6e-08 6.18617e-07 
4.61e-08 6.19121e-07 
4.62e-08 6.19626e-07 
4.63e-08 6.20129e-07 
4.64e-08 6.20633e-07 
4.65e-08 6.21136e-07 
4.66e-08 6.21639e-07 
4.67e-08 6.22142e-07 
4.68e-08 6.22644e-07 
4.69e-08 6.23147e-07 
4.7e-08 6.23648e-07 
4.71e-08 6.2415e-07 
4.72e-08 6.24651e-07 
4.73e-08 6.25151e-07 
4.74e-08 6.25652e-07 
4.75e-08 6.26152e-07 
4.76e-08 6.26652e-07 
4.77e-08 6.27151e-07 
4.78e-08 6.2765e-07 
4.79e-08 6.28149e-07 
4.8e-08 6.28648e-07 
4.81e-08 6.29146e-07 
4.82e-08 6.29644e-07 
4.83e-08 6.30141e-07 
4.84e-08 6.30639e-07 
4.85e-08 6.31135e-07 
4.86e-08 6.31632e-07 
4.87e-08 6.32128e-07 
4.88e-08 6.32624e-07 
4.89e-08 6.3312e-07 
4.9e-08 6.33615e-07 
4.91e-08 6.3411e-07 
4.92e-08 6.34605e-07 
4.93e-08 6.35099e-07 
4.94e-08 6.35593e-07 
4.95e-08 6.36087e-07 
4.96e-08 6.3658e-07 
4.97e-08 6.37073e-07 
4.98e-08 6.37566e-07 
4.99e-08 6.38059e-07 
5e-08 6.38551e-07 
