0 0 
1e-10 5.25e-18 
2e-10 1.46e-17 
3e-10 1.595e-17 
4e-10 2.655e-17 
5e-10 4.34e-17 
6e-10 6.43e-17 
7e-10 9.545e-17 
8e-10 1.2185e-16 
9e-10 1.481e-16 
1e-09 1.662e-16 
1.1e-09 1.882e-16 
1.2e-09 2.0945e-16 
1.3e-09 2.168e-16 
1.4e-09 2.239e-16 
1.5e-09 2.3135e-16 
1.6e-09 2.39e-16 
1.7e-09 2.4685e-16 
1.8e-09 2.551e-16 
1.9e-09 2.626e-16 
2e-09 4.50742e-08 
2.1e-09 1.36154e-07 
2.2e-09 2.07561e-07 
2.3e-09 2.49678e-07 
2.4e-09 2.77969e-07 
2.5e-09 2.97761e-07 
2.6e-09 3.11945e-07 
2.7e-09 3.22371e-07 
2.8e-09 3.30263e-07 
2.9e-09 3.36432e-07 
3e-09 3.41409e-07 
3.1e-09 3.45539e-07 
3.2e-09 3.49048e-07 
3.3e-09 3.52091e-07 
3.4e-09 3.54777e-07 
3.5e-09 3.57182e-07 
3.6e-09 3.59365e-07 
3.7e-09 3.61368e-07 
3.8e-09 3.63224e-07 
3.9e-09 3.64957e-07 
4e-09 3.66587e-07 
4.1e-09 3.68131e-07 
4.2e-09 3.69599e-07 
4.3e-09 3.71003e-07 
4.4e-09 3.7235e-07 
4.5e-09 3.73647e-07 
4.6e-09 3.74901e-07 
4.7e-09 3.76114e-07 
4.8e-09 3.77293e-07 
4.9e-09 3.7844e-07 
5e-09 3.79557e-07 
5.1e-09 3.80649e-07 
5.2e-09 3.81716e-07 
5.3e-09 3.82761e-07 
5.4e-09 3.83786e-07 
5.5e-09 3.84793e-07 
5.6e-09 3.85782e-07 
5.7e-09 3.86754e-07 
5.8e-09 3.87712e-07 
5.9e-09 3.88656e-07 
6e-09 3.89586e-07 
6.1e-09 3.90504e-07 
6.2e-09 3.91411e-07 
6.3e-09 3.92306e-07 
6.4e-09 3.93192e-07 
6.5e-09 3.94068e-07 
6.6e-09 3.94934e-07 
6.7e-09 3.95792e-07 
6.8e-09 3.96642e-07 
6.9e-09 3.97484e-07 
7e-09 3.98318e-07 
7.1e-09 3.99146e-07 
7.2e-09 3.99967e-07 
7.3e-09 4.00781e-07 
7.4e-09 4.01589e-07 
7.5e-09 4.02391e-07 
7.6e-09 4.03188e-07 
7.7e-09 4.03979e-07 
7.8e-09 4.04766e-07 
7.9e-09 4.05547e-07 
8e-09 4.06324e-07 
8.1e-09 4.07096e-07 
8.2e-09 4.07863e-07 
8.3e-09 4.08627e-07 
8.4e-09 4.09386e-07 
8.5e-09 4.10142e-07 
8.6e-09 4.10894e-07 
8.7e-09 4.11642e-07 
8.8e-09 4.12387e-07 
8.9e-09 4.13128e-07 
9e-09 4.13867e-07 
9.1e-09 4.14602e-07 
9.2e-09 4.15334e-07 
9.3e-09 4.16063e-07 
9.4e-09 4.16789e-07 
9.5e-09 4.17512e-07 
9.6e-09 4.18233e-07 
9.7e-09 4.18952e-07 
9.8e-09 4.19667e-07 
9.9e-09 4.20381e-07 
1e-08 4.21092e-07 
1.01e-08 4.218e-07 
1.02e-08 4.22507e-07 
1.03e-08 4.23211e-07 
1.04e-08 4.23914e-07 
1.05e-08 4.24614e-07 
1.06e-08 4.25312e-07 
1.07e-08 4.26009e-07 
1.08e-08 4.26703e-07 
1.09e-08 4.27396e-07 
1.1e-08 4.28087e-07 
1.11e-08 4.28776e-07 
1.12e-08 4.29463e-07 
1.13e-08 4.30149e-07 
1.14e-08 4.30833e-07 
1.15e-08 4.31516e-07 
1.16e-08 4.32197e-07 
1.17e-08 4.32877e-07 
1.18e-08 4.33555e-07 
1.19e-08 4.34232e-07 
1.2e-08 4.34907e-07 
1.21e-08 4.35581e-07 
1.22e-08 4.36254e-07 
1.23e-08 4.36925e-07 
1.24e-08 4.37596e-07 
1.25e-08 4.38265e-07 
1.26e-08 4.38932e-07 
1.27e-08 4.39599e-07 
1.28e-08 4.40264e-07 
1.29e-08 4.40928e-07 
1.3e-08 4.41592e-07 
1.31e-08 4.42254e-07 
1.32e-08 4.42915e-07 
1.33e-08 4.43574e-07 
1.34e-08 4.44233e-07 
1.35e-08 4.44891e-07 
1.36e-08 4.45548e-07 
1.37e-08 4.46204e-07 
1.38e-08 4.46859e-07 
1.39e-08 4.47513e-07 
1.4e-08 4.48166e-07 
1.41e-08 4.48818e-07 
1.42e-08 4.4947e-07 
1.43e-08 4.5012e-07 
1.44e-08 4.5077e-07 
1.45e-08 4.51418e-07 
1.46e-08 4.52066e-07 
1.47e-08 4.52713e-07 
1.48e-08 4.5336e-07 
1.49e-08 4.54005e-07 
1.5e-08 4.5465e-07 
1.51e-08 4.55294e-07 
1.52e-08 4.55937e-07 
1.53e-08 4.56579e-07 
1.54e-08 4.57221e-07 
1.55e-08 4.57862e-07 
1.56e-08 4.58502e-07 
1.57e-08 4.59142e-07 
1.58e-08 4.59781e-07 
1.59e-08 4.60419e-07 
1.6e-08 4.61057e-07 
1.61e-08 4.61693e-07 
1.62e-08 4.6233e-07 
1.63e-08 4.62965e-07 
1.64e-08 4.636e-07 
1.65e-08 4.64234e-07 
1.66e-08 4.64868e-07 
1.67e-08 4.65501e-07 
1.68e-08 4.66133e-07 
1.69e-08 4.66765e-07 
1.7e-08 4.67396e-07 
1.71e-08 4.68027e-07 
1.72e-08 4.68657e-07 
1.73e-08 4.69286e-07 
1.74e-08 4.69915e-07 
1.75e-08 4.70544e-07 
1.76e-08 4.71171e-07 
1.77e-08 4.71798e-07 
1.78e-08 4.72425e-07 
1.79e-08 4.73051e-07 
1.8e-08 4.73677e-07 
1.81e-08 4.74302e-07 
1.82e-08 4.74926e-07 
1.83e-08 4.7555e-07 
1.84e-08 4.76174e-07 
1.85e-08 4.76796e-07 
1.86e-08 4.77419e-07 
1.87e-08 4.78041e-07 
1.88e-08 4.78662e-07 
1.89e-08 4.79283e-07 
1.9e-08 4.79903e-07 
1.91e-08 4.80523e-07 
1.92e-08 4.81142e-07 
1.93e-08 4.81761e-07 
1.94e-08 4.8238e-07 
1.95e-08 4.82998e-07 
1.96e-08 4.83615e-07 
1.97e-08 4.84232e-07 
1.98e-08 4.84848e-07 
1.99e-08 4.85465e-07 
2e-08 4.8608e-07 
2.01e-08 4.86695e-07 
2.02e-08 4.8731e-07 
2.03e-08 4.87924e-07 
2.04e-08 4.88538e-07 
2.05e-08 4.89151e-07 
2.06e-08 4.89764e-07 
2.07e-08 4.90376e-07 
2.08e-08 4.90988e-07 
2.09e-08 4.91599e-07 
2.1e-08 4.9221e-07 
2.11e-08 4.92821e-07 
2.12e-08 4.93431e-07 
2.13e-08 4.94041e-07 
2.14e-08 4.9465e-07 
2.15e-08 4.95259e-07 
2.16e-08 4.95867e-07 
2.17e-08 4.96475e-07 
2.18e-08 4.97082e-07 
2.19e-08 4.97689e-07 
2.2e-08 4.98296e-07 
2.21e-08 4.98902e-07 
2.22e-08 4.99508e-07 
2.23e-08 5.00114e-07 
2.24e-08 5.00718e-07 
2.25e-08 5.01323e-07 
2.26e-08 5.01927e-07 
2.27e-08 5.02531e-07 
2.28e-08 5.03134e-07 
2.29e-08 5.03737e-07 
2.3e-08 5.04339e-07 
2.31e-08 5.04941e-07 
2.32e-08 5.05543e-07 
2.33e-08 5.06144e-07 
2.34e-08 5.06745e-07 
2.35e-08 5.07345e-07 
2.36e-08 5.07945e-07 
2.37e-08 5.08545e-07 
2.38e-08 5.09144e-07 
2.39e-08 5.09743e-07 
2.4e-08 5.10341e-07 
2.41e-08 5.10939e-07 
2.42e-08 5.11537e-07 
2.43e-08 5.12134e-07 
2.44e-08 5.12731e-07 
2.45e-08 5.13327e-07 
2.46e-08 5.13923e-07 
2.47e-08 5.14518e-07 
2.48e-08 5.15113e-07 
2.49e-08 5.15708e-07 
2.5e-08 5.16302e-07 
2.51e-08 5.16896e-07 
2.52e-08 5.1749e-07 
2.53e-08 5.18083e-07 
2.54e-08 5.18676e-07 
2.55e-08 5.19268e-07 
2.56e-08 5.1986e-07 
2.57e-08 5.20452e-07 
2.58e-08 5.21043e-07 
2.59e-08 5.21634e-07 
2.6e-08 5.22224e-07 
2.61e-08 5.22814e-07 
2.62e-08 5.23403e-07 
2.63e-08 5.23993e-07 
2.64e-08 5.24581e-07 
2.65e-08 5.2517e-07 
2.66e-08 5.25758e-07 
2.67e-08 5.26345e-07 
2.68e-08 5.26933e-07 
2.69e-08 5.27519e-07 
2.7e-08 5.28106e-07 
2.71e-08 5.28692e-07 
2.72e-08 5.29278e-07 
2.73e-08 5.29863e-07 
2.74e-08 5.30448e-07 
2.75e-08 5.31032e-07 
2.76e-08 5.31616e-07 
2.77e-08 5.322e-07 
2.78e-08 5.32783e-07 
2.79e-08 5.33366e-07 
2.8e-08 5.33949e-07 
2.81e-08 5.34531e-07 
2.82e-08 5.35113e-07 
2.83e-08 5.35694e-07 
2.84e-08 5.36275e-07 
2.85e-08 5.36856e-07 
2.86e-08 5.37436e-07 
2.87e-08 5.38016e-07 
2.88e-08 5.38595e-07 
2.89e-08 5.39174e-07 
2.9e-08 5.39753e-07 
2.91e-08 5.40331e-07 
2.92e-08 5.40909e-07 
2.93e-08 5.41486e-07 
2.94e-08 5.42064e-07 
2.95e-08 5.4264e-07 
2.96e-08 5.43217e-07 
2.97e-08 5.43793e-07 
2.98e-08 5.44368e-07 
2.99e-08 5.44943e-07 
3e-08 5.45518e-07 
3.01e-08 5.46093e-07 
3.02e-08 5.46667e-07 
3.03e-08 5.4724e-07 
3.04e-08 5.47813e-07 
3.05e-08 5.48386e-07 
3.06e-08 5.48959e-07 
3.07e-08 5.49531e-07 
3.08e-08 5.50103e-07 
3.09e-08 5.50674e-07 
3.1e-08 5.51245e-07 
3.11e-08 5.51815e-07 
3.12e-08 5.52386e-07 
3.13e-08 5.52955e-07 
3.14e-08 5.53525e-07 
3.15e-08 5.54094e-07 
3.16e-08 5.54662e-07 
3.17e-08 5.55231e-07 
3.18e-08 5.55799e-07 
3.19e-08 5.56366e-07 
3.2e-08 5.56933e-07 
3.21e-08 5.575e-07 
3.22e-08 5.58066e-07 
3.23e-08 5.58632e-07 
3.24e-08 5.59198e-07 
3.25e-08 5.59763e-07 
3.26e-08 5.60328e-07 
3.27e-08 5.60892e-07 
3.28e-08 5.61456e-07 
3.29e-08 5.6202e-07 
3.3e-08 5.62583e-07 
3.31e-08 5.63146e-07 
3.32e-08 5.63708e-07 
3.33e-08 5.6427e-07 
3.34e-08 5.64832e-07 
3.35e-08 5.65394e-07 
3.36e-08 5.65955e-07 
3.37e-08 5.66515e-07 
3.38e-08 5.67075e-07 
3.39e-08 5.67635e-07 
3.4e-08 5.68195e-07 
3.41e-08 5.68754e-07 
3.42e-08 5.69312e-07 
3.43e-08 5.69871e-07 
3.44e-08 5.70428e-07 
3.45e-08 5.70986e-07 
3.46e-08 5.71543e-07 
3.47e-08 5.721e-07 
3.48e-08 5.72656e-07 
3.49e-08 5.73212e-07 
3.5e-08 5.73768e-07 
3.51e-08 5.74323e-07 
3.52e-08 5.74878e-07 
3.53e-08 5.75432e-07 
3.54e-08 5.75986e-07 
3.55e-08 5.7654e-07 
3.56e-08 5.77094e-07 
3.57e-08 5.77646e-07 
3.58e-08 5.78199e-07 
3.59e-08 5.78751e-07 
3.6e-08 5.79303e-07 
3.61e-08 5.79854e-07 
3.62e-08 5.80405e-07 
3.63e-08 5.80956e-07 
3.64e-08 5.81506e-07 
3.65e-08 5.82056e-07 
3.66e-08 5.82606e-07 
3.67e-08 5.83155e-07 
3.68e-08 5.83704e-07 
3.69e-08 5.84252e-07 
3.7e-08 5.848e-07 
3.71e-08 5.85348e-07 
3.72e-08 5.85895e-07 
3.73e-08 5.86442e-07 
3.74e-08 5.86988e-07 
3.75e-08 5.87534e-07 
3.76e-08 5.8808e-07 
3.77e-08 5.88626e-07 
3.78e-08 5.89171e-07 
3.79e-08 5.89715e-07 
3.8e-08 5.90259e-07 
3.81e-08 5.90803e-07 
3.82e-08 5.91347e-07 
3.83e-08 5.9189e-07 
3.84e-08 5.92432e-07 
3.85e-08 5.92975e-07 
3.86e-08 5.93517e-07 
3.87e-08 5.94058e-07 
3.88e-08 5.946e-07 
3.89e-08 5.9514e-07 
3.9e-08 5.95681e-07 
3.91e-08 5.96221e-07 
3.92e-08 5.96761e-07 
3.93e-08 5.973e-07 
3.94e-08 5.97839e-07 
3.95e-08 5.98377e-07 
3.96e-08 5.98916e-07 
3.97e-08 5.99453e-07 
3.98e-08 5.99991e-07 
3.99e-08 6.00528e-07 
4e-08 6.01065e-07 
4.01e-08 6.01601e-07 
4.02e-08 6.02137e-07 
4.03e-08 6.02672e-07 
4.04e-08 6.03208e-07 
4.05e-08 6.03742e-07 
4.06e-08 6.04277e-07 
4.07e-08 6.04811e-07 
4.08e-08 6.05345e-07 
4.09e-08 6.05878e-07 
4.1e-08 6.06411e-07 
4.11e-08 6.06944e-07 
4.12e-08 6.07476e-07 
4.13e-08 6.08008e-07 
4.14e-08 6.08539e-07 
4.15e-08 6.0907e-07 
4.16e-08 6.09601e-07 
4.17e-08 6.10131e-07 
4.18e-08 6.10661e-07 
4.19e-08 6.11191e-07 
4.2e-08 6.1172e-07 
4.21e-08 6.12249e-07 
4.22e-08 6.12777e-07 
4.23e-08 6.13306e-07 
4.24e-08 6.13833e-07 
4.25e-08 6.14361e-07 
4.26e-08 6.14888e-07 
4.27e-08 6.15414e-07 
4.28e-08 6.15941e-07 
4.29e-08 6.16467e-07 
4.3e-08 6.16992e-07 
4.31e-08 6.17517e-07 
4.32e-08 6.18042e-07 
4.33e-08 6.18567e-07 
4.34e-08 6.19091e-07 
4.35e-08 6.19614e-07 
4.36e-08 6.20138e-07 
4.37e-08 6.20661e-07 
4.38e-08 6.21183e-07 
4.39e-08 6.21706e-07 
4.4e-08 6.22227e-07 
4.41e-08 6.22749e-07 
4.42e-08 6.2327e-07 
4.43e-08 6.23791e-07 
4.44e-08 6.24311e-07 
4.45e-08 6.24831e-07 
4.46e-08 6.25351e-07 
4.47e-08 6.2587e-07 
4.48e-08 6.26389e-07 
4.49e-08 6.26908e-07 
4.5e-08 6.27426e-07 
4.51e-08 6.27944e-07 
4.52e-08 6.28462e-07 
4.53e-08 6.28979e-07 
4.54e-08 6.29496e-07 
4.55e-08 6.30012e-07 
4.56e-08 6.30528e-07 
4.57e-08 6.31044e-07 
4.58e-08 6.31559e-07 
4.59e-08 6.32074e-07 
4.6e-08 6.32589e-07 
4.61e-08 6.33103e-07 
4.62e-08 6.33617e-07 
4.63e-08 6.3413e-07 
4.64e-08 6.34643e-07 
4.65e-08 6.35156e-07 
4.66e-08 6.35669e-07 
4.67e-08 6.36181e-07 
4.68e-08 6.36693e-07 
4.69e-08 6.37204e-07 
4.7e-08 6.37715e-07 
4.71e-08 6.38226e-07 
4.72e-08 6.38736e-07 
4.73e-08 6.39246e-07 
4.74e-08 6.39755e-07 
4.75e-08 6.40265e-07 
4.76e-08 6.40774e-07 
4.77e-08 6.41282e-07 
4.78e-08 6.4179e-07 
4.79e-08 6.42298e-07 
4.8e-08 6.42806e-07 
4.81e-08 6.43313e-07 
4.82e-08 6.43819e-07 
4.83e-08 6.44326e-07 
4.84e-08 6.44832e-07 
4.85e-08 6.45338e-07 
4.86e-08 6.45843e-07 
4.87e-08 6.46348e-07 
4.88e-08 6.46852e-07 
4.89e-08 6.47357e-07 
4.9e-08 6.47861e-07 
4.91e-08 6.48364e-07 
4.92e-08 6.48867e-07 
4.93e-08 6.4937e-07 
4.94e-08 6.49873e-07 
4.95e-08 6.50375e-07 
4.96e-08 6.50877e-07 
4.97e-08 6.51378e-07 
4.98e-08 6.51879e-07 
4.99e-08 6.5238e-07 
5e-08 6.52881e-07 
