0 0 
2e-11 -3.5e-17 
4e-11 -3.06e-17 
6e-11 5.19e-17 
8e-11 1.2135e-16 
1e-10 1.7415e-16 
1.2e-10 2.2695e-16 
1.4e-10 2.8125e-16 
1.6e-10 3.369e-16 
1.8e-10 3.895e-16 
2e-10 4.416e-16 
2.2e-10 4.952e-16 
2.4e-10 5.3075e-16 
2.6e-10 5.4885e-16 
2.8e-10 5.675e-16 
3e-10 5.848e-16 
3.2e-10 6.012e-16 
3.4e-10 6.192e-16 
3.6e-10 6.368e-16 
3.8e-10 6.5315e-16 
4e-10 6.695e-16 
4.2e-10 6.864e-16 
4.4e-10 7.0535e-16 
4.6e-10 7.262e-16 
4.8e-10 7.65e-16 
5e-10 8.183e-16 
5.2e-10 8.7235e-16 
5.4e-10 9.2955e-16 
5.6e-10 9.83e-16 
5.8e-10 1.03715e-15 
6e-10 1.09435e-15 
6.2e-10 1.1509e-15 
6.4e-10 1.20645e-15 
6.6e-10 1.2606e-15 
6.8e-10 1.31705e-15 
7e-10 1.3759e-15 
7.2e-10 1.43245e-15 
7.4e-10 1.48675e-15 
7.6e-10 1.54305e-15 
7.8e-10 1.6012e-15 
8e-10 1.6581e-15 
8.2e-10 1.7146e-15 
8.4e-10 1.77025e-15 
8.6e-10 1.8261e-15 
8.8e-10 1.8811e-15 
9e-10 1.93535e-15 
9.2e-10 1.9924e-15 
9.4e-10 2.0491e-15 
9.6e-10 2.1038e-15 
9.8e-10 2.1592e-15 
1e-09 2.1795e-15 
1.02e-09 2.20925e-15 
1.04e-09 2.2745e-15 
1.06e-09 2.33065e-15 
1.08e-09 2.38475e-15 
1.1e-09 2.4368e-15 
1.12e-09 2.4905e-15 
1.14e-09 2.5443e-15 
1.16e-09 2.5984e-15 
1.18e-09 2.6542e-15 
1.2e-09 2.7095e-15 
1.22e-09 2.7633e-15 
1.24e-09 2.817e-15 
1.26e-09 2.87175e-15 
1.28e-09 2.92565e-15 
1.3e-09 2.9783e-15 
1.32e-09 3.03275e-15 
1.34e-09 3.08935e-15 
1.36e-09 3.1459e-15 
1.38e-09 3.20225e-15 
1.4e-09 3.25745e-15 
1.42e-09 3.3105e-15 
1.44e-09 3.3645e-15 
1.46e-09 3.41975e-15 
1.48e-09 3.47375e-15 
1.5e-09 3.5622e-15 
1.52e-09 3.61645e-15 
1.54e-09 3.63655e-15 
1.56e-09 3.69285e-15 
1.58e-09 3.74955e-15 
1.6e-09 3.80415e-15 
1.62e-09 3.85625e-15 
1.64e-09 3.90975e-15 
1.66e-09 3.965e-15 
1.68e-09 4.0192e-15 
1.7e-09 4.07275e-15 
1.72e-09 4.12705e-15 
1.74e-09 4.1838e-15 
1.76e-09 4.2412e-15 
1.78e-09 4.29825e-15 
1.8e-09 4.3555e-15 
1.82e-09 4.4124e-15 
1.84e-09 4.468e-15 
1.86e-09 4.52245e-15 
1.88e-09 4.57465e-15 
1.9e-09 4.62745e-15 
1.92e-09 4.68325e-15 
1.94e-09 4.7382e-15 
1.96e-09 4.7931e-15 
1.98e-09 4.84775e-15 
2e-09 3.16468e-08 
2.02e-09 1.36987e-07 
2.04e-09 2.72702e-07 
2.06e-09 3.86664e-07 
2.08e-09 4.8248e-07 
2.1e-09 5.63978e-07 
2.12e-09 6.34359e-07 
2.14e-09 6.96062e-07 
2.16e-09 7.50893e-07 
2.18e-09 8.00155e-07 
2.2e-09 8.44814e-07 
2.22e-09 8.85583e-07 
2.24e-09 9.23005e-07 
2.26e-09 9.57498e-07 
2.28e-09 9.89393e-07 
2.3e-09 1.01896e-06 
2.32e-09 1.04643e-06 
2.34e-09 1.072e-06 
2.36e-09 1.09582e-06 
2.38e-09 1.11805e-06 
2.4e-09 1.13882e-06 
2.42e-09 1.15824e-06 
2.44e-09 1.17642e-06 
2.46e-09 1.19346e-06 
2.48e-09 1.20944e-06 
2.5e-09 1.22444e-06 
2.52e-09 1.23854e-06 
2.54e-09 1.2518e-06 
2.56e-09 1.26429e-06 
2.58e-09 1.27607e-06 
2.6e-09 1.28717e-06 
2.62e-09 1.29767e-06 
2.64e-09 1.30759e-06 
2.66e-09 1.31699e-06 
2.68e-09 1.3259e-06 
2.7e-09 1.33435e-06 
2.72e-09 1.34238e-06 
2.74e-09 1.35002e-06 
2.76e-09 1.35729e-06 
2.78e-09 1.36422e-06 
2.8e-09 1.37084e-06 
2.82e-09 1.37717e-06 
2.84e-09 1.38322e-06 
2.86e-09 1.38901e-06 
2.88e-09 1.39456e-06 
2.9e-09 1.39989e-06 
2.92e-09 1.40501e-06 
2.94e-09 1.40993e-06 
2.96e-09 1.41466e-06 
2.98e-09 1.41922e-06 
3e-09 1.42362e-06 
3.02e-09 1.42787e-06 
3.04e-09 1.43197e-06 
3.06e-09 1.43593e-06 
3.08e-09 1.43977e-06 
3.1e-09 1.44348e-06 
3.12e-09 1.44707e-06 
3.14e-09 1.45056e-06 
3.16e-09 1.45395e-06 
3.18e-09 1.45724e-06 
3.2e-09 1.46043e-06 
3.22e-09 1.46354e-06 
3.24e-09 1.46656e-06 
3.26e-09 1.4695e-06 
3.28e-09 1.47237e-06 
3.3e-09 1.47517e-06 
3.32e-09 1.47789e-06 
3.34e-09 1.48056e-06 
3.36e-09 1.48316e-06 
3.38e-09 1.4857e-06 
3.4e-09 1.48818e-06 
3.42e-09 1.49061e-06 
3.44e-09 1.49299e-06 
3.46e-09 1.49531e-06 
3.48e-09 1.49759e-06 
3.5e-09 1.49983e-06 
3.52e-09 1.50202e-06 
3.54e-09 1.50417e-06 
3.56e-09 1.50628e-06 
3.58e-09 1.50835e-06 
3.6e-09 1.51038e-06 
3.62e-09 1.51238e-06 
3.64e-09 1.51434e-06 
3.66e-09 1.51627e-06 
3.68e-09 1.51817e-06 
3.7e-09 1.52004e-06 
3.72e-09 1.52188e-06 
3.74e-09 1.52369e-06 
3.76e-09 1.52548e-06 
3.78e-09 1.52723e-06 
3.8e-09 1.52896e-06 
3.82e-09 1.53067e-06 
3.84e-09 1.53236e-06 
3.86e-09 1.53402e-06 
3.88e-09 1.53565e-06 
3.9e-09 1.53727e-06 
3.92e-09 1.53887e-06 
3.94e-09 1.54044e-06 
3.96e-09 1.542e-06 
3.98e-09 1.54354e-06 
4e-09 1.54506e-06 
4.02e-09 1.54656e-06 
4.04e-09 1.54805e-06 
4.06e-09 1.54951e-06 
4.08e-09 1.55097e-06 
4.1e-09 1.5524e-06 
4.12e-09 1.55382e-06 
4.14e-09 1.55523e-06 
4.16e-09 1.55662e-06 
4.18e-09 1.558e-06 
4.2e-09 1.55936e-06 
4.22e-09 1.56071e-06 
4.24e-09 1.56205e-06 
4.26e-09 1.56337e-06 
4.28e-09 1.56469e-06 
4.3e-09 1.56599e-06 
4.32e-09 1.56727e-06 
4.34e-09 1.56855e-06 
4.36e-09 1.56982e-06 
4.38e-09 1.57107e-06 
4.4e-09 1.57232e-06 
4.42e-09 1.57355e-06 
4.44e-09 1.57478e-06 
4.46e-09 1.57599e-06 
4.48e-09 1.57719e-06 
4.5e-09 1.57839e-06 
4.52e-09 1.57957e-06 
4.54e-09 1.58075e-06 
4.56e-09 1.58192e-06 
4.58e-09 1.58308e-06 
4.6e-09 1.58423e-06 
4.62e-09 1.58537e-06 
4.64e-09 1.58651e-06 
4.66e-09 1.58763e-06 
4.68e-09 1.58875e-06 
4.7e-09 1.58986e-06 
4.72e-09 1.59096e-06 
4.74e-09 1.59206e-06 
4.76e-09 1.59315e-06 
4.78e-09 1.59423e-06 
4.8e-09 1.59531e-06 
4.82e-09 1.59637e-06 
4.84e-09 1.59743e-06 
4.86e-09 1.59849e-06 
4.88e-09 1.59954e-06 
4.9e-09 1.60058e-06 
4.92e-09 1.60161e-06 
4.94e-09 1.60264e-06 
4.96e-09 1.60367e-06 
4.98e-09 1.60469e-06 
5e-09 1.6057e-06 
5.02e-09 1.6067e-06 
5.04e-09 1.6077e-06 
5.06e-09 1.6087e-06 
5.08e-09 1.60969e-06 
5.1e-09 1.61067e-06 
5.12e-09 1.61165e-06 
5.14e-09 1.61263e-06 
5.16e-09 1.6136e-06 
5.18e-09 1.61456e-06 
5.2e-09 1.61552e-06 
5.22e-09 1.61647e-06 
5.24e-09 1.61742e-06 
5.26e-09 1.61837e-06 
5.28e-09 1.61931e-06 
5.3e-09 1.62024e-06 
5.32e-09 1.62117e-06 
5.34e-09 1.6221e-06 
5.36e-09 1.62302e-06 
5.38e-09 1.62394e-06 
5.4e-09 1.62485e-06 
5.42e-09 1.62576e-06 
5.44e-09 1.62667e-06 
5.46e-09 1.62757e-06 
5.48e-09 1.62847e-06 
5.5e-09 1.62936e-06 
5.52e-09 1.63025e-06 
5.54e-09 1.63114e-06 
5.56e-09 1.63202e-06 
5.58e-09 1.6329e-06 
5.6e-09 1.63377e-06 
5.62e-09 1.63464e-06 
5.64e-09 1.63551e-06 
5.66e-09 1.63638e-06 
5.68e-09 1.63724e-06 
5.7e-09 1.63809e-06 
5.72e-09 1.63895e-06 
5.74e-09 1.6398e-06 
5.76e-09 1.64064e-06 
5.78e-09 1.64149e-06 
5.8e-09 1.64233e-06 
5.82e-09 1.64316e-06 
5.84e-09 1.644e-06 
5.86e-09 1.64483e-06 
5.88e-09 1.64566e-06 
5.9e-09 1.64648e-06 
5.92e-09 1.6473e-06 
5.94e-09 1.64812e-06 
5.96e-09 1.64894e-06 
5.98e-09 1.64975e-06 
6e-09 1.65056e-06 
6.02e-09 1.65137e-06 
6.04e-09 1.65217e-06 
6.06e-09 1.65297e-06 
6.08e-09 1.65377e-06 
6.1e-09 1.65457e-06 
6.12e-09 1.65536e-06 
6.14e-09 1.65615e-06 
6.16e-09 1.65694e-06 
6.18e-09 1.65773e-06 
6.2e-09 1.65851e-06 
6.22e-09 1.65929e-06 
6.24e-09 1.66007e-06 
6.26e-09 1.66085e-06 
6.28e-09 1.66162e-06 
6.3e-09 1.66239e-06 
6.32e-09 1.66316e-06 
6.34e-09 1.66392e-06 
6.36e-09 1.66469e-06 
6.38e-09 1.66545e-06 
6.4e-09 1.66621e-06 
6.42e-09 1.66696e-06 
6.44e-09 1.66772e-06 
6.46e-09 1.66847e-06 
6.48e-09 1.66922e-06 
6.5e-09 1.66997e-06 
6.52e-09 1.67071e-06 
6.54e-09 1.67146e-06 
6.56e-09 1.6722e-06 
6.58e-09 1.67294e-06 
6.6e-09 1.67368e-06 
6.62e-09 1.67441e-06 
6.64e-09 1.67514e-06 
6.66e-09 1.67588e-06 
6.68e-09 1.6766e-06 
6.7e-09 1.67733e-06 
6.72e-09 1.67806e-06 
6.74e-09 1.67878e-06 
6.76e-09 1.6795e-06 
6.78e-09 1.68022e-06 
6.8e-09 1.68094e-06 
6.82e-09 1.68165e-06 
6.84e-09 1.68237e-06 
6.86e-09 1.68308e-06 
6.88e-09 1.68379e-06 
6.9e-09 1.6845e-06 
6.92e-09 1.6852e-06 
6.94e-09 1.68591e-06 
6.96e-09 1.68661e-06 
6.98e-09 1.68731e-06 
7e-09 1.68801e-06 
7.02e-09 1.68871e-06 
7.04e-09 1.6894e-06 
7.06e-09 1.6901e-06 
7.08e-09 1.69079e-06 
7.1e-09 1.69148e-06 
7.12e-09 1.69217e-06 
7.14e-09 1.69286e-06 
7.16e-09 1.69354e-06 
7.18e-09 1.69423e-06 
7.2e-09 1.69491e-06 
7.22e-09 1.69559e-06 
7.24e-09 1.69627e-06 
7.26e-09 1.69695e-06 
7.28e-09 1.69763e-06 
7.3e-09 1.6983e-06 
7.32e-09 1.69898e-06 
7.34e-09 1.69965e-06 
7.36e-09 1.70032e-06 
7.38e-09 1.70099e-06 
7.4e-09 1.70166e-06 
7.42e-09 1.70232e-06 
7.44e-09 1.70299e-06 
7.46e-09 1.70365e-06 
7.48e-09 1.70431e-06 
7.5e-09 1.70497e-06 
7.52e-09 1.70563e-06 
7.54e-09 1.70629e-06 
7.56e-09 1.70695e-06 
7.58e-09 1.7076e-06 
7.6e-09 1.70826e-06 
7.62e-09 1.70891e-06 
7.64e-09 1.70956e-06 
7.66e-09 1.71021e-06 
7.68e-09 1.71086e-06 
7.7e-09 1.7115e-06 
7.72e-09 1.71215e-06 
7.74e-09 1.71279e-06 
7.76e-09 1.71344e-06 
7.78e-09 1.71408e-06 
7.8e-09 1.71472e-06 
7.82e-09 1.71536e-06 
7.84e-09 1.716e-06 
7.86e-09 1.71664e-06 
7.88e-09 1.71727e-06 
7.9e-09 1.71791e-06 
7.92e-09 1.71854e-06 
7.94e-09 1.71917e-06 
7.96e-09 1.7198e-06 
7.98e-09 1.72043e-06 
8e-09 1.72106e-06 
8.02e-09 1.72169e-06 
8.04e-09 1.72232e-06 
8.06e-09 1.72294e-06 
8.08e-09 1.72357e-06 
8.1e-09 1.72419e-06 
8.12e-09 1.72481e-06 
8.14e-09 1.72543e-06 
8.16e-09 1.72605e-06 
8.18e-09 1.72667e-06 
8.2e-09 1.72729e-06 
8.22e-09 1.7279e-06 
8.24e-09 1.72852e-06 
8.26e-09 1.72913e-06 
8.28e-09 1.72975e-06 
8.3e-09 1.73036e-06 
8.32e-09 1.73097e-06 
8.34e-09 1.73158e-06 
8.36e-09 1.73219e-06 
8.38e-09 1.7328e-06 
8.4e-09 1.73341e-06 
8.42e-09 1.73401e-06 
8.44e-09 1.73462e-06 
8.46e-09 1.73522e-06 
8.48e-09 1.73582e-06 
8.5e-09 1.73643e-06 
8.52e-09 1.73703e-06 
8.54e-09 1.73763e-06 
8.56e-09 1.73823e-06 
8.58e-09 1.73883e-06 
8.6e-09 1.73942e-06 
8.62e-09 1.74002e-06 
8.64e-09 1.74062e-06 
8.66e-09 1.74121e-06 
8.68e-09 1.7418e-06 
8.7e-09 1.7424e-06 
8.72e-09 1.74299e-06 
8.74e-09 1.74358e-06 
8.76e-09 1.74417e-06 
8.78e-09 1.74476e-06 
8.8e-09 1.74535e-06 
8.82e-09 1.74594e-06 
8.84e-09 1.74652e-06 
8.86e-09 1.74711e-06 
8.88e-09 1.74769e-06 
8.9e-09 1.74828e-06 
8.92e-09 1.74886e-06 
8.94e-09 1.74944e-06 
8.96e-09 1.75002e-06 
8.98e-09 1.7506e-06 
9e-09 1.75118e-06 
9.02e-09 1.75176e-06 
9.04e-09 1.75234e-06 
9.06e-09 1.75292e-06 
9.08e-09 1.7535e-06 
9.1e-09 1.75407e-06 
9.12e-09 1.75465e-06 
9.14e-09 1.75522e-06 
9.16e-09 1.75579e-06 
9.18e-09 1.75637e-06 
9.2e-09 1.75694e-06 
9.22e-09 1.75751e-06 
9.24e-09 1.75808e-06 
9.26e-09 1.75865e-06 
9.28e-09 1.75922e-06 
9.3e-09 1.75979e-06 
9.32e-09 1.76035e-06 
9.34e-09 1.76092e-06 
9.36e-09 1.76149e-06 
9.38e-09 1.76205e-06 
9.4e-09 1.76261e-06 
9.42e-09 1.76318e-06 
9.44e-09 1.76374e-06 
9.46e-09 1.7643e-06 
9.48e-09 1.76486e-06 
9.5e-09 1.76543e-06 
9.52e-09 1.76599e-06 
9.54e-09 1.76654e-06 
9.56e-09 1.7671e-06 
9.58e-09 1.76766e-06 
9.6e-09 1.76822e-06 
9.62e-09 1.76877e-06 
9.64e-09 1.76933e-06 
9.66e-09 1.76989e-06 
9.68e-09 1.77044e-06 
9.7e-09 1.77099e-06 
9.72e-09 1.77155e-06 
9.74e-09 1.7721e-06 
9.76e-09 1.77265e-06 
9.78e-09 1.7732e-06 
9.8e-09 1.77375e-06 
9.82e-09 1.7743e-06 
9.84e-09 1.77485e-06 
9.86e-09 1.7754e-06 
9.88e-09 1.77595e-06 
9.9e-09 1.7765e-06 
9.92e-09 1.77704e-06 
9.94e-09 1.77759e-06 
9.96e-09 1.77813e-06 
9.98e-09 1.77868e-06 
1e-08 1.77922e-06 
