0 -7.63e-28 
2e-11 -7.49e-28 
4e-11 1.017e-27 
6e-11 2.622e-27 
8e-11 3.846e-27 
1e-10 5.057e-27 
1.2e-10 6.273e-27 
1.4e-10 7.505e-27 
1.6e-10 8.691e-27 
1.8e-10 9.854e-27 
2e-10 1.1092e-26 
2.2e-10 1.2001e-26 
2.4e-10 1.2552e-26 
2.6e-10 1.312e-26 
2.8e-10 1.368e-26 
3e-10 1.4221e-26 
3.2e-10 1.4733e-26 
3.4e-10 1.5287e-26 
3.6e-10 1.5834e-26 
3.8e-10 1.6375e-26 
4e-10 1.6931e-26 
4.2e-10 1.7476e-26 
4.4e-10 1.8035e-26 
4.6e-10 1.8903e-26 
4.8e-10 2.0071e-26 
5e-10 2.1298e-26 
5.2e-10 2.2532e-26 
5.4e-10 2.3703e-26 
5.6e-10 2.4918e-26 
5.8e-10 2.614e-26 
6e-10 2.7303e-26 
6.2e-10 2.8445e-26 
6.4e-10 2.9592e-26 
6.6e-10 3.0742e-26 
6.8e-10 3.1951e-26 
7e-10 3.3187e-26 
7.2e-10 3.4395e-26 
7.4e-10 3.5608e-26 
7.6e-10 3.6833e-26 
7.8e-10 3.8031e-26 
8e-10 3.9224e-26 
8.2e-10 4.0465e-26 
8.4e-10 4.1693e-26 
8.6e-10 4.2885e-26 
8.8e-10 4.4081e-26 
9e-10 4.5261e-26 
9.2e-10 4.6437e-26 
9.4e-10 4.7713e-26 
9.6e-10 4.9081e-26 
9.8e-10 4.9663e-26 
1e-09 5.0398e-26 
1.02e-09 5.1934e-26 
1.04e-09 5.3303e-26 
1.06e-09 5.4682e-26 
1.08e-09 5.6113e-26 
1.1e-09 5.7512e-26 
1.12e-09 5.8861e-26 
1.14e-09 6.0197e-26 
1.16e-09 6.1508e-26 
1.18e-09 6.2828e-26 
1.2e-09 6.4158e-26 
1.22e-09 6.5487e-26 
1.24e-09 6.6833e-26 
1.26e-09 6.8153e-26 
1.28e-09 6.9476e-26 
1.3e-09 7.0848e-26 
1.32e-09 7.2218e-26 
1.34e-09 7.3583e-26 
1.36e-09 7.4929e-26 
1.38e-09 7.6285e-26 
1.4e-09 7.7662e-26 
1.42e-09 7.9041e-26 
1.44e-09 8.0436e-26 
1.46e-09 8.1812e-26 
1.48e-09 8.3785e-26 
1.5e-09 8.4979e-26 
1.52e-09 8.5598e-26 
1.54e-09 8.7003e-26 
1.56e-09 8.8396e-26 
1.58e-09 8.9778e-26 
1.6e-09 9.1145e-26 
1.62e-09 9.2499e-26 
1.64e-09 9.383e-26 
1.66e-09 9.5172e-26 
1.68e-09 9.6506e-26 
1.7e-09 9.7817e-26 
1.72e-09 9.9139e-26 
1.74e-09 1.00479e-25 
1.76e-09 1.0184e-25 
1.78e-09 1.032e-25 
1.8e-09 1.04514e-25 
1.82e-09 1.05821e-25 
1.84e-09 1.07131e-25 
1.86e-09 1.08351e-25 
1.88e-09 1.09592e-25 
1.9e-09 1.10931e-25 
1.92e-09 1.12263e-25 
1.94e-09 1.13624e-25 
1.96e-09 1.15008e-25 
1.98e-09 3.10258e-19 
2e-09 1.45865e-18 
2.02e-09 3.08359e-18 
2.04e-09 4.6012e-18 
2.06e-09 6.0123e-18 
2.08e-09 7.3301e-18 
2.1e-09 8.56955e-18 
2.12e-09 9.74384e-18 
2.14e-09 1.08636e-17 
2.16e-09 1.19368e-17 
2.18e-09 1.29696e-17 
2.2e-09 1.39666e-17 
2.22e-09 1.49312e-17 
2.24e-09 1.58659e-17 
2.26e-09 1.67729e-17 
2.28e-09 1.76538e-17 
2.3e-09 1.85101e-17 
2.32e-09 1.93429e-17 
2.34e-09 2.01531e-17 
2.36e-09 2.09417e-17 
2.38e-09 2.17095e-17 
2.4e-09 2.24572e-17 
2.42e-09 2.31854e-17 
2.44e-09 2.38947e-17 
2.46e-09 2.45858e-17 
2.48e-09 2.52592e-17 
2.5e-09 2.59153e-17 
2.52e-09 2.65548e-17 
2.54e-09 2.71781e-17 
2.56e-09 2.77856e-17 
2.58e-09 2.83778e-17 
2.6e-09 2.89551e-17 
2.62e-09 2.95179e-17 
2.64e-09 3.00666e-17 
2.66e-09 3.06017e-17 
2.68e-09 3.11234e-17 
2.7e-09 3.16321e-17 
2.72e-09 3.21283e-17 
2.74e-09 3.26122e-17 
2.76e-09 3.30842e-17 
2.78e-09 3.35445e-17 
2.8e-09 3.39935e-17 
2.82e-09 3.44316e-17 
2.84e-09 3.48589e-17 
2.86e-09 3.52759e-17 
2.88e-09 3.56827e-17 
2.9e-09 3.60796e-17 
2.92e-09 3.6467e-17 
2.94e-09 3.6845e-17 
2.96e-09 3.72139e-17 
2.98e-09 3.7574e-17 
3e-09 3.79255e-17 
3.02e-09 3.82687e-17 
3.04e-09 3.86037e-17 
3.06e-09 3.89308e-17 
3.08e-09 3.92502e-17 
3.1e-09 3.95621e-17 
3.12e-09 3.98667e-17 
3.14e-09 4.01642e-17 
3.16e-09 4.04548e-17 
3.18e-09 4.07388e-17 
3.2e-09 4.10162e-17 
3.22e-09 4.12872e-17 
3.24e-09 4.15521e-17 
3.26e-09 4.1811e-17 
3.28e-09 4.20641e-17 
3.3e-09 4.23114e-17 
3.32e-09 4.25533e-17 
3.34e-09 4.27898e-17 
3.36e-09 4.30211e-17 
3.38e-09 4.32473e-17 
3.4e-09 4.34685e-17 
3.42e-09 4.3685e-17 
3.44e-09 4.38967e-17 
3.46e-09 4.4104e-17 
3.48e-09 4.43068e-17 
3.5e-09 4.45053e-17 
3.52e-09 4.46997e-17 
3.54e-09 4.489e-17 
3.56e-09 4.50763e-17 
3.58e-09 4.52588e-17 
3.6e-09 4.54375e-17 
3.62e-09 4.56127e-17 
3.64e-09 4.57842e-17 
3.66e-09 4.59524e-17 
3.68e-09 4.61171e-17 
3.7e-09 4.62787e-17 
3.72e-09 4.6437e-17 
3.74e-09 4.65923e-17 
3.76e-09 4.67446e-17 
3.78e-09 4.68939e-17 
3.8e-09 4.70405e-17 
3.82e-09 4.71842e-17 
3.84e-09 4.73253e-17 
3.86e-09 4.74637e-17 
3.88e-09 4.75996e-17 
3.9e-09 4.77331e-17 
3.92e-09 4.78641e-17 
3.94e-09 4.79928e-17 
3.96e-09 4.81192e-17 
3.98e-09 4.82433e-17 
4e-09 4.83653e-17 
4.02e-09 4.84852e-17 
4.04e-09 4.86031e-17 
4.06e-09 4.87189e-17 
4.08e-09 4.88328e-17 
4.1e-09 4.89448e-17 
4.12e-09 4.90549e-17 
4.14e-09 4.91633e-17 
4.16e-09 4.92699e-17 
4.18e-09 4.93748e-17 
4.2e-09 4.94781e-17 
4.22e-09 4.95797e-17 
4.24e-09 4.96797e-17 
4.26e-09 4.97783e-17 
4.28e-09 4.98753e-17 
4.3e-09 4.99708e-17 
4.32e-09 5.0065e-17 
4.34e-09 5.01577e-17 
4.36e-09 5.02491e-17 
4.38e-09 5.03392e-17 
4.4e-09 5.0428e-17 
4.42e-09 5.05156e-17 
4.44e-09 5.06019e-17 
4.46e-09 5.0687e-17 
4.48e-09 5.0771e-17 
4.5e-09 5.08539e-17 
4.52e-09 5.09356e-17 
4.54e-09 5.10163e-17 
4.56e-09 5.10959e-17 
4.58e-09 5.11745e-17 
4.6e-09 5.12521e-17 
4.62e-09 5.13287e-17 
4.64e-09 5.14044e-17 
4.66e-09 5.14791e-17 
4.68e-09 5.15529e-17 
4.7e-09 5.16258e-17 
4.72e-09 5.16979e-17 
4.74e-09 5.17691e-17 
4.76e-09 5.18395e-17 
4.78e-09 5.19091e-17 
4.8e-09 5.19779e-17 
4.82e-09 5.20459e-17 
4.84e-09 5.21132e-17 
4.86e-09 5.21798e-17 
4.88e-09 5.22456e-17 
4.9e-09 5.23107e-17 
4.92e-09 5.23752e-17 
4.94e-09 5.24389e-17 
4.96e-09 5.2502e-17 
4.98e-09 5.25645e-17 
5e-09 5.26263e-17 
5.02e-09 5.26876e-17 
5.04e-09 5.27482e-17 
5.06e-09 5.28082e-17 
5.08e-09 5.28677e-17 
5.1e-09 5.29266e-17 
5.12e-09 5.2985e-17 
5.14e-09 5.30428e-17 
5.16e-09 5.31001e-17 
5.18e-09 5.31568e-17 
5.2e-09 5.32131e-17 
5.22e-09 5.32689e-17 
5.24e-09 5.33241e-17 
5.26e-09 5.3379e-17 
5.28e-09 5.34333e-17 
5.3e-09 5.34872e-17 
5.32e-09 5.35406e-17 
5.34e-09 5.35936e-17 
5.36e-09 5.36462e-17 
5.38e-09 5.36984e-17 
5.4e-09 5.37501e-17 
5.42e-09 5.38015e-17 
5.44e-09 5.38524e-17 
5.46e-09 5.3903e-17 
5.48e-09 5.39531e-17 
5.5e-09 5.40029e-17 
5.52e-09 5.40524e-17 
5.54e-09 5.41014e-17 
5.56e-09 5.41501e-17 
5.58e-09 5.41985e-17 
5.6e-09 5.42465e-17 
5.62e-09 5.42942e-17 
5.64e-09 5.43416e-17 
5.66e-09 5.43887e-17 
5.68e-09 5.44354e-17 
5.7e-09 5.44818e-17 
5.72e-09 5.45279e-17 
5.74e-09 5.45737e-17 
5.76e-09 5.46193e-17 
5.78e-09 5.46645e-17 
5.8e-09 5.47094e-17 
5.82e-09 5.47541e-17 
5.84e-09 5.47985e-17 
5.86e-09 5.48426e-17 
5.88e-09 5.48865e-17 
5.9e-09 5.49301e-17 
5.92e-09 5.49734e-17 
5.94e-09 5.50165e-17 
5.96e-09 5.50593e-17 
5.98e-09 5.51019e-17 
6e-09 5.51442e-17 
6.02e-09 5.51863e-17 
6.04e-09 5.52282e-17 
6.06e-09 5.52699e-17 
6.08e-09 5.53113e-17 
6.1e-09 5.53525e-17 
6.12e-09 5.53934e-17 
6.14e-09 5.54342e-17 
6.16e-09 5.54748e-17 
6.18e-09 5.55151e-17 
6.2e-09 5.55552e-17 
6.22e-09 5.55951e-17 
6.24e-09 5.56349e-17 
6.26e-09 5.56744e-17 
6.28e-09 5.57137e-17 
6.3e-09 5.57529e-17 
6.32e-09 5.57918e-17 
6.34e-09 5.58306e-17 
6.36e-09 5.58692e-17 
6.38e-09 5.59076e-17 
6.4e-09 5.59458e-17 
6.42e-09 5.59838e-17 
6.44e-09 5.60217e-17 
6.46e-09 5.60594e-17 
6.48e-09 5.60969e-17 
6.5e-09 5.61343e-17 
6.52e-09 5.61714e-17 
6.54e-09 5.62085e-17 
6.56e-09 5.62453e-17 
6.58e-09 5.6282e-17 
6.6e-09 5.63186e-17 
6.62e-09 5.6355e-17 
6.64e-09 5.63912e-17 
6.66e-09 5.64273e-17 
6.68e-09 5.64633e-17 
6.7e-09 5.64991e-17 
6.72e-09 5.65347e-17 
6.74e-09 5.65702e-17 
6.76e-09 5.66056e-17 
6.78e-09 5.66408e-17 
6.8e-09 5.66759e-17 
6.82e-09 5.67108e-17 
6.84e-09 5.67456e-17 
6.86e-09 5.67803e-17 
6.88e-09 5.68148e-17 
6.9e-09 5.68492e-17 
6.92e-09 5.68835e-17 
6.94e-09 5.69177e-17 
6.96e-09 5.69517e-17 
6.98e-09 5.69856e-17 
7e-09 5.70194e-17 
7.02e-09 5.7053e-17 
7.04e-09 5.70865e-17 
7.06e-09 5.71199e-17 
7.08e-09 5.71532e-17 
7.1e-09 5.71864e-17 
7.12e-09 5.72195e-17 
7.14e-09 5.72524e-17 
7.16e-09 5.72852e-17 
7.18e-09 5.73179e-17 
7.2e-09 5.73505e-17 
7.22e-09 5.7383e-17 
7.24e-09 5.74154e-17 
7.26e-09 5.74477e-17 
7.28e-09 5.74799e-17 
7.3e-09 5.75119e-17 
7.32e-09 5.75439e-17 
7.34e-09 5.75757e-17 
7.36e-09 5.76075e-17 
7.38e-09 5.76391e-17 
7.4e-09 5.76706e-17 
7.42e-09 5.77021e-17 
7.44e-09 5.77334e-17 
7.46e-09 5.77647e-17 
7.48e-09 5.77958e-17 
7.5e-09 5.78268e-17 
7.52e-09 5.78578e-17 
7.54e-09 5.78887e-17 
7.56e-09 5.79194e-17 
7.58e-09 5.79501e-17 
7.6e-09 5.79807e-17 
7.62e-09 5.80111e-17 
7.64e-09 5.80415e-17 
7.66e-09 5.80718e-17 
7.68e-09 5.81021e-17 
7.7e-09 5.81322e-17 
7.72e-09 5.81622e-17 
7.74e-09 5.81922e-17 
7.76e-09 5.8222e-17 
7.78e-09 5.82518e-17 
7.8e-09 5.82815e-17 
7.82e-09 5.83111e-17 
7.84e-09 5.83406e-17 
7.86e-09 5.83701e-17 
7.88e-09 5.83994e-17 
7.9e-09 5.84287e-17 
7.92e-09 5.84579e-17 
7.94e-09 5.8487e-17 
7.96e-09 5.8516e-17 
7.98e-09 5.8545e-17 
8e-09 5.85739e-17 
8.02e-09 5.86027e-17 
8.04e-09 5.86314e-17 
8.06e-09 5.866e-17 
8.08e-09 5.86886e-17 
8.1e-09 5.87171e-17 
8.12e-09 5.87455e-17 
8.14e-09 5.87739e-17 
8.16e-09 5.88021e-17 
8.18e-09 5.88303e-17 
8.2e-09 5.88585e-17 
8.22e-09 5.88865e-17 
8.24e-09 5.89145e-17 
8.26e-09 5.89424e-17 
8.28e-09 5.89702e-17 
8.3e-09 5.8998e-17 
8.32e-09 5.90257e-17 
8.34e-09 5.90533e-17 
8.36e-09 5.90809e-17 
8.38e-09 5.91084e-17 
8.4e-09 5.91358e-17 
8.42e-09 5.91632e-17 
8.44e-09 5.91905e-17 
8.46e-09 5.92177e-17 
8.48e-09 5.92449e-17 
8.5e-09 5.9272e-17 
8.52e-09 5.9299e-17 
8.54e-09 5.93259e-17 
8.56e-09 5.93528e-17 
8.58e-09 5.93797e-17 
8.6e-09 5.94065e-17 
8.62e-09 5.94332e-17 
8.64e-09 5.94598e-17 
8.66e-09 5.94864e-17 
8.68e-09 5.95129e-17 
8.7e-09 5.95394e-17 
8.72e-09 5.95658e-17 
8.74e-09 5.95921e-17 
8.76e-09 5.96184e-17 
8.78e-09 5.96446e-17 
8.8e-09 5.96708e-17 
8.82e-09 5.96969e-17 
8.84e-09 5.97229e-17 
8.86e-09 5.97489e-17 
8.88e-09 5.97749e-17 
8.9e-09 5.98007e-17 
8.92e-09 5.98265e-17 
8.94e-09 5.98523e-17 
8.96e-09 5.9878e-17 
8.98e-09 5.99036e-17 
9e-09 5.99292e-17 
9.02e-09 5.99548e-17 
9.04e-09 5.99802e-17 
9.06e-09 6.00057e-17 
9.08e-09 6.0031e-17 
9.1e-09 6.00564e-17 
9.12e-09 6.00816e-17 
9.14e-09 6.01068e-17 
9.16e-09 6.0132e-17 
9.18e-09 6.01571e-17 
9.2e-09 6.01821e-17 
9.22e-09 6.02071e-17 
9.24e-09 6.02321e-17 
9.26e-09 6.0257e-17 
9.28e-09 6.02818e-17 
9.3e-09 6.03066e-17 
9.32e-09 6.03313e-17 
9.34e-09 6.0356e-17 
9.36e-09 6.03807e-17 
9.38e-09 6.04053e-17 
9.4e-09 6.04298e-17 
9.42e-09 6.04543e-17 
9.44e-09 6.04787e-17 
9.46e-09 6.05031e-17 
9.48e-09 6.05275e-17 
9.5e-09 6.05518e-17 
9.52e-09 6.0576e-17 
9.54e-09 6.06002e-17 
9.56e-09 6.06244e-17 
9.58e-09 6.06485e-17 
9.6e-09 6.06725e-17 
9.62e-09 6.06966e-17 
9.64e-09 6.07205e-17 
9.66e-09 6.07444e-17 
9.68e-09 6.07683e-17 
9.7e-09 6.07922e-17 
9.72e-09 6.08159e-17 
9.74e-09 6.08397e-17 
9.76e-09 6.08634e-17 
9.78e-09 6.0887e-17 
9.8e-09 6.09106e-17 
9.82e-09 6.09342e-17 
9.84e-09 6.09577e-17 
9.86e-09 6.09812e-17 
9.88e-09 6.10046e-17 
9.9e-09 6.1028e-17 
9.92e-09 6.10513e-17 
9.94e-09 6.10746e-17 
9.96e-09 6.10979e-17 
9.98e-09 6.11211e-17 
1e-08 6.11327e-17 
