0 0 
1e-10 2.13e-17 
2e-10 4.725e-17 
3e-10 4.915e-17 
4e-10 5.805e-17 
5e-10 7.295e-17 
6e-10 9.19e-17 
7e-10 1.191e-16 
8e-10 1.4255e-16 
9e-10 1.671e-16 
1e-09 1.8435e-16 
1.1e-09 2.0535e-16 
1.2e-09 2.259e-16 
1.3e-09 2.3415e-16 
1.4e-09 2.4235e-16 
1.5e-09 2.5055e-16 
1.6e-09 2.5915e-16 
1.7e-09 2.6765e-16 
1.8e-09 2.76e-16 
1.9e-09 2.8425e-16 
2e-09 4.7606e-08 
2.1e-09 1.43105e-07 
2.2e-09 2.17421e-07 
2.3e-09 2.612e-07 
2.4e-09 2.90543e-07 
2.5e-09 3.11015e-07 
2.6e-09 3.25639e-07 
2.7e-09 3.36351e-07 
2.8e-09 3.44431e-07 
2.9e-09 3.50726e-07 
3e-09 3.55793e-07 
3.1e-09 3.59991e-07 
3.2e-09 3.63557e-07 
3.3e-09 3.6665e-07 
3.4e-09 3.69384e-07 
3.5e-09 3.71836e-07 
3.6e-09 3.74067e-07 
3.7e-09 3.76119e-07 
3.8e-09 3.78024e-07 
3.9e-09 3.79809e-07 
4e-09 3.81493e-07 
4.1e-09 3.83091e-07 
4.2e-09 3.84616e-07 
4.3e-09 3.86077e-07 
4.4e-09 3.87483e-07 
4.5e-09 3.8884e-07 
4.6e-09 3.90154e-07 
4.7e-09 3.9143e-07 
4.8e-09 3.92671e-07 
4.9e-09 3.93881e-07 
5e-09 3.95063e-07 
5.1e-09 3.9622e-07 
5.2e-09 3.97354e-07 
5.3e-09 3.98466e-07 
5.4e-09 3.99559e-07 
5.5e-09 4.00633e-07 
5.6e-09 4.01691e-07 
5.7e-09 4.02733e-07 
5.8e-09 4.03761e-07 
5.9e-09 4.04775e-07 
6e-09 4.05777e-07 
6.1e-09 4.06767e-07 
6.2e-09 4.07746e-07 
6.3e-09 4.08715e-07 
6.4e-09 4.09674e-07 
6.5e-09 4.10623e-07 
6.6e-09 4.11564e-07 
6.7e-09 4.12497e-07 
6.8e-09 4.13422e-07 
6.9e-09 4.14339e-07 
7e-09 4.15249e-07 
7.1e-09 4.16153e-07 
7.2e-09 4.1705e-07 
7.3e-09 4.17942e-07 
7.4e-09 4.18827e-07 
7.5e-09 4.19707e-07 
7.6e-09 4.20581e-07 
7.7e-09 4.21451e-07 
7.8e-09 4.22315e-07 
7.9e-09 4.23175e-07 
8e-09 4.24031e-07 
8.1e-09 4.24882e-07 
8.2e-09 4.25729e-07 
8.3e-09 4.26572e-07 
8.4e-09 4.27411e-07 
8.5e-09 4.28247e-07 
8.6e-09 4.29079e-07 
8.7e-09 4.29907e-07 
8.8e-09 4.30732e-07 
8.9e-09 4.31554e-07 
9e-09 4.32373e-07 
9.1e-09 4.33189e-07 
9.2e-09 4.34002e-07 
9.3e-09 4.34812e-07 
9.4e-09 4.35619e-07 
9.5e-09 4.36424e-07 
9.6e-09 4.37226e-07 
9.7e-09 4.38025e-07 
9.8e-09 4.38822e-07 
9.9e-09 4.39617e-07 
1e-08 4.4041e-07 
1.01e-08 4.412e-07 
1.02e-08 4.41988e-07 
1.03e-08 4.42774e-07 
1.04e-08 4.43558e-07 
1.05e-08 4.4434e-07 
1.06e-08 4.4512e-07 
1.07e-08 4.45897e-07 
1.08e-08 4.46674e-07 
1.09e-08 4.47448e-07 
1.1e-08 4.4822e-07 
1.11e-08 4.48991e-07 
1.12e-08 4.4976e-07 
1.13e-08 4.50527e-07 
1.14e-08 4.51293e-07 
1.15e-08 4.52057e-07 
1.16e-08 4.52819e-07 
1.17e-08 4.5358e-07 
1.18e-08 4.54339e-07 
1.19e-08 4.55097e-07 
1.2e-08 4.55854e-07 
1.21e-08 4.56609e-07 
1.22e-08 4.57362e-07 
1.23e-08 4.58114e-07 
1.24e-08 4.58865e-07 
1.25e-08 4.59615e-07 
1.26e-08 4.60363e-07 
1.27e-08 4.6111e-07 
1.28e-08 4.61855e-07 
1.29e-08 4.626e-07 
1.3e-08 4.63343e-07 
1.31e-08 4.64085e-07 
1.32e-08 4.64826e-07 
1.33e-08 4.65565e-07 
1.34e-08 4.66303e-07 
1.35e-08 4.67041e-07 
1.36e-08 4.67777e-07 
1.37e-08 4.68512e-07 
1.38e-08 4.69246e-07 
1.39e-08 4.69978e-07 
1.4e-08 4.7071e-07 
1.41e-08 4.71441e-07 
1.42e-08 4.72171e-07 
1.43e-08 4.72899e-07 
1.44e-08 4.73627e-07 
1.45e-08 4.74353e-07 
1.46e-08 4.75079e-07 
1.47e-08 4.75803e-07 
1.48e-08 4.76527e-07 
1.49e-08 4.7725e-07 
1.5e-08 4.77971e-07 
1.51e-08 4.78692e-07 
1.52e-08 4.79412e-07 
1.53e-08 4.80131e-07 
1.54e-08 4.80849e-07 
1.55e-08 4.81566e-07 
1.56e-08 4.82282e-07 
1.57e-08 4.82997e-07 
1.58e-08 4.83711e-07 
1.59e-08 4.84425e-07 
1.6e-08 4.85137e-07 
1.61e-08 4.85849e-07 
1.62e-08 4.8656e-07 
1.63e-08 4.8727e-07 
1.64e-08 4.87979e-07 
1.65e-08 4.88687e-07 
1.66e-08 4.89395e-07 
1.67e-08 4.90101e-07 
1.68e-08 4.90807e-07 
1.69e-08 4.91512e-07 
1.7e-08 4.92216e-07 
1.71e-08 4.9292e-07 
1.72e-08 4.93622e-07 
1.73e-08 4.94324e-07 
1.74e-08 4.95025e-07 
1.75e-08 4.95725e-07 
1.76e-08 4.96425e-07 
1.77e-08 4.97124e-07 
1.78e-08 4.97822e-07 
1.79e-08 4.98519e-07 
1.8e-08 4.99215e-07 
1.81e-08 4.99911e-07 
1.82e-08 5.00606e-07 
1.83e-08 5.013e-07 
1.84e-08 5.01993e-07 
1.85e-08 5.02686e-07 
1.86e-08 5.03378e-07 
1.87e-08 5.04069e-07 
1.88e-08 5.04759e-07 
1.89e-08 5.05449e-07 
1.9e-08 5.06138e-07 
1.91e-08 5.06826e-07 
1.92e-08 5.07513e-07 
1.93e-08 5.082e-07 
1.94e-08 5.08886e-07 
1.95e-08 5.09572e-07 
1.96e-08 5.10256e-07 
1.97e-08 5.1094e-07 
1.98e-08 5.11624e-07 
1.99e-08 5.12306e-07 
2e-08 5.12988e-07 
2.01e-08 5.13669e-07 
2.02e-08 5.1435e-07 
2.03e-08 5.15029e-07 
2.04e-08 5.15708e-07 
2.05e-08 5.16387e-07 
2.06e-08 5.17065e-07 
2.07e-08 5.17742e-07 
2.08e-08 5.18418e-07 
2.09e-08 5.19094e-07 
2.1e-08 5.19769e-07 
2.11e-08 5.20443e-07 
2.12e-08 5.21117e-07 
2.13e-08 5.2179e-07 
2.14e-08 5.22462e-07 
2.15e-08 5.23134e-07 
2.16e-08 5.23805e-07 
2.17e-08 5.24475e-07 
2.18e-08 5.25145e-07 
2.19e-08 5.25814e-07 
2.2e-08 5.26482e-07 
2.21e-08 5.2715e-07 
2.22e-08 5.27817e-07 
2.23e-08 5.28483e-07 
2.24e-08 5.29149e-07 
2.25e-08 5.29814e-07 
2.26e-08 5.30478e-07 
2.27e-08 5.31142e-07 
2.28e-08 5.31805e-07 
2.29e-08 5.32468e-07 
2.3e-08 5.3313e-07 
2.31e-08 5.33791e-07 
2.32e-08 5.34451e-07 
2.33e-08 5.35111e-07 
2.34e-08 5.35771e-07 
2.35e-08 5.36429e-07 
2.36e-08 5.37087e-07 
2.37e-08 5.37745e-07 
2.38e-08 5.38402e-07 
2.39e-08 5.39058e-07 
2.4e-08 5.39713e-07 
2.41e-08 5.40368e-07 
2.42e-08 5.41022e-07 
2.43e-08 5.41676e-07 
2.44e-08 5.42329e-07 
2.45e-08 5.42981e-07 
2.46e-08 5.43633e-07 
2.47e-08 5.44284e-07 
2.48e-08 5.44935e-07 
2.49e-08 5.45585e-07 
2.5e-08 5.46234e-07 
2.51e-08 5.46883e-07 
2.52e-08 5.47531e-07 
2.53e-08 5.48178e-07 
2.54e-08 5.48825e-07 
2.55e-08 5.49471e-07 
2.56e-08 5.50117e-07 
2.57e-08 5.50762e-07 
2.58e-08 5.51406e-07 
2.59e-08 5.5205e-07 
2.6e-08 5.52693e-07 
2.61e-08 5.53336e-07 
2.62e-08 5.53978e-07 
2.63e-08 5.54619e-07 
2.64e-08 5.5526e-07 
2.65e-08 5.559e-07 
2.66e-08 5.5654e-07 
2.67e-08 5.57178e-07 
2.68e-08 5.57817e-07 
2.69e-08 5.58455e-07 
2.7e-08 5.59092e-07 
2.71e-08 5.59728e-07 
2.72e-08 5.60364e-07 
2.73e-08 5.61e-07 
2.74e-08 5.61634e-07 
2.75e-08 5.62268e-07 
2.76e-08 5.62902e-07 
2.77e-08 5.63535e-07 
2.78e-08 5.64167e-07 
2.79e-08 5.64799e-07 
2.8e-08 5.6543e-07 
2.81e-08 5.66061e-07 
2.82e-08 5.66691e-07 
2.83e-08 5.6732e-07 
2.84e-08 5.67949e-07 
2.85e-08 5.68578e-07 
2.86e-08 5.69205e-07 
2.87e-08 5.69832e-07 
2.88e-08 5.70459e-07 
2.89e-08 5.71085e-07 
2.9e-08 5.7171e-07 
2.91e-08 5.72335e-07 
2.92e-08 5.72959e-07 
2.93e-08 5.73583e-07 
2.94e-08 5.74206e-07 
2.95e-08 5.74828e-07 
2.96e-08 5.7545e-07 
2.97e-08 5.76071e-07 
2.98e-08 5.76692e-07 
2.99e-08 5.77312e-07 
3e-08 5.77932e-07 
3.01e-08 5.78551e-07 
3.02e-08 5.79169e-07 
3.03e-08 5.79787e-07 
3.04e-08 5.80404e-07 
3.05e-08 5.81021e-07 
3.06e-08 5.81637e-07 
3.07e-08 5.82253e-07 
3.08e-08 5.82868e-07 
3.09e-08 5.83482e-07 
3.1e-08 5.84096e-07 
3.11e-08 5.8471e-07 
3.12e-08 5.85322e-07 
3.13e-08 5.85935e-07 
3.14e-08 5.86546e-07 
3.15e-08 5.87157e-07 
3.16e-08 5.87768e-07 
3.17e-08 5.88378e-07 
3.18e-08 5.88987e-07 
3.19e-08 5.89596e-07 
3.2e-08 5.90204e-07 
3.21e-08 5.90812e-07 
3.22e-08 5.91419e-07 
3.23e-08 5.92026e-07 
3.24e-08 5.92632e-07 
3.25e-08 5.93237e-07 
3.26e-08 5.93842e-07 
3.27e-08 5.94446e-07 
3.28e-08 5.9505e-07 
3.29e-08 5.95654e-07 
3.3e-08 5.96256e-07 
3.31e-08 5.96858e-07 
3.32e-08 5.9746e-07 
3.33e-08 5.98061e-07 
3.34e-08 5.98662e-07 
3.35e-08 5.99262e-07 
3.36e-08 5.99861e-07 
3.37e-08 6.0046e-07 
3.38e-08 6.01058e-07 
3.39e-08 6.01656e-07 
3.4e-08 6.02253e-07 
3.41e-08 6.0285e-07 
3.42e-08 6.03446e-07 
3.43e-08 6.04042e-07 
3.44e-08 6.04637e-07 
3.45e-08 6.05232e-07 
3.46e-08 6.05826e-07 
3.47e-08 6.06419e-07 
3.48e-08 6.07012e-07 
3.49e-08 6.07604e-07 
3.5e-08 6.08196e-07 
3.51e-08 6.08788e-07 
3.52e-08 6.09378e-07 
3.53e-08 6.09969e-07 
3.54e-08 6.10558e-07 
3.55e-08 6.11148e-07 
3.56e-08 6.11736e-07 
3.57e-08 6.12324e-07 
3.58e-08 6.12912e-07 
3.59e-08 6.13499e-07 
3.6e-08 6.14086e-07 
3.61e-08 6.14672e-07 
3.62e-08 6.15257e-07 
3.63e-08 6.15842e-07 
3.64e-08 6.16426e-07 
3.65e-08 6.1701e-07 
3.66e-08 6.17594e-07 
3.67e-08 6.18177e-07 
3.68e-08 6.18759e-07 
3.69e-08 6.19341e-07 
3.7e-08 6.19922e-07 
3.71e-08 6.20503e-07 
3.72e-08 6.21083e-07 
3.73e-08 6.21663e-07 
3.74e-08 6.22242e-07 
3.75e-08 6.22821e-07 
3.76e-08 6.23399e-07 
3.77e-08 6.23977e-07 
3.78e-08 6.24554e-07 
3.79e-08 6.2513e-07 
3.8e-08 6.25707e-07 
3.81e-08 6.26282e-07 
3.82e-08 6.26857e-07 
3.83e-08 6.27432e-07 
3.84e-08 6.28006e-07 
3.85e-08 6.2858e-07 
3.86e-08 6.29153e-07 
3.87e-08 6.29725e-07 
3.88e-08 6.30297e-07 
3.89e-08 6.30869e-07 
3.9e-08 6.3144e-07 
3.91e-08 6.3201e-07 
3.92e-08 6.3258e-07 
3.93e-08 6.3315e-07 
3.94e-08 6.33719e-07 
3.95e-08 6.34287e-07 
3.96e-08 6.34855e-07 
3.97e-08 6.35423e-07 
3.98e-08 6.3599e-07 
3.99e-08 6.36556e-07 
4e-08 6.37122e-07 
4.01e-08 6.37688e-07 
4.02e-08 6.38253e-07 
4.03e-08 6.38817e-07 
4.04e-08 6.39381e-07 
4.05e-08 6.39945e-07 
4.06e-08 6.40508e-07 
4.07e-08 6.41071e-07 
4.08e-08 6.41633e-07 
4.09e-08 6.42194e-07 
4.1e-08 6.42755e-07 
4.11e-08 6.43316e-07 
4.12e-08 6.43876e-07 
4.13e-08 6.44435e-07 
4.14e-08 6.44995e-07 
4.15e-08 6.45553e-07 
4.16e-08 6.46111e-07 
4.17e-08 6.46669e-07 
4.18e-08 6.47226e-07 
4.19e-08 6.47783e-07 
4.2e-08 6.48339e-07 
4.21e-08 6.48895e-07 
4.22e-08 6.4945e-07 
4.23e-08 6.50005e-07 
4.24e-08 6.50559e-07 
4.25e-08 6.51113e-07 
4.26e-08 6.51666e-07 
4.27e-08 6.52219e-07 
4.28e-08 6.52771e-07 
4.29e-08 6.53323e-07 
4.3e-08 6.53874e-07 
4.31e-08 6.54425e-07 
4.32e-08 6.54976e-07 
4.33e-08 6.55526e-07 
4.34e-08 6.56075e-07 
4.35e-08 6.56624e-07 
4.36e-08 6.57173e-07 
4.37e-08 6.57721e-07 
4.38e-08 6.58268e-07 
4.39e-08 6.58815e-07 
4.4e-08 6.59362e-07 
4.41e-08 6.59908e-07 
4.42e-08 6.60454e-07 
4.43e-08 6.60999e-07 
4.44e-08 6.61544e-07 
4.45e-08 6.62088e-07 
4.46e-08 6.62632e-07 
4.47e-08 6.63176e-07 
4.48e-08 6.63718e-07 
4.49e-08 6.64261e-07 
4.5e-08 6.64803e-07 
4.51e-08 6.65344e-07 
4.52e-08 6.65886e-07 
4.53e-08 6.66426e-07 
4.54e-08 6.66966e-07 
4.55e-08 6.67506e-07 
4.56e-08 6.68045e-07 
4.57e-08 6.68584e-07 
4.58e-08 6.69122e-07 
4.59e-08 6.6966e-07 
4.6e-08 6.70198e-07 
4.61e-08 6.70735e-07 
4.62e-08 6.71271e-07 
4.63e-08 6.71807e-07 
4.64e-08 6.72343e-07 
4.65e-08 6.72878e-07 
4.66e-08 6.73412e-07 
4.67e-08 6.73947e-07 
4.68e-08 6.74481e-07 
4.69e-08 6.75014e-07 
4.7e-08 6.75547e-07 
4.71e-08 6.76079e-07 
4.72e-08 6.76611e-07 
4.73e-08 6.77143e-07 
4.74e-08 6.77674e-07 
4.75e-08 6.78204e-07 
4.76e-08 6.78735e-07 
4.77e-08 6.79264e-07 
4.78e-08 6.79794e-07 
4.79e-08 6.80323e-07 
4.8e-08 6.80851e-07 
4.81e-08 6.81379e-07 
4.82e-08 6.81907e-07 
4.83e-08 6.82434e-07 
4.84e-08 6.8296e-07 
4.85e-08 6.83487e-07 
4.86e-08 6.84013e-07 
4.87e-08 6.84538e-07 
4.88e-08 6.85063e-07 
4.89e-08 6.85587e-07 
4.9e-08 6.86111e-07 
4.91e-08 6.86635e-07 
4.92e-08 6.87158e-07 
4.93e-08 6.87681e-07 
4.94e-08 6.88203e-07 
4.95e-08 6.88725e-07 
4.96e-08 6.89247e-07 
4.97e-08 6.89768e-07 
4.98e-08 6.90288e-07 
4.99e-08 6.90808e-07 
5e-08 6.91328e-07 
