0 0 
1e-10 -1.025e-17 
2e-10 -1.67e-17 
3e-10 -1.54e-17 
4e-10 -7.65e-18 
5e-10 5.95e-18 
6e-10 2.4e-17 
7e-10 4.935e-17 
8e-10 7.025e-17 
9e-10 9.09e-17 
1e-09 1.061e-16 
1.1e-09 1.2545e-16 
1.2e-09 1.4365e-16 
1.3e-09 1.507e-16 
1.4e-09 1.572e-16 
1.5e-09 1.6405e-16 
1.6e-09 1.7125e-16 
1.7e-09 1.79e-16 
1.8e-09 1.869e-16 
1.9e-09 1.943e-16 
2e-09 4.2982e-08 
2.1e-09 1.30465e-07 
2.2e-09 1.99568e-07 
2.3e-09 2.40386e-07 
2.4e-09 2.67861e-07 
2.5e-09 2.87128e-07 
2.6e-09 3.00974e-07 
2.7e-09 3.11181e-07 
2.8e-09 3.18931e-07 
2.9e-09 3.25006e-07 
3e-09 3.29916e-07 
3.1e-09 3.33994e-07 
3.2e-09 3.37462e-07 
3.3e-09 3.40469e-07 
3.4e-09 3.43122e-07 
3.5e-09 3.45496e-07 
3.6e-09 3.47647e-07 
3.7e-09 3.49619e-07 
3.8e-09 3.51443e-07 
3.9e-09 3.53144e-07 
4e-09 3.54741e-07 
4.1e-09 3.56251e-07 
4.2e-09 3.57685e-07 
4.3e-09 3.59054e-07 
4.4e-09 3.60365e-07 
4.5e-09 3.61626e-07 
4.6e-09 3.62842e-07 
4.7e-09 3.64018e-07 
4.8e-09 3.65159e-07 
4.9e-09 3.66267e-07 
5e-09 3.67345e-07 
5.1e-09 3.68396e-07 
5.2e-09 3.69423e-07 
5.3e-09 3.70428e-07 
5.4e-09 3.71411e-07 
5.5e-09 3.72375e-07 
5.6e-09 3.73322e-07 
5.7e-09 3.74251e-07 
5.8e-09 3.75166e-07 
5.9e-09 3.76065e-07 
6e-09 3.76952e-07 
6.1e-09 3.77825e-07 
6.2e-09 3.78687e-07 
6.3e-09 3.79537e-07 
6.4e-09 3.80376e-07 
6.5e-09 3.81206e-07 
6.6e-09 3.82026e-07 
6.7e-09 3.82837e-07 
6.8e-09 3.83639e-07 
6.9e-09 3.84433e-07 
7e-09 3.8522e-07 
7.1e-09 3.85999e-07 
7.2e-09 3.86771e-07 
7.3e-09 3.87536e-07 
7.4e-09 3.88295e-07 
7.5e-09 3.89048e-07 
7.6e-09 3.89795e-07 
7.7e-09 3.90536e-07 
7.8e-09 3.91272e-07 
7.9e-09 3.92002e-07 
8e-09 3.92728e-07 
8.1e-09 3.93449e-07 
8.2e-09 3.94166e-07 
8.3e-09 3.94878e-07 
8.4e-09 3.95585e-07 
8.5e-09 3.96289e-07 
8.6e-09 3.96989e-07 
8.7e-09 3.97685e-07 
8.8e-09 3.98377e-07 
8.9e-09 3.99065e-07 
9e-09 3.99751e-07 
9.1e-09 4.00433e-07 
9.2e-09 4.01112e-07 
9.3e-09 4.01787e-07 
9.4e-09 4.0246e-07 
9.5e-09 4.0313e-07 
9.6e-09 4.03797e-07 
9.7e-09 4.04461e-07 
9.8e-09 4.05123e-07 
9.9e-09 4.05782e-07 
1e-08 4.06439e-07 
1.01e-08 4.07093e-07 
1.02e-08 4.07745e-07 
1.03e-08 4.08395e-07 
1.04e-08 4.09042e-07 
1.05e-08 4.09688e-07 
1.06e-08 4.10331e-07 
1.07e-08 4.10972e-07 
1.08e-08 4.11612e-07 
1.09e-08 4.12249e-07 
1.1e-08 4.12885e-07 
1.11e-08 4.13519e-07 
1.12e-08 4.14151e-07 
1.13e-08 4.14781e-07 
1.14e-08 4.1541e-07 
1.15e-08 4.16037e-07 
1.16e-08 4.16663e-07 
1.17e-08 4.17287e-07 
1.18e-08 4.17909e-07 
1.19e-08 4.18531e-07 
1.2e-08 4.1915e-07 
1.21e-08 4.19769e-07 
1.22e-08 4.20386e-07 
1.23e-08 4.21001e-07 
1.24e-08 4.21616e-07 
1.25e-08 4.22229e-07 
1.26e-08 4.22841e-07 
1.27e-08 4.23451e-07 
1.28e-08 4.24061e-07 
1.29e-08 4.24669e-07 
1.3e-08 4.25277e-07 
1.31e-08 4.25883e-07 
1.32e-08 4.26488e-07 
1.33e-08 4.27092e-07 
1.34e-08 4.27695e-07 
1.35e-08 4.28298e-07 
1.36e-08 4.28899e-07 
1.37e-08 4.29499e-07 
1.38e-08 4.30098e-07 
1.39e-08 4.30697e-07 
1.4e-08 4.31294e-07 
1.41e-08 4.31891e-07 
1.42e-08 4.32486e-07 
1.43e-08 4.33081e-07 
1.44e-08 4.33675e-07 
1.45e-08 4.34269e-07 
1.46e-08 4.34861e-07 
1.47e-08 4.35453e-07 
1.48e-08 4.36044e-07 
1.49e-08 4.36634e-07 
1.5e-08 4.37224e-07 
1.51e-08 4.37813e-07 
1.52e-08 4.38401e-07 
1.53e-08 4.38988e-07 
1.54e-08 4.39575e-07 
1.55e-08 4.40161e-07 
1.56e-08 4.40747e-07 
1.57e-08 4.41332e-07 
1.58e-08 4.41916e-07 
1.59e-08 4.42499e-07 
1.6e-08 4.43082e-07 
1.61e-08 4.43665e-07 
1.62e-08 4.44247e-07 
1.63e-08 4.44828e-07 
1.64e-08 4.45409e-07 
1.65e-08 4.45989e-07 
1.66e-08 4.46568e-07 
1.67e-08 4.47147e-07 
1.68e-08 4.47726e-07 
1.69e-08 4.48304e-07 
1.7e-08 4.48881e-07 
1.71e-08 4.49458e-07 
1.72e-08 4.50035e-07 
1.73e-08 4.50611e-07 
1.74e-08 4.51187e-07 
1.75e-08 4.51762e-07 
1.76e-08 4.52336e-07 
1.77e-08 4.5291e-07 
1.78e-08 4.53484e-07 
1.79e-08 4.54057e-07 
1.8e-08 4.5463e-07 
1.81e-08 4.55202e-07 
1.82e-08 4.55774e-07 
1.83e-08 4.56346e-07 
1.84e-08 4.56917e-07 
1.85e-08 4.57488e-07 
1.86e-08 4.58058e-07 
1.87e-08 4.58628e-07 
1.88e-08 4.59197e-07 
1.89e-08 4.59767e-07 
1.9e-08 4.60335e-07 
1.91e-08 4.60904e-07 
1.92e-08 4.61472e-07 
1.93e-08 4.62039e-07 
1.94e-08 4.62606e-07 
1.95e-08 4.63173e-07 
1.96e-08 4.6374e-07 
1.97e-08 4.64306e-07 
1.98e-08 4.64871e-07 
1.99e-08 4.65437e-07 
2e-08 4.66002e-07 
2.01e-08 4.66567e-07 
2.02e-08 4.67131e-07 
2.03e-08 4.67695e-07 
2.04e-08 4.68259e-07 
2.05e-08 4.68822e-07 
2.06e-08 4.69385e-07 
2.07e-08 4.69948e-07 
2.08e-08 4.7051e-07 
2.09e-08 4.71072e-07 
2.1e-08 4.71634e-07 
2.11e-08 4.72195e-07 
2.12e-08 4.72757e-07 
2.13e-08 4.73317e-07 
2.14e-08 4.73878e-07 
2.15e-08 4.74438e-07 
2.16e-08 4.74998e-07 
2.17e-08 4.75558e-07 
2.18e-08 4.76117e-07 
2.19e-08 4.76676e-07 
2.2e-08 4.77234e-07 
2.21e-08 4.77793e-07 
2.22e-08 4.78351e-07 
2.23e-08 4.78909e-07 
2.24e-08 4.79466e-07 
2.25e-08 4.80023e-07 
2.26e-08 4.8058e-07 
2.27e-08 4.81137e-07 
2.28e-08 4.81693e-07 
2.29e-08 4.82249e-07 
2.3e-08 4.82805e-07 
2.31e-08 4.83361e-07 
2.32e-08 4.83916e-07 
2.33e-08 4.84471e-07 
2.34e-08 4.85026e-07 
2.35e-08 4.8558e-07 
2.36e-08 4.86134e-07 
2.37e-08 4.86688e-07 
2.38e-08 4.87242e-07 
2.39e-08 4.87795e-07 
2.4e-08 4.88348e-07 
2.41e-08 4.88901e-07 
2.42e-08 4.89453e-07 
2.43e-08 4.90005e-07 
2.44e-08 4.90557e-07 
2.45e-08 4.91109e-07 
2.46e-08 4.9166e-07 
2.47e-08 4.92212e-07 
2.48e-08 4.92762e-07 
2.49e-08 4.93313e-07 
2.5e-08 4.93863e-07 
2.51e-08 4.94414e-07 
2.52e-08 4.94963e-07 
2.53e-08 4.95513e-07 
2.54e-08 4.96062e-07 
2.55e-08 4.96611e-07 
2.56e-08 4.9716e-07 
2.57e-08 4.97709e-07 
2.58e-08 4.98257e-07 
2.59e-08 4.98805e-07 
2.6e-08 4.99353e-07 
2.61e-08 4.999e-07 
2.62e-08 5.00447e-07 
2.63e-08 5.00994e-07 
2.64e-08 5.01541e-07 
2.65e-08 5.02088e-07 
2.66e-08 5.02634e-07 
2.67e-08 5.0318e-07 
2.68e-08 5.03725e-07 
2.69e-08 5.04271e-07 
2.7e-08 5.04816e-07 
2.71e-08 5.05361e-07 
2.72e-08 5.05906e-07 
2.73e-08 5.0645e-07 
2.74e-08 5.06994e-07 
2.75e-08 5.07538e-07 
2.76e-08 5.08082e-07 
2.77e-08 5.08625e-07 
2.78e-08 5.09168e-07 
2.79e-08 5.09711e-07 
2.8e-08 5.10254e-07 
2.81e-08 5.10796e-07 
2.82e-08 5.11338e-07 
2.83e-08 5.1188e-07 
2.84e-08 5.12422e-07 
2.85e-08 5.12963e-07 
2.86e-08 5.13504e-07 
2.87e-08 5.14045e-07 
2.88e-08 5.14585e-07 
2.89e-08 5.15126e-07 
2.9e-08 5.15666e-07 
2.91e-08 5.16206e-07 
2.92e-08 5.16745e-07 
2.93e-08 5.17284e-07 
2.94e-08 5.17823e-07 
2.95e-08 5.18362e-07 
2.96e-08 5.18901e-07 
2.97e-08 5.19439e-07 
2.98e-08 5.19977e-07 
2.99e-08 5.20515e-07 
3e-08 5.21052e-07 
3.01e-08 5.21589e-07 
3.02e-08 5.22126e-07 
3.03e-08 5.22663e-07 
3.04e-08 5.232e-07 
3.05e-08 5.23736e-07 
3.06e-08 5.24272e-07 
3.07e-08 5.24807e-07 
3.08e-08 5.25343e-07 
3.09e-08 5.25878e-07 
3.1e-08 5.26413e-07 
3.11e-08 5.26948e-07 
3.12e-08 5.27482e-07 
3.13e-08 5.28016e-07 
3.14e-08 5.2855e-07 
3.15e-08 5.29084e-07 
3.16e-08 5.29617e-07 
3.17e-08 5.3015e-07 
3.18e-08 5.30683e-07 
3.19e-08 5.31216e-07 
3.2e-08 5.31748e-07 
3.21e-08 5.3228e-07 
3.22e-08 5.32812e-07 
3.23e-08 5.33343e-07 
3.24e-08 5.33875e-07 
3.25e-08 5.34406e-07 
3.26e-08 5.34936e-07 
3.27e-08 5.35467e-07 
3.28e-08 5.35997e-07 
3.29e-08 5.36527e-07 
3.3e-08 5.37057e-07 
3.31e-08 5.37586e-07 
3.32e-08 5.38115e-07 
3.33e-08 5.38644e-07 
3.34e-08 5.39173e-07 
3.35e-08 5.39701e-07 
3.36e-08 5.40229e-07 
3.37e-08 5.40757e-07 
3.38e-08 5.41285e-07 
3.39e-08 5.41812e-07 
3.4e-08 5.42339e-07 
3.41e-08 5.42866e-07 
3.42e-08 5.43393e-07 
3.43e-08 5.43919e-07 
3.44e-08 5.44445e-07 
3.45e-08 5.44971e-07 
3.46e-08 5.45496e-07 
3.47e-08 5.46021e-07 
3.48e-08 5.46546e-07 
3.49e-08 5.47071e-07 
3.5e-08 5.47595e-07 
3.51e-08 5.48119e-07 
3.52e-08 5.48643e-07 
3.53e-08 5.49167e-07 
3.54e-08 5.4969e-07 
3.55e-08 5.50213e-07 
3.56e-08 5.50736e-07 
3.57e-08 5.51259e-07 
3.58e-08 5.51781e-07 
3.59e-08 5.52303e-07 
3.6e-08 5.52825e-07 
3.61e-08 5.53346e-07 
3.62e-08 5.53867e-07 
3.63e-08 5.54388e-07 
3.64e-08 5.54909e-07 
3.65e-08 5.55429e-07 
3.66e-08 5.55949e-07 
3.67e-08 5.56469e-07 
3.68e-08 5.56989e-07 
3.69e-08 5.57508e-07 
3.7e-08 5.58027e-07 
3.71e-08 5.58546e-07 
3.72e-08 5.59064e-07 
3.73e-08 5.59582e-07 
3.74e-08 5.601e-07 
3.75e-08 5.60618e-07 
3.76e-08 5.61135e-07 
3.77e-08 5.61652e-07 
3.78e-08 5.62169e-07 
3.79e-08 5.62686e-07 
3.8e-08 5.63202e-07 
3.81e-08 5.63718e-07 
3.82e-08 5.64234e-07 
3.83e-08 5.64749e-07 
3.84e-08 5.65264e-07 
3.85e-08 5.65779e-07 
3.86e-08 5.66294e-07 
3.87e-08 5.66808e-07 
3.88e-08 5.67322e-07 
3.89e-08 5.67836e-07 
3.9e-08 5.6835e-07 
3.91e-08 5.68863e-07 
3.92e-08 5.69376e-07 
3.93e-08 5.69888e-07 
3.94e-08 5.70401e-07 
3.95e-08 5.70913e-07 
3.96e-08 5.71425e-07 
3.97e-08 5.71936e-07 
3.98e-08 5.72448e-07 
3.99e-08 5.72959e-07 
4e-08 5.7347e-07 
4.01e-08 5.7398e-07 
4.02e-08 5.7449e-07 
4.03e-08 5.75e-07 
4.04e-08 5.7551e-07 
4.05e-08 5.76019e-07 
4.06e-08 5.76528e-07 
4.07e-08 5.77037e-07 
4.08e-08 5.77546e-07 
4.09e-08 5.78054e-07 
4.1e-08 5.78562e-07 
4.11e-08 5.7907e-07 
4.12e-08 5.79577e-07 
4.13e-08 5.80084e-07 
4.14e-08 5.80591e-07 
4.15e-08 5.81098e-07 
4.16e-08 5.81604e-07 
4.17e-08 5.8211e-07 
4.18e-08 5.82616e-07 
4.19e-08 5.83121e-07 
4.2e-08 5.83626e-07 
4.21e-08 5.84131e-07 
4.22e-08 5.84636e-07 
4.23e-08 5.8514e-07 
4.24e-08 5.85644e-07 
4.25e-08 5.86148e-07 
4.26e-08 5.86651e-07 
4.27e-08 5.87155e-07 
4.28e-08 5.87658e-07 
4.29e-08 5.8816e-07 
4.3e-08 5.88663e-07 
4.31e-08 5.89165e-07 
4.32e-08 5.89667e-07 
4.33e-08 5.90168e-07 
4.34e-08 5.90669e-07 
4.35e-08 5.9117e-07 
4.36e-08 5.91671e-07 
4.37e-08 5.92171e-07 
4.38e-08 5.92672e-07 
4.39e-08 5.93171e-07 
4.4e-08 5.93671e-07 
4.41e-08 5.9417e-07 
4.42e-08 5.94669e-07 
4.43e-08 5.95168e-07 
4.44e-08 5.95666e-07 
4.45e-08 5.96165e-07 
4.46e-08 5.96662e-07 
4.47e-08 5.9716e-07 
4.48e-08 5.97657e-07 
4.49e-08 5.98154e-07 
4.5e-08 5.98651e-07 
4.51e-08 5.99147e-07 
4.52e-08 5.99644e-07 
4.53e-08 6.0014e-07 
4.54e-08 6.00635e-07 
4.55e-08 6.0113e-07 
4.56e-08 6.01626e-07 
4.57e-08 6.0212e-07 
4.58e-08 6.02615e-07 
4.59e-08 6.03109e-07 
4.6e-08 6.03603e-07 
4.61e-08 6.04096e-07 
4.62e-08 6.0459e-07 
4.63e-08 6.05083e-07 
4.64e-08 6.05576e-07 
4.65e-08 6.06068e-07 
4.66e-08 6.0656e-07 
4.67e-08 6.07052e-07 
4.68e-08 6.07544e-07 
4.69e-08 6.08035e-07 
4.7e-08 6.08526e-07 
4.71e-08 6.09017e-07 
4.72e-08 6.09508e-07 
4.73e-08 6.09998e-07 
4.74e-08 6.10488e-07 
4.75e-08 6.10978e-07 
4.76e-08 6.11467e-07 
4.77e-08 6.11956e-07 
4.78e-08 6.12445e-07 
4.79e-08 6.12933e-07 
4.8e-08 6.13422e-07 
4.81e-08 6.1391e-07 
4.82e-08 6.14397e-07 
4.83e-08 6.14885e-07 
4.84e-08 6.15372e-07 
4.85e-08 6.15859e-07 
4.86e-08 6.16345e-07 
4.87e-08 6.16832e-07 
4.88e-08 6.17318e-07 
4.89e-08 6.17803e-07 
4.9e-08 6.18289e-07 
4.91e-08 6.18774e-07 
4.92e-08 6.19259e-07 
4.93e-08 6.19743e-07 
4.94e-08 6.20228e-07 
4.95e-08 6.20712e-07 
4.96e-08 6.21195e-07 
4.97e-08 6.21679e-07 
4.98e-08 6.22162e-07 
4.99e-08 6.22645e-07 
5e-08 6.23127e-07 
