0 0 
1e-10 0 
2e-10 0 
3e-10 0 
4e-10 0 
5e-10 0 
6e-10 0 
7e-10 0 
8e-10 0 
9e-10 0 
1e-09 0 
1.1e-09 0 
1.2e-09 0 
1.3e-09 0 
1.4e-09 0 
1.5e-09 0 
1.6e-09 0 
1.7e-09 0 
1.8e-09 0 
1.9e-09 9.16536e-19 
2e-09 1.86657e-18 
2.1e-09 1.92477e-18 
2.2e-09 1.96753e-18 
2.3e-09 1.99863e-18 
2.4e-09 2.02097e-18 
2.5e-09 2.03687e-18 
2.6e-09 2.04813e-18 
2.7e-09 2.05609e-18 
2.8e-09 2.0617e-18 
2.9e-09 2.06565e-18 
3e-09 2.06844e-18 
3.1e-09 2.0704e-18 
3.2e-09 2.07178e-18 
3.3e-09 2.07275e-18 
3.4e-09 2.07344e-18 
3.5e-09 2.07392e-18 
3.6e-09 2.07426e-18 
3.7e-09 2.0745e-18 
3.8e-09 2.07467e-18 
3.9e-09 2.07478e-18 
4e-09 2.07487e-18 
4.1e-09 2.07493e-18 
4.2e-09 2.07497e-18 
4.3e-09 2.075e-18 
4.4e-09 2.07502e-18 
4.5e-09 2.07503e-18 
4.6e-09 2.07504e-18 
4.7e-09 2.07505e-18 
4.8e-09 2.07505e-18 
4.9e-09 2.07506e-18 
5e-09 2.07506e-18 
5.1e-09 2.07506e-18 
5.2e-09 2.07506e-18 
5.3e-09 2.07506e-18 
5.4e-09 2.07506e-18 
5.5e-09 2.07506e-18 
5.6e-09 2.07507e-18 
5.7e-09 2.07507e-18 
5.8e-09 2.07507e-18 
5.9e-09 2.07507e-18 
6e-09 2.07507e-18 
6.1e-09 2.07507e-18 
6.2e-09 2.07507e-18 
6.3e-09 2.07507e-18 
6.4e-09 2.07507e-18 
6.5e-09 2.07507e-18 
6.6e-09 2.07507e-18 
6.7e-09 2.07507e-18 
6.8e-09 2.07507e-18 
6.9e-09 2.07507e-18 
7e-09 2.07507e-18 
7.1e-09 2.07507e-18 
7.2e-09 2.07507e-18 
7.3e-09 2.07507e-18 
7.4e-09 2.07507e-18 
7.5e-09 2.07507e-18 
7.6e-09 2.07507e-18 
7.7e-09 2.07507e-18 
7.8e-09 2.07507e-18 
7.9e-09 2.07507e-18 
8e-09 2.07507e-18 
8.1e-09 2.07507e-18 
8.2e-09 2.07507e-18 
8.3e-09 2.07507e-18 
8.4e-09 2.07507e-18 
8.5e-09 2.07507e-18 
8.6e-09 2.07507e-18 
8.7e-09 2.07507e-18 
8.8e-09 2.07507e-18 
8.9e-09 2.07507e-18 
9e-09 2.07507e-18 
9.1e-09 2.07507e-18 
9.2e-09 2.07507e-18 
9.3e-09 2.07507e-18 
9.4e-09 2.07507e-18 
9.5e-09 2.07507e-18 
9.6e-09 2.07507e-18 
9.7e-09 2.07507e-18 
9.8e-09 2.07507e-18 
9.9e-09 2.07507e-18 
1e-08 2.07507e-18 
1.01e-08 2.07507e-18 
1.02e-08 2.07507e-18 
1.03e-08 2.07507e-18 
1.04e-08 2.07507e-18 
1.05e-08 2.07507e-18 
1.06e-08 2.07507e-18 
1.07e-08 2.07507e-18 
1.08e-08 2.07507e-18 
1.09e-08 2.07507e-18 
1.1e-08 2.07507e-18 
1.11e-08 2.07507e-18 
1.12e-08 2.07507e-18 
1.13e-08 2.07507e-18 
1.14e-08 2.07507e-18 
1.15e-08 2.07507e-18 
1.16e-08 2.07507e-18 
1.17e-08 2.07507e-18 
1.18e-08 2.07507e-18 
1.19e-08 2.07507e-18 
1.2e-08 2.07507e-18 
1.21e-08 2.07507e-18 
1.22e-08 2.07507e-18 
1.23e-08 2.07507e-18 
1.24e-08 2.07507e-18 
1.25e-08 2.07507e-18 
1.26e-08 2.07507e-18 
1.27e-08 2.07507e-18 
1.28e-08 2.07507e-18 
1.29e-08 2.07507e-18 
1.3e-08 2.07507e-18 
1.31e-08 2.07507e-18 
1.32e-08 2.07507e-18 
1.33e-08 2.07507e-18 
1.34e-08 2.07507e-18 
1.35e-08 2.07507e-18 
1.36e-08 2.07507e-18 
1.37e-08 2.07507e-18 
1.38e-08 2.07507e-18 
1.39e-08 2.07507e-18 
1.4e-08 2.07507e-18 
1.41e-08 2.07507e-18 
1.42e-08 2.07507e-18 
1.43e-08 2.07507e-18 
1.44e-08 2.07507e-18 
1.45e-08 2.07507e-18 
1.46e-08 2.07507e-18 
1.47e-08 2.07507e-18 
1.48e-08 2.07507e-18 
1.49e-08 2.07507e-18 
1.5e-08 2.07507e-18 
1.51e-08 2.07507e-18 
1.52e-08 2.07507e-18 
1.53e-08 2.07507e-18 
1.54e-08 2.07507e-18 
1.55e-08 2.07507e-18 
1.56e-08 2.07507e-18 
1.57e-08 2.07507e-18 
1.58e-08 2.07507e-18 
1.59e-08 2.07507e-18 
1.6e-08 2.07507e-18 
1.61e-08 2.07507e-18 
1.62e-08 2.07507e-18 
1.63e-08 2.07507e-18 
1.64e-08 2.07507e-18 
1.65e-08 2.07507e-18 
1.66e-08 2.07507e-18 
1.67e-08 2.07507e-18 
1.68e-08 2.07507e-18 
1.69e-08 2.07507e-18 
1.7e-08 2.07507e-18 
1.71e-08 2.07507e-18 
1.72e-08 2.07507e-18 
1.73e-08 2.07507e-18 
1.74e-08 2.07507e-18 
1.75e-08 2.07507e-18 
1.76e-08 2.07507e-18 
1.77e-08 2.07507e-18 
1.78e-08 2.07507e-18 
1.79e-08 2.07507e-18 
1.8e-08 2.07507e-18 
1.81e-08 2.07507e-18 
1.82e-08 2.07507e-18 
1.83e-08 2.07507e-18 
1.84e-08 2.07507e-18 
1.85e-08 2.07507e-18 
1.86e-08 2.07507e-18 
1.87e-08 2.07507e-18 
1.88e-08 2.07507e-18 
1.89e-08 2.07507e-18 
1.9e-08 2.07507e-18 
1.91e-08 2.07507e-18 
1.92e-08 2.07507e-18 
1.93e-08 2.07507e-18 
1.94e-08 2.07507e-18 
1.95e-08 2.07507e-18 
1.96e-08 2.07507e-18 
1.97e-08 2.07507e-18 
1.98e-08 2.07507e-18 
1.99e-08 2.07507e-18 
2e-08 2.07507e-18 
2.01e-08 2.07507e-18 
2.02e-08 2.07507e-18 
2.03e-08 2.07507e-18 
2.04e-08 2.07507e-18 
2.05e-08 2.07507e-18 
2.06e-08 2.07507e-18 
2.07e-08 2.07507e-18 
2.08e-08 2.07507e-18 
2.09e-08 2.07507e-18 
2.1e-08 2.07507e-18 
2.11e-08 2.07507e-18 
2.12e-08 2.07507e-18 
2.13e-08 2.07507e-18 
2.14e-08 2.07507e-18 
2.15e-08 2.07507e-18 
2.16e-08 2.07507e-18 
2.17e-08 2.07507e-18 
2.18e-08 2.07507e-18 
2.19e-08 2.07507e-18 
2.2e-08 2.07507e-18 
2.21e-08 2.07507e-18 
2.22e-08 2.07507e-18 
2.23e-08 2.07507e-18 
2.24e-08 2.07507e-18 
2.25e-08 2.07507e-18 
2.26e-08 2.07507e-18 
2.27e-08 2.07507e-18 
2.28e-08 2.07507e-18 
2.29e-08 2.07507e-18 
2.3e-08 2.07507e-18 
2.31e-08 2.07507e-18 
2.32e-08 2.07507e-18 
2.33e-08 2.07507e-18 
2.34e-08 2.07507e-18 
2.35e-08 2.07507e-18 
2.36e-08 2.07507e-18 
2.37e-08 2.07507e-18 
2.38e-08 2.07507e-18 
2.39e-08 2.07507e-18 
2.4e-08 2.07507e-18 
2.41e-08 2.07507e-18 
2.42e-08 2.07507e-18 
2.43e-08 2.07507e-18 
2.44e-08 2.07507e-18 
2.45e-08 2.07507e-18 
2.46e-08 2.07507e-18 
2.47e-08 2.07507e-18 
2.48e-08 2.07507e-18 
2.49e-08 2.07507e-18 
2.5e-08 2.07507e-18 
2.51e-08 2.07507e-18 
2.52e-08 2.07507e-18 
2.53e-08 2.07507e-18 
2.54e-08 2.07507e-18 
2.55e-08 2.07507e-18 
2.56e-08 2.07507e-18 
2.57e-08 2.07507e-18 
2.58e-08 2.07507e-18 
2.59e-08 2.07507e-18 
2.6e-08 2.07507e-18 
2.61e-08 2.07507e-18 
2.62e-08 2.07507e-18 
2.63e-08 2.07507e-18 
2.64e-08 2.07507e-18 
2.65e-08 2.07507e-18 
2.66e-08 2.07507e-18 
2.67e-08 2.07507e-18 
2.68e-08 2.07507e-18 
2.69e-08 2.07507e-18 
2.7e-08 2.07507e-18 
2.71e-08 2.07507e-18 
2.72e-08 2.07507e-18 
2.73e-08 2.07507e-18 
2.74e-08 2.07507e-18 
2.75e-08 2.07507e-18 
2.76e-08 2.07507e-18 
2.77e-08 2.07507e-18 
2.78e-08 2.07507e-18 
2.79e-08 2.07507e-18 
2.8e-08 2.07507e-18 
2.81e-08 2.07507e-18 
2.82e-08 2.07507e-18 
2.83e-08 2.07507e-18 
2.84e-08 2.07507e-18 
2.85e-08 2.07507e-18 
2.86e-08 2.07507e-18 
2.87e-08 2.07507e-18 
2.88e-08 2.07507e-18 
2.89e-08 2.07507e-18 
2.9e-08 2.07507e-18 
2.91e-08 2.07507e-18 
2.92e-08 2.07507e-18 
2.93e-08 2.07507e-18 
2.94e-08 2.07507e-18 
2.95e-08 2.07507e-18 
2.96e-08 2.07507e-18 
2.97e-08 2.07507e-18 
2.98e-08 2.07507e-18 
2.99e-08 2.07507e-18 
3e-08 2.07507e-18 
3.01e-08 2.07507e-18 
3.02e-08 2.07507e-18 
3.03e-08 2.07507e-18 
3.04e-08 2.07507e-18 
3.05e-08 2.07507e-18 
3.06e-08 2.07507e-18 
3.07e-08 2.07507e-18 
3.08e-08 2.07507e-18 
3.09e-08 2.07507e-18 
3.1e-08 2.07507e-18 
3.11e-08 2.07507e-18 
3.12e-08 2.07507e-18 
3.13e-08 2.07507e-18 
3.14e-08 2.07507e-18 
3.15e-08 2.07507e-18 
3.16e-08 2.07507e-18 
3.17e-08 2.07507e-18 
3.18e-08 2.07507e-18 
3.19e-08 2.07507e-18 
3.2e-08 2.07507e-18 
3.21e-08 2.07507e-18 
3.22e-08 2.07507e-18 
3.23e-08 2.07507e-18 
3.24e-08 2.07507e-18 
3.25e-08 2.07507e-18 
3.26e-08 2.07507e-18 
3.27e-08 2.07507e-18 
3.28e-08 2.07507e-18 
3.29e-08 2.07507e-18 
3.3e-08 2.07507e-18 
3.31e-08 2.07507e-18 
3.32e-08 2.07507e-18 
3.33e-08 2.07507e-18 
3.34e-08 2.07507e-18 
3.35e-08 2.07507e-18 
3.36e-08 2.07507e-18 
3.37e-08 2.07507e-18 
3.38e-08 2.07507e-18 
3.39e-08 2.07507e-18 
3.4e-08 2.07507e-18 
3.41e-08 2.07507e-18 
3.42e-08 2.07507e-18 
3.43e-08 2.07507e-18 
3.44e-08 2.07507e-18 
3.45e-08 2.07507e-18 
3.46e-08 2.07507e-18 
3.47e-08 2.07507e-18 
3.48e-08 2.07507e-18 
3.49e-08 2.07507e-18 
3.5e-08 2.07507e-18 
3.51e-08 2.07507e-18 
3.52e-08 2.07507e-18 
3.53e-08 2.07507e-18 
3.54e-08 2.07507e-18 
3.55e-08 2.07507e-18 
3.56e-08 2.07507e-18 
3.57e-08 2.07507e-18 
3.58e-08 2.07507e-18 
3.59e-08 2.07507e-18 
3.6e-08 2.07507e-18 
3.61e-08 2.07507e-18 
3.62e-08 2.07507e-18 
3.63e-08 2.07507e-18 
3.64e-08 2.07507e-18 
3.65e-08 2.07507e-18 
3.66e-08 2.07507e-18 
3.67e-08 2.07507e-18 
3.68e-08 2.07507e-18 
3.69e-08 2.07507e-18 
3.7e-08 2.07507e-18 
3.71e-08 2.07507e-18 
3.72e-08 2.07507e-18 
3.73e-08 2.07507e-18 
3.74e-08 2.07507e-18 
3.75e-08 2.07507e-18 
3.76e-08 2.07507e-18 
3.77e-08 2.07507e-18 
3.78e-08 2.07507e-18 
3.79e-08 2.07507e-18 
3.8e-08 2.07507e-18 
3.81e-08 2.07507e-18 
3.82e-08 2.07507e-18 
3.83e-08 2.07507e-18 
3.84e-08 2.07507e-18 
3.85e-08 2.07507e-18 
3.86e-08 2.07507e-18 
3.87e-08 2.07507e-18 
3.88e-08 2.07507e-18 
3.89e-08 2.07507e-18 
3.9e-08 2.07507e-18 
3.91e-08 2.07507e-18 
3.92e-08 2.07507e-18 
3.93e-08 2.07507e-18 
3.94e-08 2.07507e-18 
3.95e-08 2.07507e-18 
3.96e-08 2.07507e-18 
3.97e-08 2.07507e-18 
3.98e-08 2.07507e-18 
3.99e-08 2.07507e-18 
4e-08 2.07507e-18 
4.01e-08 2.07507e-18 
4.02e-08 2.07507e-18 
4.03e-08 2.07507e-18 
4.04e-08 2.07507e-18 
4.05e-08 2.07507e-18 
4.06e-08 2.07507e-18 
4.07e-08 2.07507e-18 
4.08e-08 2.07507e-18 
4.09e-08 2.07507e-18 
4.1e-08 2.07507e-18 
4.11e-08 2.07507e-18 
4.12e-08 2.07507e-18 
4.13e-08 2.07507e-18 
4.14e-08 2.07507e-18 
4.15e-08 2.07507e-18 
4.16e-08 2.07507e-18 
4.17e-08 2.07507e-18 
4.18e-08 2.07507e-18 
4.19e-08 2.07507e-18 
4.2e-08 2.07507e-18 
4.21e-08 2.07507e-18 
4.22e-08 2.07507e-18 
4.23e-08 2.07507e-18 
4.24e-08 2.07507e-18 
4.25e-08 2.07507e-18 
4.26e-08 2.07507e-18 
4.27e-08 2.07507e-18 
4.28e-08 2.07507e-18 
4.29e-08 2.07507e-18 
4.3e-08 2.07507e-18 
4.31e-08 2.07507e-18 
4.32e-08 2.07507e-18 
4.33e-08 2.07507e-18 
4.34e-08 2.07507e-18 
4.35e-08 2.07507e-18 
4.36e-08 2.07507e-18 
4.37e-08 2.07507e-18 
4.38e-08 2.07507e-18 
4.39e-08 2.07507e-18 
4.4e-08 2.07507e-18 
4.41e-08 2.07507e-18 
4.42e-08 2.07507e-18 
4.43e-08 2.07507e-18 
4.44e-08 2.07507e-18 
4.45e-08 2.07507e-18 
4.46e-08 2.07507e-18 
4.47e-08 2.07507e-18 
4.48e-08 2.07507e-18 
4.49e-08 2.07507e-18 
4.5e-08 2.07507e-18 
4.51e-08 2.07507e-18 
4.52e-08 2.07507e-18 
4.53e-08 2.07507e-18 
4.54e-08 2.07507e-18 
4.55e-08 2.07507e-18 
4.56e-08 2.07507e-18 
4.57e-08 2.07507e-18 
4.58e-08 2.07507e-18 
4.59e-08 2.07507e-18 
4.6e-08 2.07507e-18 
4.61e-08 2.07507e-18 
4.62e-08 2.07507e-18 
4.63e-08 2.07507e-18 
4.64e-08 2.07507e-18 
4.65e-08 2.07507e-18 
4.66e-08 2.07507e-18 
4.67e-08 2.07507e-18 
4.68e-08 2.07507e-18 
4.69e-08 2.07507e-18 
4.7e-08 2.07507e-18 
4.71e-08 2.07507e-18 
4.72e-08 2.07507e-18 
4.73e-08 2.07507e-18 
4.74e-08 2.07507e-18 
4.75e-08 2.07507e-18 
4.76e-08 2.07507e-18 
4.77e-08 2.07507e-18 
4.78e-08 2.07507e-18 
4.79e-08 2.07507e-18 
4.8e-08 2.07507e-18 
4.81e-08 2.07507e-18 
4.82e-08 2.07507e-18 
4.83e-08 2.07507e-18 
4.84e-08 2.07507e-18 
4.85e-08 2.07507e-18 
4.86e-08 2.07507e-18 
4.87e-08 2.07507e-18 
4.88e-08 2.07507e-18 
4.89e-08 2.07507e-18 
4.9e-08 2.07507e-18 
4.91e-08 2.07507e-18 
4.92e-08 2.07507e-18 
4.93e-08 2.07507e-18 
4.94e-08 2.07507e-18 
4.95e-08 2.07507e-18 
4.96e-08 2.07507e-18 
4.97e-08 2.07507e-18 
4.98e-08 2.07507e-18 
4.99e-08 2.07507e-18 
5e-08 2.07507e-18 
