0 0 
2e-11 -3.815e-17 
4e-11 -3.745e-17 
6e-11 5.085e-17 
8e-11 1.311e-16 
1e-10 1.923e-16 
1.2e-10 2.5285e-16 
1.4e-10 3.1365e-16 
1.6e-10 3.7525e-16 
1.8e-10 4.3455e-16 
2e-10 4.927e-16 
2.2e-10 5.546e-16 
2.4e-10 6.0005e-16 
2.6e-10 6.276e-16 
2.8e-10 6.56e-16 
3e-10 6.84e-16 
3.2e-10 7.1105e-16 
3.4e-10 7.3665e-16 
3.6e-10 7.6435e-16 
3.8e-10 7.917e-16 
4e-10 8.1875e-16 
4.2e-10 8.4655e-16 
4.4e-10 8.738e-16 
4.6e-10 9.0175e-16 
4.8e-10 9.4515e-16 
5e-10 1.00355e-15 
5.2e-10 1.0649e-15 
5.4e-10 1.1266e-15 
5.6e-10 1.18515e-15 
5.8e-10 1.2459e-15 
6e-10 1.307e-15 
6.2e-10 1.36515e-15 
6.4e-10 1.42225e-15 
6.6e-10 1.4796e-15 
6.8e-10 1.5371e-15 
7e-10 1.59755e-15 
7.2e-10 1.65935e-15 
7.4e-10 1.71975e-15 
7.6e-10 1.7804e-15 
7.8e-10 1.84165e-15 
8e-10 1.90155e-15 
8.2e-10 1.9612e-15 
8.4e-10 2.02325e-15 
8.6e-10 2.08465e-15 
8.8e-10 2.14425e-15 
9e-10 2.20405e-15 
9.2e-10 2.26305e-15 
9.4e-10 2.32185e-15 
9.6e-10 2.38565e-15 
9.8e-10 2.45405e-15 
1e-09 2.48315e-15 
1.02e-09 2.5199e-15 
1.04e-09 2.5967e-15 
1.06e-09 2.66515e-15 
1.08e-09 2.7341e-15 
1.1e-09 2.80565e-15 
1.12e-09 2.8756e-15 
1.14e-09 2.94305e-15 
1.16e-09 3.00985e-15 
1.18e-09 3.0754e-15 
1.2e-09 3.1414e-15 
1.22e-09 3.2079e-15 
1.24e-09 3.27435e-15 
1.26e-09 3.34165e-15 
1.28e-09 3.40765e-15 
1.3e-09 3.4738e-15 
1.32e-09 3.5424e-15 
1.34e-09 3.6109e-15 
1.36e-09 3.67915e-15 
1.38e-09 3.74645e-15 
1.4e-09 3.81425e-15 
1.42e-09 3.8831e-15 
1.44e-09 3.95205e-15 
1.46e-09 4.0218e-15 
1.48e-09 4.0906e-15 
1.5e-09 4.18925e-15 
1.52e-09 4.24895e-15 
1.54e-09 4.2799e-15 
1.56e-09 4.35015e-15 
1.58e-09 4.4198e-15 
1.6e-09 4.4889e-15 
1.62e-09 4.55725e-15 
1.64e-09 4.62495e-15 
1.66e-09 4.6915e-15 
1.68e-09 4.7586e-15 
1.7e-09 4.8253e-15 
1.72e-09 4.89085e-15 
1.74e-09 4.95695e-15 
1.76e-09 5.02395e-15 
1.78e-09 5.092e-15 
1.8e-09 5.16e-15 
1.82e-09 5.2257e-15 
1.84e-09 5.29105e-15 
1.86e-09 5.35655e-15 
1.88e-09 5.41755e-15 
1.9e-09 5.4796e-15 
1.92e-09 5.54655e-15 
1.94e-09 5.61315e-15 
1.96e-09 5.6812e-15 
1.98e-09 5.7504e-15 
2e-09 1.55129e-08 
2.02e-09 7.29325e-08 
2.04e-09 1.5418e-07 
2.06e-09 2.3006e-07 
2.08e-09 3.00615e-07 
2.1e-09 3.66505e-07 
2.12e-09 4.28478e-07 
2.14e-09 4.87192e-07 
2.16e-09 5.43178e-07 
2.18e-09 5.9684e-07 
2.2e-09 6.48482e-07 
2.22e-09 6.98331e-07 
2.24e-09 7.46558e-07 
2.26e-09 7.93294e-07 
2.28e-09 8.38645e-07 
2.3e-09 8.82692e-07 
2.32e-09 9.25506e-07 
2.34e-09 9.67144e-07 
2.36e-09 1.00766e-06 
2.38e-09 1.04709e-06 
2.4e-09 1.08548e-06 
2.42e-09 1.12286e-06 
2.44e-09 1.15927e-06 
2.46e-09 1.19474e-06 
2.48e-09 1.22929e-06 
2.5e-09 1.26296e-06 
2.52e-09 1.29577e-06 
2.54e-09 1.32774e-06 
2.56e-09 1.3589e-06 
2.58e-09 1.38928e-06 
2.6e-09 1.41889e-06 
2.62e-09 1.44775e-06 
2.64e-09 1.47589e-06 
2.66e-09 1.50333e-06 
2.68e-09 1.53008e-06 
2.7e-09 1.55617e-06 
2.72e-09 1.58161e-06 
2.74e-09 1.60642e-06 
2.76e-09 1.63061e-06 
2.78e-09 1.65421e-06 
2.8e-09 1.67722e-06 
2.82e-09 1.69968e-06 
2.84e-09 1.72158e-06 
2.86e-09 1.74295e-06 
2.88e-09 1.76379e-06 
2.9e-09 1.78413e-06 
2.92e-09 1.80398e-06 
2.94e-09 1.82335e-06 
2.96e-09 1.84225e-06 
2.98e-09 1.8607e-06 
3e-09 1.8787e-06 
3.02e-09 1.89628e-06 
3.04e-09 1.91343e-06 
3.06e-09 1.93018e-06 
3.08e-09 1.94654e-06 
3.1e-09 1.96251e-06 
3.12e-09 1.9781e-06 
3.14e-09 1.99333e-06 
3.16e-09 2.00821e-06 
3.18e-09 2.02274e-06 
3.2e-09 2.03694e-06 
3.22e-09 2.05081e-06 
3.24e-09 2.06436e-06 
3.26e-09 2.07761e-06 
3.28e-09 2.09055e-06 
3.3e-09 2.1032e-06 
3.32e-09 2.11557e-06 
3.34e-09 2.12766e-06 
3.36e-09 2.13949e-06 
3.38e-09 2.15105e-06 
3.4e-09 2.16236e-06 
3.42e-09 2.17343e-06 
3.44e-09 2.18425e-06 
3.46e-09 2.19484e-06 
3.48e-09 2.2052e-06 
3.5e-09 2.21534e-06 
3.52e-09 2.22527e-06 
3.54e-09 2.23498e-06 
3.56e-09 2.2445e-06 
3.58e-09 2.25382e-06 
3.6e-09 2.26294e-06 
3.62e-09 2.27188e-06 
3.64e-09 2.28063e-06 
3.66e-09 2.28921e-06 
3.68e-09 2.29762e-06 
3.7e-09 2.30586e-06 
3.72e-09 2.31393e-06 
3.74e-09 2.32185e-06 
3.76e-09 2.32962e-06 
3.78e-09 2.33723e-06 
3.8e-09 2.3447e-06 
3.82e-09 2.35202e-06 
3.84e-09 2.35921e-06 
3.86e-09 2.36626e-06 
3.88e-09 2.37319e-06 
3.9e-09 2.37998e-06 
3.92e-09 2.38665e-06 
3.94e-09 2.3932e-06 
3.96e-09 2.39964e-06 
3.98e-09 2.40596e-06 
4e-09 2.41217e-06 
4.02e-09 2.41827e-06 
4.04e-09 2.42426e-06 
4.06e-09 2.43015e-06 
4.08e-09 2.43594e-06 
4.1e-09 2.44164e-06 
4.12e-09 2.44724e-06 
4.14e-09 2.45275e-06 
4.16e-09 2.45817e-06 
4.18e-09 2.4635e-06 
4.2e-09 2.46874e-06 
4.22e-09 2.4739e-06 
4.24e-09 2.47898e-06 
4.26e-09 2.48399e-06 
4.28e-09 2.48891e-06 
4.3e-09 2.49376e-06 
4.32e-09 2.49854e-06 
4.34e-09 2.50325e-06 
4.36e-09 2.50789e-06 
4.38e-09 2.51246e-06 
4.4e-09 2.51696e-06 
4.42e-09 2.5214e-06 
4.44e-09 2.52578e-06 
4.46e-09 2.5301e-06 
4.48e-09 2.53435e-06 
4.5e-09 2.53855e-06 
4.52e-09 2.54269e-06 
4.54e-09 2.54678e-06 
4.56e-09 2.55081e-06 
4.58e-09 2.5548e-06 
4.6e-09 2.55872e-06 
4.62e-09 2.5626e-06 
4.64e-09 2.56643e-06 
4.66e-09 2.57022e-06 
4.68e-09 2.57395e-06 
4.7e-09 2.57765e-06 
4.72e-09 2.58129e-06 
4.74e-09 2.5849e-06 
4.76e-09 2.58846e-06 
4.78e-09 2.59198e-06 
4.8e-09 2.59546e-06 
4.82e-09 2.5989e-06 
4.84e-09 2.6023e-06 
4.86e-09 2.60566e-06 
4.88e-09 2.60899e-06 
4.9e-09 2.61228e-06 
4.92e-09 2.61554e-06 
4.94e-09 2.61876e-06 
4.96e-09 2.62195e-06 
4.98e-09 2.6251e-06 
5e-09 2.62822e-06 
5.02e-09 2.63132e-06 
5.04e-09 2.63438e-06 
5.06e-09 2.63741e-06 
5.08e-09 2.64041e-06 
5.1e-09 2.64338e-06 
5.12e-09 2.64633e-06 
5.14e-09 2.64925e-06 
5.16e-09 2.65214e-06 
5.18e-09 2.655e-06 
5.2e-09 2.65784e-06 
5.22e-09 2.66065e-06 
5.24e-09 2.66344e-06 
5.26e-09 2.66621e-06 
5.28e-09 2.66895e-06 
5.3e-09 2.67166e-06 
5.32e-09 2.67436e-06 
5.34e-09 2.67703e-06 
5.36e-09 2.67968e-06 
5.38e-09 2.68231e-06 
5.4e-09 2.68492e-06 
5.42e-09 2.68751e-06 
5.44e-09 2.69007e-06 
5.46e-09 2.69262e-06 
5.48e-09 2.69515e-06 
5.5e-09 2.69766e-06 
5.52e-09 2.70015e-06 
5.54e-09 2.70262e-06 
5.56e-09 2.70507e-06 
5.58e-09 2.70751e-06 
5.6e-09 2.70993e-06 
5.62e-09 2.71233e-06 
5.64e-09 2.71471e-06 
5.66e-09 2.71708e-06 
5.68e-09 2.71943e-06 
5.7e-09 2.72177e-06 
5.72e-09 2.72409e-06 
5.74e-09 2.7264e-06 
5.76e-09 2.72869e-06 
5.78e-09 2.73096e-06 
5.8e-09 2.73322e-06 
5.82e-09 2.73547e-06 
5.84e-09 2.7377e-06 
5.86e-09 2.73992e-06 
5.88e-09 2.74213e-06 
5.9e-09 2.74432e-06 
5.92e-09 2.7465e-06 
5.94e-09 2.74867e-06 
5.96e-09 2.75082e-06 
5.98e-09 2.75296e-06 
6e-09 2.75509e-06 
6.02e-09 2.75721e-06 
6.04e-09 2.75932e-06 
6.06e-09 2.76141e-06 
6.08e-09 2.76349e-06 
6.1e-09 2.76556e-06 
6.12e-09 2.76762e-06 
6.14e-09 2.76967e-06 
6.16e-09 2.77171e-06 
6.18e-09 2.77374e-06 
6.2e-09 2.77575e-06 
6.22e-09 2.77776e-06 
6.24e-09 2.77976e-06 
6.26e-09 2.78174e-06 
6.28e-09 2.78372e-06 
6.3e-09 2.78569e-06 
6.32e-09 2.78764e-06 
6.34e-09 2.78959e-06 
6.36e-09 2.79153e-06 
6.38e-09 2.79346e-06 
6.4e-09 2.79538e-06 
6.42e-09 2.79729e-06 
6.44e-09 2.79919e-06 
6.46e-09 2.80108e-06 
6.48e-09 2.80297e-06 
6.5e-09 2.80484e-06 
6.52e-09 2.80671e-06 
6.54e-09 2.80857e-06 
6.56e-09 2.81042e-06 
6.58e-09 2.81227e-06 
6.6e-09 2.8141e-06 
6.62e-09 2.81593e-06 
6.64e-09 2.81775e-06 
6.66e-09 2.81956e-06 
6.68e-09 2.82137e-06 
6.7e-09 2.82316e-06 
6.72e-09 2.82495e-06 
6.74e-09 2.82674e-06 
6.76e-09 2.82851e-06 
6.78e-09 2.83028e-06 
6.8e-09 2.83204e-06 
6.82e-09 2.83379e-06 
6.84e-09 2.83554e-06 
6.86e-09 2.83728e-06 
6.88e-09 2.83901e-06 
6.9e-09 2.84074e-06 
6.92e-09 2.84246e-06 
6.94e-09 2.84418e-06 
6.96e-09 2.84588e-06 
6.98e-09 2.84758e-06 
7e-09 2.84928e-06 
7.02e-09 2.85097e-06 
7.04e-09 2.85265e-06 
7.06e-09 2.85433e-06 
7.08e-09 2.856e-06 
7.1e-09 2.85766e-06 
7.12e-09 2.85932e-06 
7.14e-09 2.86097e-06 
7.16e-09 2.86262e-06 
7.18e-09 2.86426e-06 
7.2e-09 2.8659e-06 
7.22e-09 2.86753e-06 
7.24e-09 2.86915e-06 
7.26e-09 2.87077e-06 
7.28e-09 2.87238e-06 
7.3e-09 2.87399e-06 
7.32e-09 2.8756e-06 
7.34e-09 2.87719e-06 
7.36e-09 2.87879e-06 
7.38e-09 2.88037e-06 
7.4e-09 2.88195e-06 
7.42e-09 2.88353e-06 
7.44e-09 2.8851e-06 
7.46e-09 2.88667e-06 
7.48e-09 2.88823e-06 
7.5e-09 2.88979e-06 
7.52e-09 2.89134e-06 
7.54e-09 2.89289e-06 
7.56e-09 2.89443e-06 
7.58e-09 2.89597e-06 
7.6e-09 2.8975e-06 
7.62e-09 2.89903e-06 
7.64e-09 2.90056e-06 
7.66e-09 2.90208e-06 
7.68e-09 2.90359e-06 
7.7e-09 2.9051e-06 
7.72e-09 2.90661e-06 
7.74e-09 2.90811e-06 
7.76e-09 2.90961e-06 
7.78e-09 2.9111e-06 
7.8e-09 2.91259e-06 
7.82e-09 2.91407e-06 
7.84e-09 2.91555e-06 
7.86e-09 2.91703e-06 
7.88e-09 2.9185e-06 
7.9e-09 2.91997e-06 
7.92e-09 2.92143e-06 
7.94e-09 2.92289e-06 
7.96e-09 2.92435e-06 
7.98e-09 2.9258e-06 
8e-09 2.92725e-06 
8.02e-09 2.92869e-06 
8.04e-09 2.93013e-06 
8.06e-09 2.93157e-06 
8.08e-09 2.933e-06 
8.1e-09 2.93443e-06 
8.12e-09 2.93586e-06 
8.14e-09 2.93728e-06 
8.16e-09 2.93869e-06 
8.18e-09 2.94011e-06 
8.2e-09 2.94152e-06 
8.22e-09 2.94292e-06 
8.24e-09 2.94433e-06 
8.26e-09 2.94572e-06 
8.28e-09 2.94712e-06 
8.3e-09 2.94851e-06 
8.32e-09 2.9499e-06 
8.34e-09 2.95129e-06 
8.36e-09 2.95267e-06 
8.38e-09 2.95405e-06 
8.4e-09 2.95542e-06 
8.42e-09 2.95679e-06 
8.44e-09 2.95816e-06 
8.46e-09 2.95952e-06 
8.48e-09 2.96088e-06 
8.5e-09 2.96224e-06 
8.52e-09 2.9636e-06 
8.54e-09 2.96495e-06 
8.56e-09 2.9663e-06 
8.58e-09 2.96764e-06 
8.6e-09 2.96898e-06 
8.62e-09 2.97032e-06 
8.64e-09 2.97166e-06 
8.66e-09 2.97299e-06 
8.68e-09 2.97432e-06 
8.7e-09 2.97565e-06 
8.72e-09 2.97697e-06 
8.74e-09 2.97829e-06 
8.76e-09 2.97961e-06 
8.78e-09 2.98092e-06 
8.8e-09 2.98223e-06 
8.82e-09 2.98354e-06 
8.84e-09 2.98484e-06 
8.86e-09 2.98615e-06 
8.88e-09 2.98745e-06 
8.9e-09 2.98874e-06 
8.92e-09 2.99004e-06 
8.94e-09 2.99133e-06 
8.96e-09 2.99261e-06 
8.98e-09 2.9939e-06 
9e-09 2.99518e-06 
9.02e-09 2.99646e-06 
9.04e-09 2.99774e-06 
9.06e-09 2.99901e-06 
9.08e-09 3.00028e-06 
9.1e-09 3.00155e-06 
9.12e-09 3.00282e-06 
9.14e-09 3.00408e-06 
9.16e-09 3.00534e-06 
9.18e-09 3.0066e-06 
9.2e-09 3.00785e-06 
9.22e-09 3.00911e-06 
9.24e-09 3.01036e-06 
9.26e-09 3.0116e-06 
9.28e-09 3.01285e-06 
9.3e-09 3.01409e-06 
9.32e-09 3.01533e-06 
9.34e-09 3.01657e-06 
9.36e-09 3.0178e-06 
9.38e-09 3.01903e-06 
9.4e-09 3.02026e-06 
9.42e-09 3.02149e-06 
9.44e-09 3.02271e-06 
9.46e-09 3.02394e-06 
9.48e-09 3.02516e-06 
9.5e-09 3.02637e-06 
9.52e-09 3.02759e-06 
9.54e-09 3.0288e-06 
9.56e-09 3.03001e-06 
9.58e-09 3.03122e-06 
9.6e-09 3.03242e-06 
9.62e-09 3.03363e-06 
9.64e-09 3.03483e-06 
9.66e-09 3.03603e-06 
9.68e-09 3.03722e-06 
9.7e-09 3.03842e-06 
9.72e-09 3.03961e-06 
9.74e-09 3.0408e-06 
9.76e-09 3.04198e-06 
9.78e-09 3.04317e-06 
9.8e-09 3.04435e-06 
9.82e-09 3.04553e-06 
9.84e-09 3.04671e-06 
9.86e-09 3.04788e-06 
9.88e-09 3.04906e-06 
9.9e-09 3.05023e-06 
9.92e-09 3.0514e-06 
9.94e-09 3.05257e-06 
9.96e-09 3.05373e-06 
9.98e-09 3.05489e-06 
1e-08 3.05605e-06 
