0 -6.62e-28 
2e-11 -4.53e-28 
4e-11 1.382e-27 
6e-11 2.979e-27 
8e-11 4.225e-27 
1e-10 5.476e-27 
1.2e-10 6.764e-27 
1.4e-10 8.042e-27 
1.6e-10 9.301e-27 
1.8e-10 1.0581e-26 
2e-10 1.1875e-26 
2.2e-10 1.2775e-26 
2.4e-10 1.331e-26 
2.6e-10 1.3836e-26 
2.8e-10 1.4339e-26 
3e-10 1.486e-26 
3.2e-10 1.5399e-26 
3.4e-10 1.5937e-26 
3.6e-10 1.645e-26 
3.8e-10 1.6941e-26 
4e-10 1.7426e-26 
4.2e-10 1.7925e-26 
4.4e-10 1.843e-26 
4.6e-10 1.9286e-26 
4.8e-10 2.0496e-26 
5e-10 2.1794e-26 
5.2e-10 2.3115e-26 
5.4e-10 2.4346e-26 
5.6e-10 2.5622e-26 
5.8e-10 2.6928e-26 
6e-10 2.8183e-26 
6.2e-10 2.9437e-26 
6.4e-10 3.0659e-26 
6.6e-10 3.1838e-26 
6.8e-10 3.3045e-26 
7e-10 3.4306e-26 
7.2e-10 3.5581e-26 
7.4e-10 3.6801e-26 
7.6e-10 3.8013e-26 
7.8e-10 3.9245e-26 
8e-10 4.0504e-26 
8.2e-10 4.1799e-26 
8.4e-10 4.3058e-26 
8.6e-10 4.4303e-26 
8.8e-10 4.557e-26 
9e-10 4.679e-26 
9.2e-10 4.7996e-26 
9.4e-10 4.9276e-26 
9.6e-10 5.0603e-26 
9.8e-10 5.1188e-26 
1e-09 5.1898e-26 
1.02e-09 5.3337e-26 
1.04e-09 5.4675e-26 
1.06e-09 5.6045e-26 
1.08e-09 5.7386e-26 
1.1e-09 5.8675e-26 
1.12e-09 5.9961e-26 
1.14e-09 6.1286e-26 
1.16e-09 6.2624e-26 
1.18e-09 6.397e-26 
1.2e-09 6.5305e-26 
1.22e-09 6.6632e-26 
1.24e-09 6.7965e-26 
1.26e-09 6.9314e-26 
1.28e-09 7.066e-26 
1.3e-09 7.2031e-26 
1.32e-09 7.3419e-26 
1.34e-09 7.479e-26 
1.36e-09 7.6145e-26 
1.38e-09 7.7505e-26 
1.4e-09 7.8868e-26 
1.42e-09 8.0211e-26 
1.44e-09 8.1547e-26 
1.46e-09 8.2892e-26 
1.48e-09 8.4933e-26 
1.5e-09 8.6244e-26 
1.52e-09 8.6842e-26 
1.54e-09 8.8189e-26 
1.56e-09 8.9556e-26 
1.58e-09 9.0897e-26 
1.6e-09 9.2268e-26 
1.62e-09 9.3635e-26 
1.64e-09 9.4944e-26 
1.66e-09 9.625e-26 
1.68e-09 9.7578e-26 
1.7e-09 9.8921e-26 
1.72e-09 1.00255e-25 
1.74e-09 1.01576e-25 
1.76e-09 1.02897e-25 
1.78e-09 1.0421e-25 
1.8e-09 1.05542e-25 
1.82e-09 1.06871e-25 
1.84e-09 1.08165e-25 
1.86e-09 1.09393e-25 
1.88e-09 1.10625e-25 
1.9e-09 1.11943e-25 
1.92e-09 1.1327e-25 
1.94e-09 1.14588e-25 
1.96e-09 1.15914e-25 
1.98e-09 5.53325e-19 
2e-09 2.43364e-18 
2.02e-09 4.89965e-18 
2.04e-09 7.01012e-18 
2.06e-09 8.81602e-18 
2.08e-09 1.03768e-17 
2.1e-09 1.1744e-17 
2.12e-09 1.2958e-17 
2.14e-09 1.40494e-17 
2.16e-09 1.50407e-17 
2.18e-09 1.59485e-17 
2.2e-09 1.67852e-17 
2.22e-09 1.75605e-17 
2.24e-09 1.82817e-17 
2.26e-09 1.89547e-17 
2.28e-09 1.95845e-17 
2.3e-09 2.01752e-17 
2.32e-09 2.07303e-17 
2.34e-09 2.12529e-17 
2.36e-09 2.17457e-17 
2.38e-09 2.22111e-17 
2.4e-09 2.26514e-17 
2.42e-09 2.30686e-17 
2.44e-09 2.34644e-17 
2.46e-09 2.38406e-17 
2.48e-09 2.41987e-17 
2.5e-09 2.45401e-17 
2.52e-09 2.48661e-17 
2.54e-09 2.51779e-17 
2.56e-09 2.54766e-17 
2.58e-09 2.57634e-17 
2.6e-09 2.6039e-17 
2.62e-09 2.63044e-17 
2.64e-09 2.65605e-17 
2.66e-09 2.68079e-17 
2.68e-09 2.70474e-17 
2.7e-09 2.72796e-17 
2.72e-09 2.75051e-17 
2.74e-09 2.77244e-17 
2.76e-09 2.79381e-17 
2.78e-09 2.81465e-17 
2.8e-09 2.83501e-17 
2.82e-09 2.85493e-17 
2.84e-09 2.87444e-17 
2.86e-09 2.89357e-17 
2.88e-09 2.91236e-17 
2.9e-09 2.93083e-17 
2.92e-09 2.949e-17 
2.94e-09 2.9669e-17 
2.96e-09 2.98454e-17 
2.98e-09 3.00195e-17 
3e-09 3.01914e-17 
3.02e-09 3.03613e-17 
3.04e-09 3.05292e-17 
3.06e-09 3.06954e-17 
3.08e-09 3.08599e-17 
3.1e-09 3.10229e-17 
3.12e-09 3.11844e-17 
3.14e-09 3.13444e-17 
3.16e-09 3.15032e-17 
3.18e-09 3.16608e-17 
3.2e-09 3.18171e-17 
3.22e-09 3.19723e-17 
3.24e-09 3.21264e-17 
3.26e-09 3.22795e-17 
3.28e-09 3.24316e-17 
3.3e-09 3.25828e-17 
3.32e-09 3.2733e-17 
3.34e-09 3.28823e-17 
3.36e-09 3.30307e-17 
3.38e-09 3.31783e-17 
3.4e-09 3.33251e-17 
3.42e-09 3.34711e-17 
3.44e-09 3.36162e-17 
3.46e-09 3.37606e-17 
3.48e-09 3.39043e-17 
3.5e-09 3.40472e-17 
3.52e-09 3.41894e-17 
3.54e-09 3.43308e-17 
3.56e-09 3.44716e-17 
3.58e-09 3.46116e-17 
3.6e-09 3.47509e-17 
3.62e-09 3.48896e-17 
3.64e-09 3.50276e-17 
3.66e-09 3.51649e-17 
3.68e-09 3.53016e-17 
3.7e-09 3.54376e-17 
3.72e-09 3.5573e-17 
3.74e-09 3.57077e-17 
3.76e-09 3.58418e-17 
3.78e-09 3.59753e-17 
3.8e-09 3.61081e-17 
3.82e-09 3.62404e-17 
3.84e-09 3.6372e-17 
3.86e-09 3.6503e-17 
3.88e-09 3.66334e-17 
3.9e-09 3.67631e-17 
3.92e-09 3.68923e-17 
3.94e-09 3.70209e-17 
3.96e-09 3.7149e-17 
3.98e-09 3.72764e-17 
4e-09 3.74033e-17 
4.02e-09 3.75295e-17 
4.04e-09 3.76553e-17 
4.06e-09 3.77804e-17 
4.08e-09 3.7905e-17 
4.1e-09 3.8029e-17 
4.12e-09 3.81525e-17 
4.14e-09 3.82754e-17 
4.16e-09 3.83978e-17 
4.18e-09 3.85196e-17 
4.2e-09 3.8641e-17 
4.22e-09 3.87617e-17 
4.24e-09 3.8882e-17 
4.26e-09 3.90017e-17 
4.28e-09 3.91209e-17 
4.3e-09 3.92395e-17 
4.32e-09 3.93577e-17 
4.34e-09 3.94754e-17 
4.36e-09 3.95925e-17 
4.38e-09 3.97091e-17 
4.4e-09 3.98253e-17 
4.42e-09 3.99409e-17 
4.44e-09 4.00561e-17 
4.46e-09 4.01707e-17 
4.48e-09 4.02849e-17 
4.5e-09 4.03986e-17 
4.52e-09 4.05118e-17 
4.54e-09 4.06245e-17 
4.56e-09 4.07368e-17 
4.58e-09 4.08486e-17 
4.6e-09 4.09599e-17 
4.62e-09 4.10708e-17 
4.64e-09 4.11812e-17 
4.66e-09 4.12912e-17 
4.68e-09 4.14007e-17 
4.7e-09 4.15098e-17 
4.72e-09 4.16184e-17 
4.74e-09 4.17265e-17 
4.76e-09 4.18343e-17 
4.78e-09 4.19416e-17 
4.8e-09 4.20484e-17 
4.82e-09 4.21549e-17 
4.84e-09 4.22609e-17 
4.86e-09 4.23665e-17 
4.88e-09 4.24716e-17 
4.9e-09 4.25764e-17 
4.92e-09 4.26807e-17 
4.94e-09 4.27846e-17 
4.96e-09 4.28881e-17 
4.98e-09 4.29912e-17 
5e-09 4.30939e-17 
5.02e-09 4.31962e-17 
5.04e-09 4.32981e-17 
5.06e-09 4.33996e-17 
5.08e-09 4.35007e-17 
5.1e-09 4.36014e-17 
5.12e-09 4.37017e-17 
5.14e-09 4.38017e-17 
5.16e-09 4.39012e-17 
5.18e-09 4.40004e-17 
5.2e-09 4.40992e-17 
5.22e-09 4.41977e-17 
5.24e-09 4.42957e-17 
5.26e-09 4.43934e-17 
5.28e-09 4.44907e-17 
5.3e-09 4.45877e-17 
5.32e-09 4.46843e-17 
5.34e-09 4.47805e-17 
5.36e-09 4.48764e-17 
5.38e-09 4.49719e-17 
5.4e-09 4.5067e-17 
5.42e-09 4.51619e-17 
5.44e-09 4.52563e-17 
5.46e-09 4.53504e-17 
5.48e-09 4.54442e-17 
5.5e-09 4.55376e-17 
5.52e-09 4.56307e-17 
5.54e-09 4.57235e-17 
5.56e-09 4.58159e-17 
5.58e-09 4.5908e-17 
5.6e-09 4.59997e-17 
5.62e-09 4.60912e-17 
5.64e-09 4.61823e-17 
5.66e-09 4.6273e-17 
5.68e-09 4.63635e-17 
5.7e-09 4.64536e-17 
5.72e-09 4.65434e-17 
5.74e-09 4.66329e-17 
5.76e-09 4.67221e-17 
5.78e-09 4.6811e-17 
5.8e-09 4.68995e-17 
5.82e-09 4.69878e-17 
5.84e-09 4.70757e-17 
5.86e-09 4.71633e-17 
5.88e-09 4.72507e-17 
5.9e-09 4.73377e-17 
5.92e-09 4.74244e-17 
5.94e-09 4.75108e-17 
5.96e-09 4.7597e-17 
5.98e-09 4.76828e-17 
6e-09 4.77684e-17 
6.02e-09 4.78536e-17 
6.04e-09 4.79386e-17 
6.06e-09 4.80233e-17 
6.08e-09 4.81076e-17 
6.1e-09 4.81918e-17 
6.12e-09 4.82756e-17 
6.14e-09 4.83591e-17 
6.16e-09 4.84424e-17 
6.18e-09 4.85254e-17 
6.2e-09 4.86081e-17 
6.22e-09 4.86905e-17 
6.24e-09 4.87727e-17 
6.26e-09 4.88546e-17 
6.28e-09 4.89362e-17 
6.3e-09 4.90176e-17 
6.32e-09 4.90987e-17 
6.34e-09 4.91795e-17 
6.36e-09 4.92601e-17 
6.38e-09 4.93404e-17 
6.4e-09 4.94204e-17 
6.42e-09 4.95002e-17 
6.44e-09 4.95797e-17 
6.46e-09 4.9659e-17 
6.48e-09 4.9738e-17 
6.5e-09 4.98168e-17 
6.52e-09 4.98953e-17 
6.54e-09 4.99736e-17 
6.56e-09 5.00516e-17 
6.58e-09 5.01293e-17 
6.6e-09 5.02069e-17 
6.62e-09 5.02841e-17 
6.64e-09 5.03612e-17 
6.66e-09 5.0438e-17 
6.68e-09 5.05145e-17 
6.7e-09 5.05908e-17 
6.72e-09 5.06669e-17 
6.74e-09 5.07428e-17 
6.76e-09 5.08184e-17 
6.78e-09 5.08937e-17 
6.8e-09 5.09689e-17 
6.82e-09 5.10438e-17 
6.84e-09 5.11185e-17 
6.86e-09 5.11929e-17 
6.88e-09 5.12671e-17 
6.9e-09 5.13411e-17 
6.92e-09 5.14149e-17 
6.94e-09 5.14885e-17 
6.96e-09 5.15618e-17 
6.98e-09 5.16349e-17 
7e-09 5.17078e-17 
7.02e-09 5.17804e-17 
7.04e-09 5.18529e-17 
7.06e-09 5.19251e-17 
7.08e-09 5.19971e-17 
7.1e-09 5.20689e-17 
7.12e-09 5.21405e-17 
7.14e-09 5.22119e-17 
7.16e-09 5.22831e-17 
7.18e-09 5.2354e-17 
7.2e-09 5.24248e-17 
7.22e-09 5.24953e-17 
7.24e-09 5.25657e-17 
7.26e-09 5.26358e-17 
7.28e-09 5.27057e-17 
7.3e-09 5.27754e-17 
7.32e-09 5.2845e-17 
7.34e-09 5.29143e-17 
7.36e-09 5.29834e-17 
7.38e-09 5.30523e-17 
7.4e-09 5.31211e-17 
7.42e-09 5.31896e-17 
7.44e-09 5.32579e-17 
7.46e-09 5.33261e-17 
7.48e-09 5.3394e-17 
7.5e-09 5.34618e-17 
7.52e-09 5.35293e-17 
7.54e-09 5.35967e-17 
7.56e-09 5.36639e-17 
7.58e-09 5.37308e-17 
7.6e-09 5.37977e-17 
7.62e-09 5.38643e-17 
7.64e-09 5.39307e-17 
7.66e-09 5.39969e-17 
7.68e-09 5.4063e-17 
7.7e-09 5.41289e-17 
7.72e-09 5.41946e-17 
7.74e-09 5.42601e-17 
7.76e-09 5.43254e-17 
7.78e-09 5.43906e-17 
7.8e-09 5.44555e-17 
7.82e-09 5.45203e-17 
7.84e-09 5.4585e-17 
7.86e-09 5.46494e-17 
7.88e-09 5.47137e-17 
7.9e-09 5.47778e-17 
7.92e-09 5.48417e-17 
7.94e-09 5.49054e-17 
7.96e-09 5.4969e-17 
7.98e-09 5.50324e-17 
8e-09 5.50957e-17 
8.02e-09 5.51587e-17 
8.04e-09 5.52216e-17 
8.06e-09 5.52844e-17 
8.08e-09 5.53469e-17 
8.1e-09 5.54093e-17 
8.12e-09 5.54716e-17 
8.14e-09 5.55336e-17 
8.16e-09 5.55955e-17 
8.18e-09 5.56573e-17 
8.2e-09 5.57189e-17 
8.22e-09 5.57803e-17 
8.24e-09 5.58415e-17 
8.26e-09 5.59026e-17 
8.28e-09 5.59636e-17 
8.3e-09 5.60244e-17 
8.32e-09 5.6085e-17 
8.34e-09 5.61455e-17 
8.36e-09 5.62058e-17 
8.38e-09 5.62659e-17 
8.4e-09 5.63259e-17 
8.42e-09 5.63858e-17 
8.44e-09 5.64455e-17 
8.46e-09 5.6505e-17 
8.48e-09 5.65644e-17 
8.5e-09 5.66237e-17 
8.52e-09 5.66828e-17 
8.54e-09 5.67417e-17 
8.56e-09 5.68005e-17 
8.58e-09 5.68592e-17 
8.6e-09 5.69177e-17 
8.62e-09 5.6976e-17 
8.64e-09 5.70342e-17 
8.66e-09 5.70923e-17 
8.68e-09 5.71502e-17 
8.7e-09 5.7208e-17 
8.72e-09 5.72656e-17 
8.74e-09 5.73231e-17 
8.76e-09 5.73804e-17 
8.78e-09 5.74376e-17 
8.8e-09 5.74947e-17 
8.82e-09 5.75516e-17 
8.84e-09 5.76084e-17 
8.86e-09 5.76651e-17 
8.88e-09 5.77216e-17 
8.9e-09 5.77779e-17 
8.92e-09 5.78342e-17 
8.94e-09 5.78903e-17 
8.96e-09 5.79462e-17 
8.98e-09 5.80021e-17 
9e-09 5.80578e-17 
9.02e-09 5.81133e-17 
9.04e-09 5.81688e-17 
9.06e-09 5.8224e-17 
9.08e-09 5.82792e-17 
9.1e-09 5.83342e-17 
9.12e-09 5.83891e-17 
9.14e-09 5.84439e-17 
9.16e-09 5.84986e-17 
9.18e-09 5.85531e-17 
9.2e-09 5.86074e-17 
9.22e-09 5.86617e-17 
9.24e-09 5.87158e-17 
9.26e-09 5.87698e-17 
9.28e-09 5.88237e-17 
9.3e-09 5.88774e-17 
9.32e-09 5.89311e-17 
9.34e-09 5.89846e-17 
9.36e-09 5.90379e-17 
9.38e-09 5.90912e-17 
9.4e-09 5.91443e-17 
9.42e-09 5.91973e-17 
9.44e-09 5.92502e-17 
9.46e-09 5.9303e-17 
9.48e-09 5.93556e-17 
9.5e-09 5.94081e-17 
9.52e-09 5.94605e-17 
9.54e-09 5.95128e-17 
9.56e-09 5.9565e-17 
9.58e-09 5.9617e-17 
9.6e-09 5.9669e-17 
9.62e-09 5.97208e-17 
9.64e-09 5.97725e-17 
9.66e-09 5.9824e-17 
9.68e-09 5.98755e-17 
9.7e-09 5.99268e-17 
9.72e-09 5.99781e-17 
9.74e-09 6.00292e-17 
9.76e-09 6.00802e-17 
9.78e-09 6.01311e-17 
9.8e-09 6.01818e-17 
9.82e-09 6.02325e-17 
9.84e-09 6.02831e-17 
9.86e-09 6.03335e-17 
9.88e-09 6.03838e-17 
9.9e-09 6.04341e-17 
9.92e-09 6.04842e-17 
9.94e-09 6.05342e-17 
9.96e-09 6.0584e-17 
9.98e-09 6.06338e-17 
1e-08 6.06587e-17 
