0 0 
2e-11 -3.825e-17 
4e-11 -3.59e-17 
6e-11 5.1e-17 
8e-11 1.271e-16 
1e-10 1.889e-16 
1.2e-10 2.503e-16 
1.4e-10 3.107e-16 
1.6e-10 3.709e-16 
1.8e-10 4.2845e-16 
2e-10 4.847e-16 
2.2e-10 5.423e-16 
2.4e-10 5.8315e-16 
2.6e-10 6.048e-16 
2.8e-10 6.2515e-16 
3e-10 6.46e-16 
3.2e-10 6.6745e-16 
3.4e-10 6.885e-16 
3.6e-10 7.1065e-16 
3.8e-10 7.3225e-16 
4e-10 7.5145e-16 
4.2e-10 7.717e-16 
4.4e-10 7.944e-16 
4.6e-10 8.1585e-16 
4.8e-10 8.5545e-16 
5e-10 9.14e-16 
5.2e-10 9.729e-16 
5.4e-10 1.0328e-15 
5.6e-10 1.0938e-15 
5.8e-10 1.1548e-15 
6e-10 1.21555e-15 
6.2e-10 1.277e-15 
6.4e-10 1.33805e-15 
6.6e-10 1.39825e-15 
6.8e-10 1.45775e-15 
7e-10 1.51945e-15 
7.2e-10 1.5809e-15 
7.4e-10 1.64115e-15 
7.6e-10 1.70295e-15 
7.8e-10 1.7652e-15 
8e-10 1.82495e-15 
8.2e-10 1.8829e-15 
8.4e-10 1.94295e-15 
8.6e-10 2.005e-15 
8.8e-10 2.06665e-15 
9e-10 2.12615e-15 
9.2e-10 2.1859e-15 
9.4e-10 2.24585e-15 
9.6e-10 2.3052e-15 
9.8e-10 2.36635e-15 
1e-09 2.39425e-15 
1.02e-09 2.43295e-15 
1.04e-09 2.5049e-15 
1.06e-09 2.56595e-15 
1.08e-09 2.62745e-15 
1.1e-09 2.6899e-15 
1.12e-09 2.75245e-15 
1.14e-09 2.8156e-15 
1.16e-09 2.87775e-15 
1.18e-09 2.93565e-15 
1.2e-09 2.99345e-15 
1.22e-09 3.05275e-15 
1.24e-09 3.1133e-15 
1.26e-09 3.1737e-15 
1.28e-09 3.2335e-15 
1.3e-09 3.2951e-15 
1.32e-09 3.35795e-15 
1.34e-09 3.4189e-15 
1.36e-09 3.4799e-15 
1.38e-09 3.5434e-15 
1.4e-09 3.6069e-15 
1.42e-09 3.6697e-15 
1.44e-09 3.73085e-15 
1.46e-09 3.791e-15 
1.48e-09 3.8537e-15 
1.5e-09 3.9543e-15 
1.52e-09 4.01855e-15 
1.54e-09 4.0473e-15 
1.56e-09 4.1113e-15 
1.58e-09 4.17335e-15 
1.6e-09 4.2337e-15 
1.62e-09 4.2948e-15 
1.64e-09 4.35745e-15 
1.66e-09 4.4186e-15 
1.68e-09 4.47875e-15 
1.7e-09 4.53815e-15 
1.72e-09 4.5997e-15 
1.74e-09 4.6643e-15 
1.76e-09 4.7281e-15 
1.78e-09 4.79095e-15 
1.8e-09 4.85345e-15 
1.82e-09 4.9171e-15 
1.84e-09 4.9814e-15 
1.86e-09 5.0449e-15 
1.88e-09 5.1057e-15 
1.9e-09 5.1658e-15 
1.92e-09 5.2284e-15 
1.94e-09 5.29005e-15 
1.96e-09 5.35105e-15 
1.98e-09 5.4132e-15 
2e-09 3.40348e-08 
2.02e-09 1.4605e-07 
2.04e-09 2.89091e-07 
2.06e-09 4.08249e-07 
2.08e-09 5.07803e-07 
2.1e-09 5.9206e-07 
2.12e-09 6.64551e-07 
2.14e-09 7.27931e-07 
2.16e-09 7.84122e-07 
2.18e-09 8.34525e-07 
2.2e-09 8.80157e-07 
2.22e-09 9.21768e-07 
2.24e-09 9.59923e-07 
2.26e-09 9.95059e-07 
2.28e-09 1.02752e-06 
2.3e-09 1.05759e-06 
2.32e-09 1.0855e-06 
2.34e-09 1.11146e-06 
2.36e-09 1.13562e-06 
2.38e-09 1.15815e-06 
2.4e-09 1.17918e-06 
2.42e-09 1.19883e-06 
2.44e-09 1.21721e-06 
2.46e-09 1.23441e-06 
2.48e-09 1.25053e-06 
2.5e-09 1.26565e-06 
2.52e-09 1.27985e-06 
2.54e-09 1.29319e-06 
2.56e-09 1.30573e-06 
2.58e-09 1.31755e-06 
2.6e-09 1.32869e-06 
2.62e-09 1.3392e-06 
2.64e-09 1.34913e-06 
2.66e-09 1.35852e-06 
2.68e-09 1.36741e-06 
2.7e-09 1.37584e-06 
2.72e-09 1.38385e-06 
2.74e-09 1.39145e-06 
2.76e-09 1.39869e-06 
2.78e-09 1.40558e-06 
2.8e-09 1.41215e-06 
2.82e-09 1.41843e-06 
2.84e-09 1.42443e-06 
2.86e-09 1.43017e-06 
2.88e-09 1.43566e-06 
2.9e-09 1.44094e-06 
2.92e-09 1.446e-06 
2.94e-09 1.45087e-06 
2.96e-09 1.45555e-06 
2.98e-09 1.46005e-06 
3e-09 1.4644e-06 
3.02e-09 1.46858e-06 
3.04e-09 1.47263e-06 
3.06e-09 1.47654e-06 
3.08e-09 1.48032e-06 
3.1e-09 1.48398e-06 
3.12e-09 1.48752e-06 
3.14e-09 1.49096e-06 
3.16e-09 1.49429e-06 
3.18e-09 1.49753e-06 
3.2e-09 1.50067e-06 
3.22e-09 1.50373e-06 
3.24e-09 1.5067e-06 
3.26e-09 1.5096e-06 
3.28e-09 1.51242e-06 
3.3e-09 1.51517e-06 
3.32e-09 1.51785e-06 
3.34e-09 1.52047e-06 
3.36e-09 1.52302e-06 
3.38e-09 1.52552e-06 
3.4e-09 1.52796e-06 
3.42e-09 1.53034e-06 
3.44e-09 1.53268e-06 
3.46e-09 1.53496e-06 
3.48e-09 1.5372e-06 
3.5e-09 1.5394e-06 
3.52e-09 1.54155e-06 
3.54e-09 1.54366e-06 
3.56e-09 1.54573e-06 
3.58e-09 1.54776e-06 
3.6e-09 1.54975e-06 
3.62e-09 1.55171e-06 
3.64e-09 1.55364e-06 
3.66e-09 1.55553e-06 
3.68e-09 1.55739e-06 
3.7e-09 1.55922e-06 
3.72e-09 1.56103e-06 
3.74e-09 1.5628e-06 
3.76e-09 1.56455e-06 
3.78e-09 1.56627e-06 
3.8e-09 1.56797e-06 
3.82e-09 1.56964e-06 
3.84e-09 1.57129e-06 
3.86e-09 1.57292e-06 
3.88e-09 1.57452e-06 
3.9e-09 1.57611e-06 
3.92e-09 1.57767e-06 
3.94e-09 1.57921e-06 
3.96e-09 1.58074e-06 
3.98e-09 1.58224e-06 
4e-09 1.58373e-06 
4.02e-09 1.5852e-06 
4.04e-09 1.58665e-06 
4.06e-09 1.58809e-06 
4.08e-09 1.58951e-06 
4.1e-09 1.59091e-06 
4.12e-09 1.5923e-06 
4.14e-09 1.59367e-06 
4.16e-09 1.59504e-06 
4.18e-09 1.59638e-06 
4.2e-09 1.59771e-06 
4.22e-09 1.59903e-06 
4.24e-09 1.60034e-06 
4.26e-09 1.60164e-06 
4.28e-09 1.60292e-06 
4.3e-09 1.60419e-06 
4.32e-09 1.60545e-06 
4.34e-09 1.6067e-06 
4.36e-09 1.60793e-06 
4.38e-09 1.60916e-06 
4.4e-09 1.61037e-06 
4.42e-09 1.61158e-06 
4.44e-09 1.61277e-06 
4.46e-09 1.61396e-06 
4.48e-09 1.61513e-06 
4.5e-09 1.6163e-06 
4.52e-09 1.61746e-06 
4.54e-09 1.61861e-06 
4.56e-09 1.61975e-06 
4.58e-09 1.62088e-06 
4.6e-09 1.622e-06 
4.62e-09 1.62311e-06 
4.64e-09 1.62422e-06 
4.66e-09 1.62532e-06 
4.68e-09 1.62641e-06 
4.7e-09 1.62749e-06 
4.72e-09 1.62857e-06 
4.74e-09 1.62964e-06 
4.76e-09 1.6307e-06 
4.78e-09 1.63175e-06 
4.8e-09 1.6328e-06 
4.82e-09 1.63384e-06 
4.84e-09 1.63488e-06 
4.86e-09 1.63591e-06 
4.88e-09 1.63693e-06 
4.9e-09 1.63794e-06 
4.92e-09 1.63895e-06 
4.94e-09 1.63996e-06 
4.96e-09 1.64095e-06 
4.98e-09 1.64194e-06 
5e-09 1.64293e-06 
5.02e-09 1.64391e-06 
5.04e-09 1.64489e-06 
5.06e-09 1.64585e-06 
5.08e-09 1.64682e-06 
5.1e-09 1.64778e-06 
5.12e-09 1.64873e-06 
5.14e-09 1.64968e-06 
5.16e-09 1.65062e-06 
5.18e-09 1.65156e-06 
5.2e-09 1.6525e-06 
5.22e-09 1.65342e-06 
5.24e-09 1.65435e-06 
5.26e-09 1.65527e-06 
5.28e-09 1.65618e-06 
5.3e-09 1.65709e-06 
5.32e-09 1.658e-06 
5.34e-09 1.6589e-06 
5.36e-09 1.6598e-06 
5.38e-09 1.66069e-06 
5.4e-09 1.66158e-06 
5.42e-09 1.66247e-06 
5.44e-09 1.66335e-06 
5.46e-09 1.66423e-06 
5.48e-09 1.6651e-06 
5.5e-09 1.66597e-06 
5.52e-09 1.66683e-06 
5.54e-09 1.6677e-06 
5.56e-09 1.66855e-06 
5.58e-09 1.66941e-06 
5.6e-09 1.67026e-06 
5.62e-09 1.67111e-06 
5.64e-09 1.67195e-06 
5.66e-09 1.67279e-06 
5.68e-09 1.67363e-06 
5.7e-09 1.67446e-06 
5.72e-09 1.67529e-06 
5.74e-09 1.67612e-06 
5.76e-09 1.67694e-06 
5.78e-09 1.67776e-06 
5.8e-09 1.67858e-06 
5.82e-09 1.67939e-06 
5.84e-09 1.6802e-06 
5.86e-09 1.68101e-06 
5.88e-09 1.68181e-06 
5.9e-09 1.68262e-06 
5.92e-09 1.68341e-06 
5.94e-09 1.68421e-06 
5.96e-09 1.685e-06 
5.98e-09 1.68579e-06 
6e-09 1.68658e-06 
6.02e-09 1.68736e-06 
6.04e-09 1.68815e-06 
6.06e-09 1.68893e-06 
6.08e-09 1.6897e-06 
6.1e-09 1.69048e-06 
6.12e-09 1.69125e-06 
6.14e-09 1.69201e-06 
6.16e-09 1.69278e-06 
6.18e-09 1.69354e-06 
6.2e-09 1.6943e-06 
6.22e-09 1.69506e-06 
6.24e-09 1.69582e-06 
6.26e-09 1.69657e-06 
6.28e-09 1.69732e-06 
6.3e-09 1.69807e-06 
6.32e-09 1.69882e-06 
6.34e-09 1.69956e-06 
6.36e-09 1.7003e-06 
6.38e-09 1.70104e-06 
6.4e-09 1.70178e-06 
6.42e-09 1.70251e-06 
6.44e-09 1.70325e-06 
6.46e-09 1.70398e-06 
6.48e-09 1.7047e-06 
6.5e-09 1.70543e-06 
6.52e-09 1.70615e-06 
6.54e-09 1.70688e-06 
6.56e-09 1.7076e-06 
6.58e-09 1.70831e-06 
6.6e-09 1.70903e-06 
6.62e-09 1.70974e-06 
6.64e-09 1.71045e-06 
6.66e-09 1.71116e-06 
6.68e-09 1.71187e-06 
6.7e-09 1.71258e-06 
6.72e-09 1.71328e-06 
6.74e-09 1.71398e-06 
6.76e-09 1.71468e-06 
6.78e-09 1.71538e-06 
6.8e-09 1.71608e-06 
6.82e-09 1.71677e-06 
6.84e-09 1.71746e-06 
6.86e-09 1.71815e-06 
6.88e-09 1.71884e-06 
6.9e-09 1.71953e-06 
6.92e-09 1.72022e-06 
6.94e-09 1.7209e-06 
6.96e-09 1.72158e-06 
6.98e-09 1.72226e-06 
7e-09 1.72294e-06 
7.02e-09 1.72362e-06 
7.04e-09 1.72429e-06 
7.06e-09 1.72496e-06 
7.08e-09 1.72564e-06 
7.1e-09 1.72631e-06 
7.12e-09 1.72698e-06 
7.14e-09 1.72764e-06 
7.16e-09 1.72831e-06 
7.18e-09 1.72897e-06 
7.2e-09 1.72963e-06 
7.22e-09 1.73029e-06 
7.24e-09 1.73095e-06 
7.26e-09 1.73161e-06 
7.28e-09 1.73227e-06 
7.3e-09 1.73292e-06 
7.32e-09 1.73358e-06 
7.34e-09 1.73423e-06 
7.36e-09 1.73488e-06 
7.38e-09 1.73553e-06 
7.4e-09 1.73617e-06 
7.42e-09 1.73682e-06 
7.44e-09 1.73746e-06 
7.46e-09 1.73811e-06 
7.48e-09 1.73875e-06 
7.5e-09 1.73939e-06 
7.52e-09 1.74003e-06 
7.54e-09 1.74067e-06 
7.56e-09 1.7413e-06 
7.58e-09 1.74194e-06 
7.6e-09 1.74257e-06 
7.62e-09 1.7432e-06 
7.64e-09 1.74383e-06 
7.66e-09 1.74446e-06 
7.68e-09 1.74509e-06 
7.7e-09 1.74572e-06 
7.72e-09 1.74634e-06 
7.74e-09 1.74697e-06 
7.76e-09 1.74759e-06 
7.78e-09 1.74822e-06 
7.8e-09 1.74884e-06 
7.82e-09 1.74946e-06 
7.84e-09 1.75007e-06 
7.86e-09 1.75069e-06 
7.88e-09 1.75131e-06 
7.9e-09 1.75192e-06 
7.92e-09 1.75254e-06 
7.94e-09 1.75315e-06 
7.96e-09 1.75376e-06 
7.98e-09 1.75437e-06 
8e-09 1.75498e-06 
8.02e-09 1.75559e-06 
8.04e-09 1.75619e-06 
8.06e-09 1.7568e-06 
8.08e-09 1.75741e-06 
8.1e-09 1.75801e-06 
8.12e-09 1.75861e-06 
8.14e-09 1.75921e-06 
8.16e-09 1.75981e-06 
8.18e-09 1.76041e-06 
8.2e-09 1.76101e-06 
8.22e-09 1.76161e-06 
8.24e-09 1.7622e-06 
8.26e-09 1.7628e-06 
8.28e-09 1.76339e-06 
8.3e-09 1.76399e-06 
8.32e-09 1.76458e-06 
8.34e-09 1.76517e-06 
8.36e-09 1.76576e-06 
8.38e-09 1.76635e-06 
8.4e-09 1.76694e-06 
8.42e-09 1.76752e-06 
8.44e-09 1.76811e-06 
8.46e-09 1.76869e-06 
8.48e-09 1.76928e-06 
8.5e-09 1.76986e-06 
8.52e-09 1.77044e-06 
8.54e-09 1.77102e-06 
8.56e-09 1.7716e-06 
8.58e-09 1.77218e-06 
8.6e-09 1.77276e-06 
8.62e-09 1.77334e-06 
8.64e-09 1.77392e-06 
8.66e-09 1.77449e-06 
8.68e-09 1.77507e-06 
8.7e-09 1.77564e-06 
8.72e-09 1.77621e-06 
8.74e-09 1.77679e-06 
8.76e-09 1.77736e-06 
8.78e-09 1.77793e-06 
8.8e-09 1.7785e-06 
8.82e-09 1.77907e-06 
8.84e-09 1.77963e-06 
8.86e-09 1.7802e-06 
8.88e-09 1.78077e-06 
8.9e-09 1.78133e-06 
8.92e-09 1.7819e-06 
8.94e-09 1.78246e-06 
8.96e-09 1.78302e-06 
8.98e-09 1.78358e-06 
9e-09 1.78414e-06 
9.02e-09 1.78471e-06 
9.04e-09 1.78526e-06 
9.06e-09 1.78582e-06 
9.08e-09 1.78638e-06 
9.1e-09 1.78694e-06 
9.12e-09 1.78749e-06 
9.14e-09 1.78805e-06 
9.16e-09 1.7886e-06 
9.18e-09 1.78916e-06 
9.2e-09 1.78971e-06 
9.22e-09 1.79026e-06 
9.24e-09 1.79082e-06 
9.26e-09 1.79137e-06 
9.28e-09 1.79192e-06 
9.3e-09 1.79247e-06 
9.32e-09 1.79302e-06 
9.34e-09 1.79356e-06 
9.36e-09 1.79411e-06 
9.38e-09 1.79466e-06 
9.4e-09 1.7952e-06 
9.42e-09 1.79575e-06 
9.44e-09 1.79629e-06 
9.46e-09 1.79684e-06 
9.48e-09 1.79738e-06 
9.5e-09 1.79792e-06 
9.52e-09 1.79846e-06 
9.54e-09 1.799e-06 
9.56e-09 1.79954e-06 
9.58e-09 1.80008e-06 
9.6e-09 1.80062e-06 
9.62e-09 1.80116e-06 
9.64e-09 1.8017e-06 
9.66e-09 1.80223e-06 
9.68e-09 1.80277e-06 
9.7e-09 1.80331e-06 
9.72e-09 1.80384e-06 
9.74e-09 1.80438e-06 
9.76e-09 1.80491e-06 
9.78e-09 1.80544e-06 
9.8e-09 1.80597e-06 
9.82e-09 1.80651e-06 
9.84e-09 1.80704e-06 
9.86e-09 1.80757e-06 
9.88e-09 1.8081e-06 
9.9e-09 1.80863e-06 
9.92e-09 1.80915e-06 
9.94e-09 1.80968e-06 
9.96e-09 1.81021e-06 
9.98e-09 1.81074e-06 
1e-08 1.81126e-06 
