0 -1 
1 0 
2 3 
3 11 
4 26 
5 50 
6 85 
7 133 
8 196 
9 276 
10 375 
11 495 
12 638 
13 806 
14 1001 
15 1225 
16 1480 
17 1768 
18 2091 
19 2451 
20 2850 
21 3290 
22 3773 
23 4301 
24 4876 
25 5500 
26 6175 
27 6903 
28 7686 
29 8526 
30 9425 
31 10385 
32 11408 
33 12496 
34 13651 
35 14875 
36 16170 
37 17538 
38 18981 
39 20501 
40 22100 
41 23780 
42 25543 
43 27391 
44 29326 
45 31350 
46 33465 
47 35673 
48 37976 
49 40376 
50 42875 
51 45475 
52 48178 
53 50986 
54 53901 
55 56925 
56 60060 
57 63308 
58 66671 
59 70151 
60 73750 
61 77470 
62 81313 
63 85281 
64 89376 
65 93600 
66 97955 
67 102443 
68 107066 
69 111826 
70 116725 
71 121765 
72 126948 
73 132276 
74 137751 
75 143375 
76 149150 
77 155078 
78 161161 
79 167401 
80 173800 
81 180360 
82 187083 
83 193971 
84 201026 
85 208250 
86 215645 
87 223213 
88 230956 
89 238876 
90 246975 
91 255255 
92 263718 
93 272366 
94 281201 
95 290225 
96 299440 
97 308848 
98 318451 
99 328251 
100 338250 
101 348450 
102 358853 
103 369461 
104 380276 
105 391300 
106 402535 
107 413983 
108 425646 
109 437526 
110 449625 
111 461945 
112 474488 
113 487256 
114 500251 
115 513475 
116 526930 
117 540618 
118 554541 
119 568701 
120 583100 
121 597740 
122 612623 
123 627751 
124 643126 
125 658750 
126 674625 
127 690753 
128 707136 
129 723776 
130 740675 
131 757835 
132 775258 
133 792946 
134 810901 
135 829125 
136 847620 
137 866388 
138 885431 
139 904751 
140 924350 
141 944230 
142 964393 
143 984841 
144 1.00558e+06 
145 1.0266e+06 
146 1.04792e+06 
147 1.06952e+06 
148 1.09143e+06 
149 1.11363e+06 
150 1.13612e+06 
151 1.15892e+06 
152 1.18203e+06 
153 1.20544e+06 
154 1.22915e+06 
155 1.25318e+06 
156 1.27751e+06 
157 1.30216e+06 
158 1.32712e+06 
159 1.3524e+06 
160 1.378e+06 
161 1.40392e+06 
162 1.43016e+06 
163 1.45673e+06 
164 1.48363e+06 
165 1.51085e+06 
166 1.5384e+06 
167 1.56629e+06 
168 1.59452e+06 
169 1.62308e+06 
170 1.65198e+06 
171 1.68122e+06 
172 1.7108e+06 
173 1.74073e+06 
174 1.771e+06 
175 1.80162e+06 
176 1.8326e+06 
177 1.86393e+06 
178 1.89561e+06 
179 1.92765e+06 
180 1.96005e+06 
181 1.99281e+06 
182 2.02593e+06 
183 2.05942e+06 
184 2.09328e+06 
185 2.1275e+06 
186 2.1621e+06 
187 2.19706e+06 
188 2.23241e+06 
189 2.26813e+06 
190 2.30422e+06 
191 2.3407e+06 
192 2.37757e+06 
193 2.41482e+06 
194 2.45245e+06 
195 2.49048e+06 
196 2.52889e+06 
197 2.5677e+06 
198 2.6069e+06 
199 2.6465e+06 
200 2.6865e+06 
201 2.7269e+06 
202 2.7677e+06 
203 2.80891e+06 
204 2.85053e+06 
205 2.89255e+06 
206 2.93498e+06 
207 2.97783e+06 
208 3.0211e+06 
209 3.06478e+06 
210 3.10888e+06 
211 3.1534e+06 
212 3.19834e+06 
213 3.24371e+06 
214 3.2895e+06 
215 3.33572e+06 
216 3.38238e+06 
217 3.42947e+06 
218 3.47699e+06 
219 3.52495e+06 
220 3.57335e+06 
221 3.62219e+06 
222 3.67147e+06 
223 3.7212e+06 
224 3.77138e+06 
225 3.822e+06 
226 3.87308e+06 
227 3.9246e+06 
228 3.97659e+06 
229 4.02903e+06 
230 4.08192e+06 
231 4.13528e+06 
232 4.18911e+06 
233 4.2434e+06 
234 4.29815e+06 
235 4.35338e+06 
236 4.40907e+06 
237 4.46524e+06 
238 4.52188e+06 
239 4.579e+06 
240 4.6366e+06 
241 4.69468e+06 
242 4.75324e+06 
243 4.81229e+06 
244 4.87183e+06 
245 4.93185e+06 
246 4.99236e+06 
247 5.05337e+06 
248 5.11488e+06 
249 5.17688e+06 
250 5.23938e+06 
251 5.30238e+06 
252 5.36588e+06 
253 5.42989e+06 
254 5.4944e+06 
255 5.55942e+06 
256 5.62496e+06 
257 5.69101e+06 
258 5.75757e+06 
259 5.82465e+06 
260 5.89225e+06 
261 5.96037e+06 
262 6.02901e+06 
263 6.09818e+06 
264 6.16788e+06 
265 6.2381e+06 
266 6.30886e+06 
267 6.38014e+06 
268 6.45197e+06 
269 6.52433e+06 
270 6.59722e+06 
271 6.67066e+06 
272 6.74465e+06 
273 6.81918e+06 
274 6.89425e+06 
275 6.96988e+06 
276 7.04605e+06 
277 7.12278e+06 
278 7.20006e+06 
279 7.2779e+06 
280 7.3563e+06 
281 7.43526e+06 
282 7.51478e+06 
283 7.59487e+06 
284 7.67553e+06 
285 7.75675e+06 
286 7.83854e+06 
287 7.92091e+06 
288 8.00386e+06 
289 8.08738e+06 
290 8.17148e+06 
291 8.25616e+06 
292 8.34142e+06 
293 8.42727e+06 
294 8.5137e+06 
295 8.60072e+06 
296 8.68834e+06 
297 8.77655e+06 
298 8.86535e+06 
299 8.95475e+06 
300 9.04475e+06 
301 9.13535e+06 
302 9.22655e+06 
303 9.31836e+06 
304 9.41078e+06 
305 9.5038e+06 
306 9.59744e+06 
307 9.69168e+06 
308 9.78655e+06 
309 9.88203e+06 
310 9.97812e+06 
311 1.00748e+07 
312 1.01722e+07 
313 1.02702e+07 
314 1.03688e+07 
315 1.0468e+07 
316 1.05678e+07 
317 1.06683e+07 
318 1.07694e+07 
319 1.08712e+07 
320 1.09736e+07 
321 1.10766e+07 
322 1.11803e+07 
323 1.12847e+07 
324 1.13896e+07 
325 1.14952e+07 
326 1.16015e+07 
327 1.17085e+07 
328 1.1816e+07 
329 1.19243e+07 
330 1.20332e+07 
331 1.21427e+07 
332 1.2253e+07 
333 1.23638e+07 
334 1.24754e+07 
335 1.25876e+07 
336 1.27005e+07 
337 1.28141e+07 
338 1.29283e+07 
339 1.30433e+07 
340 1.31588e+07 
341 1.32751e+07 
342 1.33921e+07 
343 1.35097e+07 
344 1.36281e+07 
345 1.37471e+07 
346 1.38668e+07 
347 1.39872e+07 
348 1.41083e+07 
349 1.42301e+07 
350 1.43526e+07 
351 1.44758e+07 
352 1.45997e+07 
353 1.47243e+07 
354 1.48497e+07 
355 1.49757e+07 
356 1.51024e+07 
357 1.52299e+07 
358 1.5358e+07 
359 1.54869e+07 
360 1.56165e+07 
361 1.57468e+07 
362 1.58779e+07 
363 1.60096e+07 
364 1.61421e+07 
365 1.62754e+07 
366 1.64093e+07 
367 1.6544e+07 
368 1.66794e+07 
369 1.68156e+07 
370 1.69525e+07 
371 1.70901e+07 
372 1.72285e+07 
373 1.73676e+07 
374 1.75075e+07 
375 1.76481e+07 
376 1.77895e+07 
377 1.79316e+07 
378 1.80745e+07 
379 1.82182e+07 
380 1.83626e+07 
381 1.85077e+07 
382 1.86536e+07 
383 1.88003e+07 
384 1.89478e+07 
385 1.9096e+07 
386 1.9245e+07 
387 1.93948e+07 
388 1.95453e+07 
389 1.96966e+07 
390 1.98487e+07 
391 2.00016e+07 
392 2.01553e+07 
393 2.03097e+07 
394 2.0465e+07 
395 2.0621e+07 
396 2.07778e+07 
397 2.09354e+07 
398 2.10938e+07 
399 2.1253e+07 
400 2.1413e+07 
401 2.15738e+07 
402 2.17354e+07 
403 2.18978e+07 
404 2.2061e+07 
405 2.2225e+07 
406 2.23899e+07 
407 2.25555e+07 
408 2.2722e+07 
409 2.28893e+07 
410 2.30574e+07 
411 2.32263e+07 
412 2.3396e+07 
413 2.35666e+07 
414 2.3738e+07 
415 2.39102e+07 
416 2.40833e+07 
417 2.42572e+07 
418 2.44319e+07 
419 2.46075e+07 
420 2.47838e+07 
421 2.49611e+07 
422 2.51392e+07 
423 2.53181e+07 
424 2.54979e+07 
425 2.56785e+07 
426 2.586e+07 
427 2.60423e+07 
428 2.62255e+07 
429 2.64095e+07 
430 2.65944e+07 
431 2.67802e+07 
432 2.69668e+07 
433 2.71543e+07 
434 2.73427e+07 
435 2.75319e+07 
436 2.7722e+07 
437 2.79129e+07 
438 2.81048e+07 
439 2.82975e+07 
440 2.84911e+07 
441 2.86856e+07 
442 2.88809e+07 
443 2.90772e+07 
444 2.92743e+07 
445 2.94724e+07 
446 2.96713e+07 
447 2.98711e+07 
448 3.00718e+07 
449 3.02734e+07 
450 3.04759e+07 
451 3.06793e+07 
452 3.08836e+07 
453 3.10888e+07 
454 3.12949e+07 
455 3.15019e+07 
456 3.17099e+07 
457 3.19187e+07 
458 3.21285e+07 
459 3.23392e+07 
460 3.25508e+07 
461 3.27633e+07 
462 3.29767e+07 
463 3.31911e+07 
464 3.34064e+07 
465 3.36226e+07 
466 3.38398e+07 
467 3.40578e+07 
468 3.42769e+07 
469 3.44968e+07 
470 3.47177e+07 
471 3.49396e+07 
472 3.51623e+07 
473 3.53861e+07 
474 3.56108e+07 
475 3.58364e+07 
476 3.6063e+07 
477 3.62905e+07 
478 3.6519e+07 
479 3.67484e+07 
480 3.69788e+07 
481 3.72102e+07 
482 3.74425e+07 
483 3.76758e+07 
484 3.791e+07 
485 3.81452e+07 
486 3.83814e+07 
487 3.86186e+07 
488 3.88568e+07 
489 3.90959e+07 
490 3.9336e+07 
491 3.95771e+07 
492 3.98191e+07 
493 4.00622e+07 
494 4.03062e+07 
495 4.05512e+07 
496 4.07972e+07 
497 4.10442e+07 
498 4.12923e+07 
499 4.15413e+07 
500 4.17912e+07 
