0 -0 
5e-11 4.66e-16 
1e-10 -5e-17 
1.5e-10 -2.7e-17 
2e-10 -5e-17 
2.5e-10 -4.8e-17 
3e-10 -3e-18 
3.5e-10 -2e-18 
4e-10 -1e-18 
4.5e-10 -2e-18 
5e-10 -4.3e-17 
5.5e-10 1.4e-17 
6e-10 -2.7e-17 
6.5e-10 -2.6e-17 
7e-10 -2.5e-17 
7.5e-10 -2.6e-17 
8e-10 -2.5e-17 
8.5e-10 -2.3e-17 
9e-10 -2.6e-17 
9.5e-10 -2.6e-17 
1e-09 -5.2e-17 
1.05e-09 -7.4e-17 
1.1e-09 -2.6e-17 
1.15e-09 -2.6e-17 
1.2e-09 -2.6e-17 
1.25e-09 -2.5e-17 
1.3e-09 -2.5e-17 
1.35e-09 -2.4e-17 
1.4e-09 -2.6e-17 
1.45e-09 -2.5e-17 
1.5e-09 -1e-18 
1.55e-09 -4.3e-17 
1.6e-09 -2.4e-17 
1.65e-09 -2.4e-17 
1.7e-09 -2.7e-17 
1.75e-09 -2.7e-17 
1.8e-09 -2.7e-17 
1.85e-09 -2.5e-17 
1.9e-09 -2.5e-17 
1.95e-09 -2.6e-17 
2e-09 1.19349e-07 
2.05e-09 1.94512e-07 
2.1e-09 1.2741e-07 
2.15e-09 9.29462e-08 
2.2e-09 7.14449e-08 
2.25e-09 5.64819e-08 
2.3e-09 4.54572e-08 
2.35e-09 3.69756e-08 
2.4e-09 3.02387e-08 
2.45e-09 2.47837e-08 
2.5e-09 2.03417e-08 
2.55e-09 1.67124e-08 
2.6e-09 1.37444e-08 
2.65e-09 1.13189e-08 
2.7e-09 9.34089e-09 
2.75e-09 7.73245e-09 
2.8e-09 6.42828e-09 
2.85e-09 5.37314e-09 
2.9e-09 4.52089e-09 
2.95e-09 3.83403e-09 
3e-09 3.2829e-09 
3.05e-09 2.84442e-09 
3.1e-09 2.50067e-09 
3.15e-09 2.23748e-09 
3.2e-09 2.0433e-09 
3.25e-09 1.90831e-09 
3.3e-09 1.82382e-09 
3.35e-09 1.78194e-09 
3.4e-09 1.7754e-09 
3.45e-09 1.79748e-09 
3.5e-09 1.84204e-09 
3.55e-09 1.90346e-09 
3.6e-09 1.97674e-09 
3.65e-09 2.05752e-09 
3.7e-09 2.14204e-09 
3.75e-09 2.22723e-09 
3.8e-09 2.31057e-09 
3.85e-09 2.39014e-09 
3.9e-09 2.46451e-09 
3.95e-09 2.53267e-09 
4e-09 2.59399e-09 
4.05e-09 2.64813e-09 
4.1e-09 2.695e-09 
4.15e-09 2.73468e-09 
4.2e-09 2.76739e-09 
4.25e-09 2.79345e-09 
4.3e-09 2.81324e-09 
4.35e-09 2.8272e-09 
4.4e-09 2.83577e-09 
4.45e-09 2.83939e-09 
4.5e-09 2.83853e-09 
4.55e-09 2.83359e-09 
4.6e-09 2.825e-09 
4.65e-09 2.81314e-09 
4.7e-09 2.79837e-09 
4.75e-09 2.78102e-09 
4.8e-09 2.7614e-09 
4.85e-09 2.73979e-09 
4.9e-09 2.71644e-09 
4.95e-09 2.69159e-09 
5e-09 2.66543e-09 
5.05e-09 2.63817e-09 
5.1e-09 2.60996e-09 
5.15e-09 2.58097e-09 
5.2e-09 2.55131e-09 
5.25e-09 2.52112e-09 
5.3e-09 2.4905e-09 
5.35e-09 2.45955e-09 
5.4e-09 2.42835e-09 
5.45e-09 2.39697e-09 
5.5e-09 2.36549e-09 
5.55e-09 2.33395e-09 
5.6e-09 2.30241e-09 
5.65e-09 2.27092e-09 
5.7e-09 2.23951e-09 
5.75e-09 2.20822e-09 
5.8e-09 2.17708e-09 
5.85e-09 2.14611e-09 
5.9e-09 2.11534e-09 
5.95e-09 2.08479e-09 
6e-09 2.05447e-09 
6.05e-09 2.02439e-09 
6.1e-09 1.99458e-09 
6.15e-09 1.96503e-09 
6.2e-09 1.93577e-09 
6.25e-09 1.90678e-09 
6.3e-09 1.87809e-09 
6.35e-09 1.8497e-09 
6.4e-09 1.8216e-09 
6.45e-09 1.7938e-09 
6.5e-09 1.76631e-09 
6.55e-09 1.73912e-09 
6.6e-09 1.71223e-09 
6.65e-09 1.68565e-09 
6.7e-09 1.65937e-09 
6.75e-09 1.6334e-09 
6.8e-09 1.60772e-09 
6.85e-09 1.58234e-09 
6.9e-09 1.55726e-09 
6.95e-09 1.53248e-09 
7e-09 1.50799e-09 
7.05e-09 1.48378e-09 
7.1e-09 1.45987e-09 
7.15e-09 1.43624e-09 
7.2e-09 1.41289e-09 
7.25e-09 1.38982e-09 
7.3e-09 1.36702e-09 
7.35e-09 1.3445e-09 
7.4e-09 1.32224e-09 
7.45e-09 1.30025e-09 
7.5e-09 1.27853e-09 
7.55e-09 1.25706e-09 
7.6e-09 1.23584e-09 
7.65e-09 1.21488e-09 
7.7e-09 1.19417e-09 
7.75e-09 1.17371e-09 
7.8e-09 1.15349e-09 
7.85e-09 1.13351e-09 
7.9e-09 1.11376e-09 
7.95e-09 1.09425e-09 
8e-09 1.07496e-09 
8.05e-09 1.05591e-09 
8.1e-09 1.03708e-09 
8.15e-09 1.01846e-09 
8.2e-09 1.00007e-09 
8.25e-09 9.81895e-10 
8.3e-09 9.63929e-10 
8.35e-09 9.46171e-10 
8.4e-09 9.28619e-10 
8.45e-09 9.11271e-10 
8.5e-09 8.94124e-10 
8.55e-09 8.77174e-10 
8.6e-09 8.60419e-10 
8.65e-09 8.43856e-10 
8.7e-09 8.27484e-10 
8.75e-09 8.11298e-10 
8.8e-09 7.95298e-10 
8.85e-09 7.79479e-10 
8.9e-09 7.6384e-10 
8.95e-09 7.48378e-10 
9e-09 7.33091e-10 
9.05e-09 7.17976e-10 
9.1e-09 7.03032e-10 
9.15e-09 6.88255e-10 
9.2e-09 6.73644e-10 
9.25e-09 6.59196e-10 
9.3e-09 6.44909e-10 
9.35e-09 6.30782e-10 
9.4e-09 6.16811e-10 
9.45e-09 6.02995e-10 
9.5e-09 5.89331e-10 
9.55e-09 5.75818e-10 
9.6e-09 5.62454e-10 
9.65e-09 5.49237e-10 
9.7e-09 5.36164e-10 
9.75e-09 5.23234e-10 
9.8e-09 5.10446e-10 
9.85e-09 4.97796e-10 
9.9e-09 4.85284e-10 
9.95e-09 4.72907e-10 
1e-08 4.60664e-10 
