0 1.1e-27 
5e-11 2.075e-27 
1e-10 2.575e-27 
1.5e-10 3.15e-27 
2e-10 3.05e-27 
2.5e-10 4.425e-27 
3e-10 7.225e-27 
3.5e-10 9.95e-27 
4e-10 1.2625e-26 
4.5e-10 1.4225e-26 
5e-10 1.6275e-26 
5.5e-10 1.87e-26 
6e-10 2e-26 
6.5e-10 2.1325e-26 
7e-10 2.2675e-26 
7.5e-10 2.4e-26 
8e-10 2.5325e-26 
8.5e-10 2.6675e-26 
9e-10 2.805e-26 
9.5e-10 2.8875e-26 
1e-09 2.8375e-26 
1.05e-09 2.8425e-26 
1.1e-09 2.9775e-26 
1.15e-09 3.1125e-26 
1.2e-09 3.25e-26 
1.25e-09 3.39e-26 
1.3e-09 3.53e-26 
1.35e-09 3.67e-26 
1.4e-09 3.8125e-26 
1.45e-09 4.0125e-26 
1.5e-09 4.1725e-26 
1.55e-09 4.2775e-26 
1.6e-09 4.4175e-26 
1.65e-09 4.55e-26 
1.7e-09 4.685e-26 
1.75e-09 4.8225e-26 
1.8e-09 4.955e-26 
1.85e-09 5.09e-26 
1.9e-09 5.23e-26 
1.95e-09 2.4066e-18 
2e-09 8.75133e-18 
2.05e-09 1.51203e-17 
2.1e-09 1.92461e-17 
2.15e-09 2.22191e-17 
2.2e-09 2.45016e-17 
2.25e-09 2.63126e-17 
2.3e-09 2.77738e-17 
2.35e-09 2.89639e-17 
2.4e-09 2.99383e-17 
2.45e-09 3.07389e-17 
2.5e-09 3.1398e-17 
2.55e-09 3.19418e-17 
2.6e-09 3.23917e-17 
2.65e-09 3.27649e-17 
2.7e-09 3.30756e-17 
2.75e-09 3.33351e-17 
2.8e-09 3.35525e-17 
2.85e-09 3.37349e-17 
2.9e-09 3.38881e-17 
2.95e-09 3.40167e-17 
3e-09 3.41245e-17 
3.05e-09 3.42144e-17 
3.1e-09 3.42889e-17 
3.15e-09 3.43502e-17 
3.2e-09 3.44e-17 
3.25e-09 3.44396e-17 
3.3e-09 3.44705e-17 
3.35e-09 3.44936e-17 
3.4e-09 3.451e-17 
3.45e-09 3.45203e-17 
3.5e-09 3.45253e-17 
3.55e-09 3.45255e-17 
3.6e-09 3.45216e-17 
3.65e-09 3.4514e-17 
3.7e-09 3.4503e-17 
3.75e-09 3.44891e-17 
3.8e-09 3.44725e-17 
3.85e-09 3.44535e-17 
3.9e-09 3.44323e-17 
3.95e-09 3.44092e-17 
4e-09 3.43843e-17 
4.05e-09 3.43578e-17 
4.1e-09 3.43299e-17 
4.15e-09 3.43006e-17 
4.2e-09 3.42701e-17 
4.25e-09 3.42384e-17 
4.3e-09 3.42057e-17 
4.35e-09 3.4172e-17 
4.4e-09 3.41374e-17 
4.45e-09 3.4102e-17 
4.5e-09 3.40658e-17 
4.55e-09 3.40288e-17 
4.6e-09 3.39911e-17 
4.65e-09 3.39527e-17 
4.7e-09 3.39138e-17 
4.75e-09 3.38742e-17 
4.8e-09 3.38341e-17 
4.85e-09 3.37934e-17 
4.9e-09 3.37522e-17 
4.95e-09 3.37106e-17 
5e-09 3.36684e-17 
5.05e-09 3.36259e-17 
5.1e-09 3.35829e-17 
5.15e-09 3.35394e-17 
5.2e-09 3.34956e-17 
5.25e-09 3.34515e-17 
5.3e-09 3.34069e-17 
5.35e-09 3.3362e-17 
5.4e-09 3.33168e-17 
5.45e-09 3.32712e-17 
5.5e-09 3.32253e-17 
5.55e-09 3.31792e-17 
5.6e-09 3.31327e-17 
5.65e-09 3.3086e-17 
5.7e-09 3.3039e-17 
5.75e-09 3.29917e-17 
5.8e-09 3.29442e-17 
5.85e-09 3.28964e-17 
5.9e-09 3.28484e-17 
5.95e-09 3.28001e-17 
6e-09 3.27517e-17 
6.05e-09 3.2703e-17 
6.1e-09 3.26542e-17 
6.15e-09 3.26051e-17 
6.2e-09 3.25558e-17 
6.25e-09 3.25063e-17 
6.3e-09 3.24567e-17 
6.35e-09 3.24069e-17 
6.4e-09 3.23569e-17 
6.45e-09 3.23068e-17 
6.5e-09 3.22564e-17 
6.55e-09 3.2206e-17 
6.6e-09 3.21553e-17 
6.65e-09 3.21046e-17 
6.7e-09 3.20536e-17 
6.75e-09 3.20026e-17 
6.8e-09 3.19514e-17 
6.85e-09 3.19001e-17 
6.9e-09 3.18486e-17 
6.95e-09 3.1797e-17 
7e-09 3.17453e-17 
7.05e-09 3.16935e-17 
7.1e-09 3.16416e-17 
7.15e-09 3.15895e-17 
7.2e-09 3.15374e-17 
7.25e-09 3.14851e-17 
7.3e-09 3.14327e-17 
7.35e-09 3.13802e-17 
7.4e-09 3.13277e-17 
7.45e-09 3.1275e-17 
7.5e-09 3.12222e-17 
7.55e-09 3.11694e-17 
7.6e-09 3.11164e-17 
7.65e-09 3.10634e-17 
7.7e-09 3.10102e-17 
7.75e-09 3.0957e-17 
7.8e-09 3.09037e-17 
7.85e-09 3.08504e-17 
7.9e-09 3.07969e-17 
7.95e-09 3.07434e-17 
8e-09 3.06898e-17 
8.05e-09 3.06361e-17 
8.1e-09 3.05823e-17 
8.15e-09 3.05285e-17 
8.2e-09 3.04746e-17 
8.25e-09 3.04206e-17 
8.3e-09 3.03666e-17 
8.35e-09 3.03125e-17 
8.4e-09 3.02583e-17 
8.45e-09 3.02041e-17 
8.5e-09 3.01498e-17 
8.55e-09 3.00955e-17 
8.6e-09 3.0041e-17 
8.65e-09 2.99866e-17 
8.7e-09 2.9932e-17 
8.75e-09 2.98774e-17 
8.8e-09 2.98228e-17 
8.85e-09 2.97681e-17 
8.9e-09 2.97133e-17 
8.95e-09 2.96585e-17 
9e-09 2.96037e-17 
9.05e-09 2.95488e-17 
9.1e-09 2.94938e-17 
9.15e-09 2.94388e-17 
9.2e-09 2.93837e-17 
9.25e-09 2.93286e-17 
9.3e-09 2.92735e-17 
9.35e-09 2.92183e-17 
9.4e-09 2.9163e-17 
9.45e-09 2.91077e-17 
9.5e-09 2.90524e-17 
9.55e-09 2.8997e-17 
9.6e-09 2.89416e-17 
9.65e-09 2.88861e-17 
9.7e-09 2.88306e-17 
9.75e-09 2.8775e-17 
9.8e-09 2.87195e-17 
9.85e-09 2.86638e-17 
9.9e-09 2.86082e-17 
9.95e-09 2.85524e-17 
1e-08 2.85246e-17 
