0 5e-28 
5e-11 1e-27 
1e-10 1.5e-27 
1.5e-10 2e-27 
2e-10 2e-27 
2.5e-10 3.25e-27 
3e-10 5.75e-27 
3.5e-10 8.25e-27 
4e-10 1.075e-26 
4.5e-10 1.225e-26 
5e-10 1.425e-26 
5.5e-10 1.65e-26 
6e-10 1.75e-26 
6.5e-10 1.85e-26 
7e-10 1.95e-26 
7.5e-10 2.05e-26 
8e-10 2.175e-26 
8.5e-10 2.3e-26 
9e-10 2.4e-26 
9.5e-10 2.45e-26 
1e-09 2.375e-26 
1.05e-09 2.375e-26 
1.1e-09 2.525e-26 
1.15e-09 2.65e-26 
1.2e-09 2.75e-26 
1.25e-09 2.85e-26 
1.3e-09 2.95e-26 
1.35e-09 3.05e-26 
1.4e-09 3.175e-26 
1.45e-09 3.375e-26 
1.5e-09 3.5e-26 
1.55e-09 3.575e-26 
1.6e-09 3.7e-26 
1.65e-09 3.825e-26 
1.7e-09 3.975e-26 
1.75e-09 4.125e-26 
1.8e-09 4.25e-26 
1.85e-09 4.375e-26 
1.9e-09 4.5e-26 
1.95e-09 3.41116e-18 
2e-09 1.15175e-17 
2.05e-09 1.88216e-17 
2.1e-09 2.31308e-17 
2.15e-09 2.60599e-17 
2.2e-09 2.82271e-17 
2.25e-09 2.9902e-17 
2.3e-09 3.12237e-17 
2.35e-09 3.22769e-17 
2.4e-09 3.31192e-17 
2.45e-09 3.37929e-17 
2.5e-09 3.43305e-17 
2.55e-09 3.47573e-17 
2.6e-09 3.50942e-17 
2.65e-09 3.53577e-17 
2.7e-09 3.55615e-17 
2.75e-09 3.57166e-17 
2.8e-09 3.58319e-17 
2.85e-09 3.59145e-17 
2.9e-09 3.59703e-17 
2.95e-09 3.60037e-17 
3e-09 3.60185e-17 
3.05e-09 3.60176e-17 
3.1e-09 3.60034e-17 
3.15e-09 3.5978e-17 
3.2e-09 3.59429e-17 
3.25e-09 3.58996e-17 
3.3e-09 3.5849e-17 
3.35e-09 3.57922e-17 
3.4e-09 3.57301e-17 
3.45e-09 3.56632e-17 
3.5e-09 3.55922e-17 
3.55e-09 3.55177e-17 
3.6e-09 3.54402e-17 
3.65e-09 3.53601e-17 
3.7e-09 3.52779e-17 
3.75e-09 3.51939e-17 
3.8e-09 3.51085e-17 
3.85e-09 3.50221e-17 
3.9e-09 3.4935e-17 
3.95e-09 3.48476e-17 
4e-09 3.47601e-17 
4.05e-09 3.46729e-17 
4.1e-09 3.45863e-17 
4.15e-09 3.45005e-17 
4.2e-09 3.44158e-17 
4.25e-09 3.43326e-17 
4.3e-09 3.4251e-17 
4.35e-09 3.41712e-17 
4.4e-09 3.40935e-17 
4.45e-09 3.40181e-17 
4.5e-09 3.39451e-17 
4.55e-09 3.38747e-17 
4.6e-09 3.3807e-17 
4.65e-09 3.37421e-17 
4.7e-09 3.36801e-17 
4.75e-09 3.36211e-17 
4.8e-09 3.35652e-17 
4.85e-09 3.35122e-17 
4.9e-09 3.34623e-17 
4.95e-09 3.34154e-17 
5e-09 3.33716e-17 
5.05e-09 3.33308e-17 
5.1e-09 3.32928e-17 
5.15e-09 3.32578e-17 
5.2e-09 3.32256e-17 
5.25e-09 3.31961e-17 
5.3e-09 3.31693e-17 
5.35e-09 3.3145e-17 
5.4e-09 3.31232e-17 
5.45e-09 3.31037e-17 
5.5e-09 3.30866e-17 
5.55e-09 3.30716e-17 
5.6e-09 3.30586e-17 
5.65e-09 3.30476e-17 
5.7e-09 3.30385e-17 
5.75e-09 3.30312e-17 
5.8e-09 3.30255e-17 
5.85e-09 3.30214e-17 
5.9e-09 3.30187e-17 
5.95e-09 3.30174e-17 
6e-09 3.30174e-17 
6.05e-09 3.30186e-17 
6.1e-09 3.30209e-17 
6.15e-09 3.30242e-17 
6.2e-09 3.30285e-17 
6.25e-09 3.30336e-17 
6.3e-09 3.30395e-17 
6.35e-09 3.30462e-17 
6.4e-09 3.30534e-17 
6.45e-09 3.30613e-17 
6.5e-09 3.30697e-17 
6.55e-09 3.30786e-17 
6.6e-09 3.30878e-17 
6.65e-09 3.30974e-17 
6.7e-09 3.31073e-17 
6.75e-09 3.31175e-17 
6.8e-09 3.31279e-17 
6.85e-09 3.31384e-17 
6.9e-09 3.31491e-17 
6.95e-09 3.31598e-17 
7e-09 3.31706e-17 
7.05e-09 3.31814e-17 
7.1e-09 3.31921e-17 
7.15e-09 3.32029e-17 
7.2e-09 3.32135e-17 
7.25e-09 3.3224e-17 
7.3e-09 3.32344e-17 
7.35e-09 3.32446e-17 
7.4e-09 3.32546e-17 
7.45e-09 3.32644e-17 
7.5e-09 3.3274e-17 
7.55e-09 3.32833e-17 
7.6e-09 3.32924e-17 
7.65e-09 3.33012e-17 
7.7e-09 3.33097e-17 
7.75e-09 3.33178e-17 
7.8e-09 3.33257e-17 
7.85e-09 3.33332e-17 
7.9e-09 3.33404e-17 
7.95e-09 3.33472e-17 
8e-09 3.33536e-17 
8.05e-09 3.33597e-17 
8.1e-09 3.33654e-17 
8.15e-09 3.33707e-17 
8.2e-09 3.33756e-17 
8.25e-09 3.33801e-17 
8.3e-09 3.33842e-17 
8.35e-09 3.33878e-17 
8.4e-09 3.33911e-17 
8.45e-09 3.33939e-17 
8.5e-09 3.33963e-17 
8.55e-09 3.33982e-17 
8.6e-09 3.33998e-17 
8.65e-09 3.34009e-17 
8.7e-09 3.34016e-17 
8.75e-09 3.34018e-17 
8.8e-09 3.34016e-17 
8.85e-09 3.3401e-17 
8.9e-09 3.33999e-17 
8.95e-09 3.33984e-17 
9e-09 3.33964e-17 
9.05e-09 3.3394e-17 
9.1e-09 3.33912e-17 
9.15e-09 3.33879e-17 
9.2e-09 3.33843e-17 
9.25e-09 3.33801e-17 
9.3e-09 3.33756e-17 
9.35e-09 3.33706e-17 
9.4e-09 3.33652e-17 
9.45e-09 3.33594e-17 
9.5e-09 3.33532e-17 
9.55e-09 3.33465e-17 
9.6e-09 3.33394e-17 
9.65e-09 3.33319e-17 
9.7e-09 3.3324e-17 
9.75e-09 3.33157e-17 
9.8e-09 3.3307e-17 
9.85e-09 3.32979e-17 
9.9e-09 3.32884e-17 
9.95e-09 3.32785e-17 
1e-08 3.32734e-17 
