0 -1.75e-27 
5e-11 -3.75e-27 
1e-10 -3.5e-27 
1.5e-10 -3.25e-27 
2e-10 -3.75e-27 
2.5e-10 -3e-27 
3e-10 -1e-27 
3.5e-10 1e-27 
4e-10 3e-27 
4.5e-10 4e-27 
5e-10 5.5e-27 
5.5e-10 7.5e-27 
6e-10 8.5e-27 
6.5e-10 9.5e-27 
7e-10 1.05e-26 
7.5e-10 1.15e-26 
8e-10 1.25e-26 
8.5e-10 1.35e-26 
9e-10 1.45e-26 
9.5e-10 1.475e-26 
1e-09 1.375e-26 
1.05e-09 1.35e-26 
1.1e-09 1.45e-26 
1.15e-09 1.55e-26 
1.2e-09 1.65e-26 
1.25e-09 1.75e-26 
1.3e-09 1.85e-26 
1.35e-09 1.95e-26 
1.4e-09 2.05e-26 
1.45e-09 2.225e-26 
1.5e-09 2.35e-26 
1.55e-09 2.4e-26 
1.6e-09 2.5e-26 
1.65e-09 2.6e-26 
1.7e-09 2.7e-26 
1.75e-09 2.8e-26 
1.8e-09 2.9e-26 
1.85e-09 3e-26 
1.9e-09 3.1e-26 
1.95e-09 1.69865e-18 
2e-09 6.47995e-18 
2.05e-09 1.14809e-17 
2.1e-09 1.47093e-17 
2.15e-09 1.69807e-17 
2.2e-09 1.86772e-17 
2.25e-09 1.99882e-17 
2.3e-09 2.10201e-17 
2.35e-09 2.18396e-17 
2.4e-09 2.2493e-17 
2.45e-09 2.30139e-17 
2.5e-09 2.3428e-17 
2.55e-09 2.37556e-17 
2.6e-09 2.40128e-17 
2.65e-09 2.42128e-17 
2.7e-09 2.4366e-17 
2.75e-09 2.44809e-17 
2.8e-09 2.45643e-17 
2.85e-09 2.46216e-17 
2.9e-09 2.46571e-17 
2.95e-09 2.46743e-17 
3e-09 2.46761e-17 
3.05e-09 2.46647e-17 
3.1e-09 2.46419e-17 
3.15e-09 2.46095e-17 
3.2e-09 2.45686e-17 
3.25e-09 2.45204e-17 
3.3e-09 2.44657e-17 
3.35e-09 2.44053e-17 
3.4e-09 2.43399e-17 
3.45e-09 2.42702e-17 
3.5e-09 2.41965e-17 
3.55e-09 2.41193e-17 
3.6e-09 2.4039e-17 
3.65e-09 2.39559e-17 
3.7e-09 2.38705e-17 
3.75e-09 2.37828e-17 
3.8e-09 2.36932e-17 
3.85e-09 2.36019e-17 
3.9e-09 2.35091e-17 
3.95e-09 2.34149e-17 
4e-09 2.33197e-17 
4.05e-09 2.32234e-17 
4.1e-09 2.31263e-17 
4.15e-09 2.30286e-17 
4.2e-09 2.29302e-17 
4.25e-09 2.28315e-17 
4.3e-09 2.27324e-17 
4.35e-09 2.26331e-17 
4.4e-09 2.25338e-17 
4.45e-09 2.24344e-17 
4.5e-09 2.23352e-17 
4.55e-09 2.22362e-17 
4.6e-09 2.21374e-17 
4.65e-09 2.2039e-17 
4.7e-09 2.19411e-17 
4.75e-09 2.18437e-17 
4.8e-09 2.17468e-17 
4.85e-09 2.16506e-17 
4.9e-09 2.15551e-17 
4.95e-09 2.14603e-17 
5e-09 2.13663e-17 
5.05e-09 2.12732e-17 
5.1e-09 2.1181e-17 
5.15e-09 2.10896e-17 
5.2e-09 2.09992e-17 
5.25e-09 2.09097e-17 
5.3e-09 2.08212e-17 
5.35e-09 2.07337e-17 
5.4e-09 2.06472e-17 
5.45e-09 2.05617e-17 
5.5e-09 2.04772e-17 
5.55e-09 2.03937e-17 
5.6e-09 2.03113e-17 
5.65e-09 2.02298e-17 
5.7e-09 2.01494e-17 
5.75e-09 2.007e-17 
5.8e-09 1.99915e-17 
5.85e-09 1.9914e-17 
5.9e-09 1.98375e-17 
5.95e-09 1.97619e-17 
6e-09 1.96872e-17 
6.05e-09 1.96134e-17 
6.1e-09 1.95405e-17 
6.15e-09 1.94685e-17 
6.2e-09 1.93973e-17 
6.25e-09 1.9327e-17 
6.3e-09 1.92574e-17 
6.35e-09 1.91886e-17 
6.4e-09 1.91206e-17 
6.45e-09 1.90533e-17 
6.5e-09 1.89868e-17 
6.55e-09 1.89209e-17 
6.6e-09 1.88556e-17 
6.65e-09 1.87911e-17 
6.7e-09 1.87271e-17 
6.75e-09 1.86637e-17 
6.8e-09 1.86009e-17 
6.85e-09 1.85387e-17 
6.9e-09 1.8477e-17 
6.95e-09 1.84158e-17 
7e-09 1.83551e-17 
7.05e-09 1.82949e-17 
7.1e-09 1.82352e-17 
7.15e-09 1.81759e-17 
7.2e-09 1.8117e-17 
7.25e-09 1.80584e-17 
7.3e-09 1.80003e-17 
7.35e-09 1.79426e-17 
7.4e-09 1.78852e-17 
7.45e-09 1.78281e-17 
7.5e-09 1.77714e-17 
7.55e-09 1.77149e-17 
7.6e-09 1.76588e-17 
7.65e-09 1.76029e-17 
7.7e-09 1.75473e-17 
7.75e-09 1.74919e-17 
7.8e-09 1.74368e-17 
7.85e-09 1.73819e-17 
7.9e-09 1.73272e-17 
7.95e-09 1.72727e-17 
8e-09 1.72184e-17 
8.05e-09 1.71643e-17 
8.1e-09 1.71104e-17 
8.15e-09 1.70566e-17 
8.2e-09 1.7003e-17 
8.25e-09 1.69495e-17 
8.3e-09 1.68962e-17 
8.35e-09 1.6843e-17 
8.4e-09 1.67899e-17 
8.45e-09 1.67369e-17 
8.5e-09 1.66841e-17 
8.55e-09 1.66313e-17 
8.6e-09 1.65787e-17 
8.65e-09 1.65261e-17 
8.7e-09 1.64736e-17 
8.75e-09 1.64212e-17 
8.8e-09 1.63688e-17 
8.85e-09 1.63165e-17 
8.9e-09 1.62643e-17 
8.95e-09 1.62122e-17 
9e-09 1.61601e-17 
9.05e-09 1.6108e-17 
9.1e-09 1.6056e-17 
9.15e-09 1.6004e-17 
9.2e-09 1.59521e-17 
9.25e-09 1.59002e-17 
9.3e-09 1.58483e-17 
9.35e-09 1.57965e-17 
9.4e-09 1.57447e-17 
9.45e-09 1.56929e-17 
9.5e-09 1.56411e-17 
9.55e-09 1.55894e-17 
9.6e-09 1.55376e-17 
9.65e-09 1.54859e-17 
9.7e-09 1.54342e-17 
9.75e-09 1.53825e-17 
9.8e-09 1.53308e-17 
9.85e-09 1.52792e-17 
9.9e-09 1.52275e-17 
9.95e-09 1.51758e-17 
1e-08 1.515e-17 
