0 1.165e-26 
5e-11 2.205e-26 
1e-10 2.0125e-26 
1.5e-10 1.82e-26 
2e-10 1.575e-26 
2.5e-10 1.4475e-26 
3e-10 1.435e-26 
3.5e-10 1.4275e-26 
4e-10 1.42e-26 
4.5e-10 1.3075e-26 
5e-10 1.235e-26 
5.5e-10 1.2025e-26 
6e-10 1.07e-26 
6.5e-10 9.425e-27 
7e-10 8.15e-27 
7.5e-10 6.875e-27 
8e-10 5.675e-27 
8.5e-10 4.45e-27 
9e-10 3.15e-27 
9.5e-10 1.2e-27 
1e-09 -1.95e-27 
1.05e-09 -4.45e-27 
1.1e-09 -5.75e-27 
1.15e-09 -7.05e-27 
1.2e-09 -8.325e-27 
1.25e-09 -9.575e-27 
1.3e-09 -1.08e-26 
1.35e-09 -1.205e-26 
1.4e-09 -1.3325e-26 
1.45e-09 -1.3975e-26 
1.5e-09 -1.5075e-26 
1.55e-09 -1.675e-26 
1.6e-09 -1.795e-26 
1.65e-09 -1.9225e-26 
1.7e-09 -2.0575e-26 
1.75e-09 -2.1925e-26 
1.8e-09 -2.3225e-26 
1.85e-09 -2.4475e-26 
1.9e-09 -2.575e-26 
1.95e-09 2.98371e-18 
2e-09 1.08302e-17 
2.05e-09 1.88782e-17 
2.1e-09 2.43871e-17 
2.15e-09 2.84969e-17 
2.2e-09 3.16951e-17 
2.25e-09 3.42436e-17 
2.3e-09 3.63044e-17 
2.35e-09 3.79847e-17 
2.4e-09 3.93603e-17 
2.45e-09 4.04884e-17 
2.5e-09 4.14148e-17 
2.55e-09 4.21762e-17 
2.6e-09 4.28028e-17 
2.65e-09 4.33193e-17 
2.7e-09 4.37461e-17 
2.75e-09 4.41001e-17 
2.8e-09 4.43952e-17 
2.85e-09 4.46425e-17 
2.9e-09 4.48514e-17 
2.95e-09 4.50293e-17 
3e-09 4.51825e-17 
3.05e-09 4.53161e-17 
3.1e-09 4.54346e-17 
3.15e-09 4.55416e-17 
3.2e-09 4.56404e-17 
3.25e-09 4.57337e-17 
3.3e-09 4.58238e-17 
3.35e-09 4.59128e-17 
3.4e-09 4.60021e-17 
3.45e-09 4.60931e-17 
3.5e-09 4.61867e-17 
3.55e-09 4.62837e-17 
3.6e-09 4.63846e-17 
3.65e-09 4.64896e-17 
3.7e-09 4.65988e-17 
3.75e-09 4.67122e-17 
3.8e-09 4.68298e-17 
3.85e-09 4.69511e-17 
3.9e-09 4.70761e-17 
3.95e-09 4.72042e-17 
4e-09 4.73353e-17 
4.05e-09 4.74689e-17 
4.1e-09 4.76046e-17 
4.15e-09 4.77422e-17 
4.2e-09 4.78812e-17 
4.25e-09 4.80213e-17 
4.3e-09 4.81624e-17 
4.35e-09 4.83039e-17 
4.4e-09 4.84458e-17 
4.45e-09 4.85878e-17 
4.5e-09 4.87296e-17 
4.55e-09 4.8871e-17 
4.6e-09 4.9012e-17 
4.65e-09 4.91523e-17 
4.7e-09 4.92917e-17 
4.75e-09 4.94303e-17 
4.8e-09 4.95678e-17 
4.85e-09 4.97042e-17 
4.9e-09 4.98394e-17 
4.95e-09 4.99734e-17 
5e-09 5.0106e-17 
5.05e-09 5.02372e-17 
5.1e-09 5.03669e-17 
5.15e-09 5.04952e-17 
5.2e-09 5.06221e-17 
5.25e-09 5.07473e-17 
5.3e-09 5.08711e-17 
5.35e-09 5.09933e-17 
5.4e-09 5.11139e-17 
5.45e-09 5.1233e-17 
5.5e-09 5.13505e-17 
5.55e-09 5.14664e-17 
5.6e-09 5.15807e-17 
5.65e-09 5.16935e-17 
5.7e-09 5.18047e-17 
5.75e-09 5.19143e-17 
5.8e-09 5.20224e-17 
5.85e-09 5.21289e-17 
5.9e-09 5.22339e-17 
5.95e-09 5.23374e-17 
6e-09 5.24394e-17 
6.05e-09 5.25399e-17 
6.1e-09 5.26388e-17 
6.15e-09 5.27364e-17 
6.2e-09 5.28324e-17 
6.25e-09 5.29271e-17 
6.3e-09 5.30202e-17 
6.35e-09 5.3112e-17 
6.4e-09 5.32024e-17 
6.45e-09 5.32914e-17 
6.5e-09 5.33791e-17 
6.55e-09 5.34653e-17 
6.6e-09 5.35503e-17 
6.65e-09 5.36339e-17 
6.7e-09 5.37162e-17 
6.75e-09 5.37973e-17 
6.8e-09 5.3877e-17 
6.85e-09 5.39555e-17 
6.9e-09 5.40327e-17 
6.95e-09 5.41088e-17 
7e-09 5.41835e-17 
7.05e-09 5.42571e-17 
7.1e-09 5.43295e-17 
7.15e-09 5.44008e-17 
7.2e-09 5.44708e-17 
7.25e-09 5.45398e-17 
7.3e-09 5.46075e-17 
7.35e-09 5.46742e-17 
7.4e-09 5.47398e-17 
7.45e-09 5.48043e-17 
7.5e-09 5.48676e-17 
7.55e-09 5.493e-17 
7.6e-09 5.49912e-17 
7.65e-09 5.50515e-17 
7.7e-09 5.51107e-17 
7.75e-09 5.51688e-17 
7.8e-09 5.5226e-17 
7.85e-09 5.52822e-17 
7.9e-09 5.53374e-17 
7.95e-09 5.53916e-17 
8e-09 5.54449e-17 
8.05e-09 5.54972e-17 
8.1e-09 5.55486e-17 
8.15e-09 5.55991e-17 
8.2e-09 5.56486e-17 
8.25e-09 5.56973e-17 
8.3e-09 5.5745e-17 
8.35e-09 5.57919e-17 
8.4e-09 5.58379e-17 
8.45e-09 5.5883e-17 
8.5e-09 5.59273e-17 
8.55e-09 5.59707e-17 
8.6e-09 5.60134e-17 
8.65e-09 5.60551e-17 
8.7e-09 5.60961e-17 
8.75e-09 5.61363e-17 
8.8e-09 5.61756e-17 
8.85e-09 5.62142e-17 
8.9e-09 5.6252e-17 
8.95e-09 5.62891e-17 
9e-09 5.63253e-17 
9.05e-09 5.63609e-17 
9.1e-09 5.63956e-17 
9.15e-09 5.64297e-17 
9.2e-09 5.6463e-17 
9.25e-09 5.64956e-17 
9.3e-09 5.65275e-17 
9.35e-09 5.65587e-17 
9.4e-09 5.65892e-17 
9.45e-09 5.6619e-17 
9.5e-09 5.66481e-17 
9.55e-09 5.66766e-17 
9.6e-09 5.67044e-17 
9.65e-09 5.67315e-17 
9.7e-09 5.6758e-17 
9.75e-09 5.67838e-17 
9.8e-09 5.6809e-17 
9.85e-09 5.68336e-17 
9.9e-09 5.68576e-17 
9.95e-09 5.68809e-17 
1e-08 5.68924e-17 
