0 -0 
5e-11 1e-16 
1e-10 -0 
1.5e-10 -0 
2e-10 -0 
2.5e-10 -0 
3e-10 1e-16 
3.5e-10 1e-16 
4e-10 1e-16 
4.5e-10 1e-16 
5e-10 -0 
5.5e-10 1e-16 
6e-10 -0 
6.5e-10 -0 
7e-10 -0 
7.5e-10 -0 
8e-10 -0 
8.5e-10 -0 
9e-10 -0 
9.5e-10 -0 
1e-09 -0 
1.05e-09 -0 
1.1e-09 -0 
1.15e-09 -0 
1.2e-09 -0 
1.25e-09 -0 
1.3e-09 -0 
1.35e-09 -0 
1.4e-09 -0 
1.45e-09 -0 
1.5e-09 1e-16 
1.55e-09 -0 
1.6e-09 -0 
1.65e-09 -0 
1.7e-09 -0 
1.75e-09 -0 
1.8e-09 -0 
1.85e-09 -0 
1.9e-09 -0 
1.95e-09 -0 
2e-09 5.55862e-07 
2.05e-09 4.80055e-07 
2.1e-09 1.9175e-07 
2.15e-09 1.04216e-07 
2.2e-09 7.25332e-08 
2.25e-09 5.72855e-08 
2.3e-09 4.82653e-08 
2.35e-09 4.20716e-08 
2.4e-09 3.7429e-08 
2.45e-09 3.37812e-08 
2.5e-09 3.08412e-08 
2.55e-09 2.84372e-08 
2.6e-09 2.64535e-08 
2.65e-09 2.48063e-08 
2.7e-09 2.34314e-08 
2.75e-09 2.22775e-08 
2.8e-09 2.13031e-08 
2.85e-09 2.04738e-08 
2.9e-09 1.97619e-08 
2.95e-09 1.91448e-08 
3e-09 1.86044e-08 
3.05e-09 1.81264e-08 
3.1e-09 1.76994e-08 
3.15e-09 1.73145e-08 
3.2e-09 1.69647e-08 
3.25e-09 1.66443e-08 
3.3e-09 1.63492e-08 
3.35e-09 1.60759e-08 
3.4e-09 1.58217e-08 
3.45e-09 1.55848e-08 
3.5e-09 1.53635e-08 
3.55e-09 1.51568e-08 
3.6e-09 1.49636e-08 
3.65e-09 1.47834e-08 
3.7e-09 1.46155e-08 
3.75e-09 1.44596e-08 
3.8e-09 1.43152e-08 
3.85e-09 1.41818e-08 
3.9e-09 1.4059e-08 
3.95e-09 1.39463e-08 
4e-09 1.38431e-08 
4.05e-09 1.37487e-08 
4.1e-09 1.36623e-08 
4.15e-09 1.35833e-08 
4.2e-09 1.35106e-08 
4.25e-09 1.34436e-08 
4.3e-09 1.33812e-08 
4.35e-09 1.33225e-08 
4.4e-09 1.32668e-08 
4.45e-09 1.3213e-08 
4.5e-09 1.31605e-08 
4.55e-09 1.31085e-08 
4.6e-09 1.30563e-08 
4.65e-09 1.30032e-08 
4.7e-09 1.29488e-08 
4.75e-09 1.28925e-08 
4.8e-09 1.28341e-08 
4.85e-09 1.2773e-08 
4.9e-09 1.27092e-08 
4.95e-09 1.26424e-08 
5e-09 1.25724e-08 
5.05e-09 1.24993e-08 
5.1e-09 1.24229e-08 
5.15e-09 1.23433e-08 
5.2e-09 1.22605e-08 
5.25e-09 1.21745e-08 
5.3e-09 1.20856e-08 
5.35e-09 1.19937e-08 
5.4e-09 1.1899e-08 
5.45e-09 1.18017e-08 
5.5e-09 1.17019e-08 
5.55e-09 1.15997e-08 
5.6e-09 1.14954e-08 
5.65e-09 1.13891e-08 
5.7e-09 1.12809e-08 
5.75e-09 1.1171e-08 
5.8e-09 1.10596e-08 
5.85e-09 1.09469e-08 
5.9e-09 1.08329e-08 
5.95e-09 1.07178e-08 
6e-09 1.06018e-08 
6.05e-09 1.0485e-08 
6.1e-09 1.03675e-08 
6.15e-09 1.02494e-08 
6.2e-09 1.01309e-08 
6.25e-09 1.00121e-08 
6.3e-09 9.89304e-09 
6.35e-09 9.77382e-09 
6.4e-09 9.65455e-09 
6.45e-09 9.53531e-09 
6.5e-09 9.41619e-09 
6.55e-09 9.29725e-09 
6.6e-09 9.17857e-09 
6.65e-09 9.06021e-09 
6.7e-09 8.94223e-09 
6.75e-09 8.82468e-09 
6.8e-09 8.70761e-09 
6.85e-09 8.59108e-09 
6.9e-09 8.47512e-09 
6.95e-09 8.35978e-09 
7e-09 8.24508e-09 
7.05e-09 8.13107e-09 
7.1e-09 8.01778e-09 
7.15e-09 7.90523e-09 
7.2e-09 7.79344e-09 
7.25e-09 7.68245e-09 
7.3e-09 7.57226e-09 
7.35e-09 7.46291e-09 
7.4e-09 7.3544e-09 
7.45e-09 7.24675e-09 
7.5e-09 7.13998e-09 
7.55e-09 7.03409e-09 
7.6e-09 6.9291e-09 
7.65e-09 6.82501e-09 
7.7e-09 6.72183e-09 
7.75e-09 6.61957e-09 
7.8e-09 6.51823e-09 
7.85e-09 6.41781e-09 
7.9e-09 6.31833e-09 
7.95e-09 6.21978e-09 
8e-09 6.12216e-09 
8.05e-09 6.02547e-09 
8.1e-09 5.92971e-09 
8.15e-09 5.83489e-09 
8.2e-09 5.74099e-09 
8.25e-09 5.64803e-09 
8.3e-09 5.55599e-09 
8.35e-09 5.46487e-09 
8.4e-09 5.37467e-09 
8.45e-09 5.28539e-09 
8.5e-09 5.19701e-09 
8.55e-09 5.10955e-09 
8.6e-09 5.02298e-09 
8.65e-09 4.93731e-09 
8.7e-09 4.85254e-09 
8.75e-09 4.76865e-09 
8.8e-09 4.68563e-09 
8.85e-09 4.6035e-09 
8.9e-09 4.52222e-09 
8.95e-09 4.44181e-09 
9e-09 4.36226e-09 
9.05e-09 4.28355e-09 
9.1e-09 4.20568e-09 
9.15e-09 4.12865e-09 
9.2e-09 4.05244e-09 
9.25e-09 3.97706e-09 
9.3e-09 3.90249e-09 
9.35e-09 3.82872e-09 
9.4e-09 3.75576e-09 
9.45e-09 3.68358e-09 
9.5e-09 3.61219e-09 
9.55e-09 3.54158e-09 
9.6e-09 3.47174e-09 
9.65e-09 3.40266e-09 
9.7e-09 3.33433e-09 
9.75e-09 3.26676e-09 
9.8e-09 3.19993e-09 
9.85e-09 3.13383e-09 
9.9e-09 3.06846e-09 
9.95e-09 3.00381e-09 
1e-08 2.93987e-09 
