0 -0 
5e-11 -0 
1e-10 -0 
1.5e-10 1e-16 
2e-10 -0 
2.5e-10 -0 
3e-10 1e-16 
3.5e-10 1e-16 
4e-10 1e-16 
4.5e-10 1e-16 
5e-10 1e-16 
5.5e-10 1e-16 
6e-10 1e-16 
6.5e-10 1e-16 
7e-10 1e-16 
7.5e-10 1e-16 
8e-10 1e-16 
8.5e-10 1e-16 
9e-10 1e-16 
9.5e-10 1e-16 
1e-09 -0 
1.05e-09 -0 
1.1e-09 1e-16 
1.15e-09 1e-16 
1.2e-09 1e-16 
1.25e-09 1e-16 
1.3e-09 1e-16 
1.35e-09 1e-16 
1.4e-09 1e-16 
1.45e-09 1e-16 
1.5e-09 1e-16 
1.55e-09 1e-16 
1.6e-09 1e-16 
1.65e-09 1e-16 
1.7e-09 1e-16 
1.75e-09 1e-16 
1.8e-09 1e-16 
1.85e-09 1e-16 
1.9e-09 1e-16 
1.95e-09 1e-16 
2e-09 7.82298e-08 
2.05e-09 1.51116e-07 
2.1e-09 1.06006e-07 
2.15e-09 8.23381e-08 
2.2e-09 6.87052e-08 
2.25e-09 5.98327e-08 
2.3e-09 5.35252e-08 
2.35e-09 4.87481e-08 
2.4e-09 4.49997e-08 
2.45e-09 4.19745e-08 
2.5e-09 3.94881e-08 
2.55e-09 3.74196e-08 
2.6e-09 3.56832e-08 
2.65e-09 3.4214e-08 
2.7e-09 3.29613e-08 
2.75e-09 3.18839e-08 
2.8e-09 3.09485e-08 
2.85e-09 3.01281e-08 
2.9e-09 2.94009e-08 
2.95e-09 2.87494e-08 
3e-09 2.81598e-08 
3.05e-09 2.76213e-08 
3.1e-09 2.7125e-08 
3.15e-09 2.66643e-08 
3.2e-09 2.62335e-08 
3.25e-09 2.58286e-08 
3.3e-09 2.54462e-08 
3.35e-09 2.50835e-08 
3.4e-09 2.47385e-08 
3.45e-09 2.44096e-08 
3.5e-09 2.40955e-08 
3.55e-09 2.37951e-08 
3.6e-09 2.35076e-08 
3.65e-09 2.32324e-08 
3.7e-09 2.29688e-08 
3.75e-09 2.27163e-08 
3.8e-09 2.24743e-08 
3.85e-09 2.22424e-08 
3.9e-09 2.20199e-08 
3.95e-09 2.18062e-08 
4e-09 2.16008e-08 
4.05e-09 2.1403e-08 
4.1e-09 2.1212e-08 
4.15e-09 2.10272e-08 
4.2e-09 2.08479e-08 
4.25e-09 2.06733e-08 
4.3e-09 2.05027e-08 
4.35e-09 2.03355e-08 
4.4e-09 2.01709e-08 
4.45e-09 2.00084e-08 
4.5e-09 1.98474e-08 
4.55e-09 1.96873e-08 
4.6e-09 1.95278e-08 
4.65e-09 1.93683e-08 
4.7e-09 1.92087e-08 
4.75e-09 1.90484e-08 
4.8e-09 1.88874e-08 
4.85e-09 1.87254e-08 
4.9e-09 1.85623e-08 
4.95e-09 1.8398e-08 
5e-09 1.82323e-08 
5.05e-09 1.80653e-08 
5.1e-09 1.7897e-08 
5.15e-09 1.77273e-08 
5.2e-09 1.75563e-08 
5.25e-09 1.73841e-08 
5.3e-09 1.72108e-08 
5.35e-09 1.70364e-08 
5.4e-09 1.6861e-08 
5.45e-09 1.66848e-08 
5.5e-09 1.65078e-08 
5.55e-09 1.63301e-08 
5.6e-09 1.61519e-08 
5.65e-09 1.59733e-08 
5.7e-09 1.57943e-08 
5.75e-09 1.56151e-08 
5.8e-09 1.54358e-08 
5.85e-09 1.52565e-08 
5.9e-09 1.50773e-08 
5.95e-09 1.48983e-08 
6e-09 1.47196e-08 
6.05e-09 1.45413e-08 
6.1e-09 1.43634e-08 
6.15e-09 1.4186e-08 
6.2e-09 1.40092e-08 
6.25e-09 1.38331e-08 
6.3e-09 1.36578e-08 
6.35e-09 1.34833e-08 
6.4e-09 1.33096e-08 
6.45e-09 1.31368e-08 
6.5e-09 1.2965e-08 
6.55e-09 1.27942e-08 
6.6e-09 1.26244e-08 
6.65e-09 1.24557e-08 
6.7e-09 1.22882e-08 
6.75e-09 1.21218e-08 
6.8e-09 1.19566e-08 
6.85e-09 1.17926e-08 
6.9e-09 1.16299e-08 
6.95e-09 1.14684e-08 
7e-09 1.13081e-08 
7.05e-09 1.11492e-08 
7.1e-09 1.09916e-08 
7.15e-09 1.08353e-08 
7.2e-09 1.06803e-08 
7.25e-09 1.05267e-08 
7.3e-09 1.03745e-08 
7.35e-09 1.02235e-08 
7.4e-09 1.0074e-08 
7.45e-09 9.9258e-09 
7.5e-09 9.779e-09 
7.55e-09 9.63358e-09 
7.6e-09 9.48953e-09 
7.65e-09 9.34685e-09 
7.7e-09 9.20555e-09 
7.75e-09 9.06562e-09 
7.8e-09 8.92706e-09 
7.85e-09 8.78987e-09 
7.9e-09 8.65403e-09 
7.95e-09 8.51956e-09 
8e-09 8.38643e-09 
8.05e-09 8.25465e-09 
8.1e-09 8.12421e-09 
8.15e-09 7.9951e-09 
8.2e-09 7.86732e-09 
8.25e-09 7.74085e-09 
8.3e-09 7.6157e-09 
8.35e-09 7.49184e-09 
8.4e-09 7.36929e-09 
8.45e-09 7.24801e-09 
8.5e-09 7.12801e-09 
8.55e-09 7.00928e-09 
8.6e-09 6.89181e-09 
8.65e-09 6.77558e-09 
8.7e-09 6.6606e-09 
8.75e-09 6.54684e-09 
8.8e-09 6.4343e-09 
8.85e-09 6.32297e-09 
8.9e-09 6.21284e-09 
8.95e-09 6.1039e-09 
9e-09 5.99614e-09 
9.05e-09 5.88954e-09 
9.1e-09 5.78411e-09 
9.15e-09 5.67982e-09 
9.2e-09 5.57667e-09 
9.25e-09 5.47465e-09 
9.3e-09 5.37374e-09 
9.35e-09 5.27394e-09 
9.4e-09 5.17524e-09 
9.45e-09 5.07762e-09 
9.5e-09 4.98108e-09 
9.55e-09 4.88561e-09 
9.6e-09 4.79119e-09 
9.65e-09 4.69782e-09 
9.7e-09 4.60548e-09 
9.75e-09 4.51417e-09 
9.8e-09 4.42387e-09 
9.85e-09 4.33457e-09 
9.9e-09 4.24628e-09 
9.95e-09 4.15897e-09 
1e-08 4.07263e-09 
