0 -0 
5e-11 5e-16 
1e-10 -0 
1.5e-10 -0 
2e-10 -0 
2.5e-10 -0 
3e-10 -0 
3.5e-10 -0 
4e-10 -0 
4.5e-10 -0 
5e-10 -0 
5.5e-10 1e-16 
6e-10 -0 
6.5e-10 -0 
7e-10 -0 
7.5e-10 -0 
8e-10 -0 
8.5e-10 -0 
9e-10 -0 
9.5e-10 -0 
1e-09 -0 
1.05e-09 -0 
1.1e-09 -0 
1.15e-09 -0 
1.2e-09 -0 
1.25e-09 -0 
1.3e-09 -0 
1.35e-09 -0 
1.4e-09 -0 
1.45e-09 -0 
1.5e-09 1e-16 
1.55e-09 -0 
1.6e-09 -0 
1.65e-09 -0 
1.7e-09 -0 
1.75e-09 -0 
1.8e-09 -0 
1.85e-09 -0 
1.9e-09 -0 
1.95e-09 -0 
2e-09 1.31336e-07 
2.05e-09 2.23363e-07 
2.1e-09 1.55805e-07 
2.15e-09 1.21045e-07 
2.2e-09 9.95075e-08 
2.25e-09 8.48177e-08 
2.3e-09 7.43084e-08 
2.35e-09 6.64163e-08 
2.4e-09 6.01885e-08 
2.45e-09 5.51072e-08 
2.5e-09 5.0909e-08 
2.55e-09 4.74143e-08 
2.6e-09 4.4492e-08 
2.65e-09 4.20401e-08 
2.7e-09 3.99768e-08 
2.75e-09 3.82366e-08 
2.8e-09 3.67661e-08 
2.85e-09 3.55218e-08 
2.9e-09 3.44682e-08 
2.95e-09 3.3576e-08 
3e-09 3.28217e-08 
3.05e-09 3.21866e-08 
3.1e-09 3.16559e-08 
3.15e-09 3.12184e-08 
3.2e-09 3.08654e-08 
3.25e-09 3.05896e-08 
3.3e-09 3.03848e-08 
3.35e-09 3.02446e-08 
3.4e-09 3.0162e-08 
3.45e-09 3.01291e-08 
3.5e-09 3.01369e-08 
3.55e-09 3.01756e-08 
3.6e-09 3.02348e-08 
3.65e-09 3.03044e-08 
3.7e-09 3.03743e-08 
3.75e-09 3.0436e-08 
3.8e-09 3.04817e-08 
3.85e-09 3.05055e-08 
3.9e-09 3.05029e-08 
3.95e-09 3.04709e-08 
4e-09 3.04077e-08 
4.05e-09 3.03129e-08 
4.1e-09 3.01867e-08 
4.15e-09 3.00304e-08 
4.2e-09 2.98455e-08 
4.25e-09 2.96341e-08 
4.3e-09 2.93984e-08 
4.35e-09 2.91407e-08 
4.4e-09 2.88634e-08 
4.45e-09 2.85687e-08 
4.5e-09 2.82591e-08 
4.55e-09 2.79364e-08 
4.6e-09 2.76028e-08 
4.65e-09 2.726e-08 
4.7e-09 2.69097e-08 
4.75e-09 2.65534e-08 
4.8e-09 2.61925e-08 
4.85e-09 2.58282e-08 
4.9e-09 2.54615e-08 
4.95e-09 2.50936e-08 
5e-09 2.47251e-08 
5.05e-09 2.4357e-08 
5.1e-09 2.39898e-08 
5.15e-09 2.36241e-08 
5.2e-09 2.32605e-08 
5.25e-09 2.28993e-08 
5.3e-09 2.25411e-08 
5.35e-09 2.2186e-08 
5.4e-09 2.18344e-08 
5.45e-09 2.14865e-08 
5.5e-09 2.11425e-08 
5.55e-09 2.08026e-08 
5.6e-09 2.04668e-08 
5.65e-09 2.01354e-08 
5.7e-09 1.98083e-08 
5.75e-09 1.94857e-08 
5.8e-09 1.91675e-08 
5.85e-09 1.88539e-08 
5.9e-09 1.85449e-08 
5.95e-09 1.82403e-08 
6e-09 1.79403e-08 
6.05e-09 1.76448e-08 
6.1e-09 1.73537e-08 
6.15e-09 1.70672e-08 
6.2e-09 1.6785e-08 
6.25e-09 1.65072e-08 
6.3e-09 1.62338e-08 
6.35e-09 1.59646e-08 
6.4e-09 1.56996e-08 
6.45e-09 1.54388e-08 
6.5e-09 1.51821e-08 
6.55e-09 1.49295e-08 
6.6e-09 1.46808e-08 
6.65e-09 1.44361e-08 
6.7e-09 1.41952e-08 
6.75e-09 1.39581e-08 
6.8e-09 1.37248e-08 
6.85e-09 1.34952e-08 
6.9e-09 1.32691e-08 
6.95e-09 1.30466e-08 
7e-09 1.28276e-08 
7.05e-09 1.26121e-08 
7.1e-09 1.23999e-08 
7.15e-09 1.2191e-08 
7.2e-09 1.19854e-08 
7.25e-09 1.17829e-08 
7.3e-09 1.15836e-08 
7.35e-09 1.13874e-08 
7.4e-09 1.11941e-08 
7.45e-09 1.10039e-08 
7.5e-09 1.08165e-08 
7.55e-09 1.06321e-08 
7.6e-09 1.04504e-08 
7.65e-09 1.02715e-08 
7.7e-09 1.00952e-08 
7.75e-09 9.9217e-09 
7.8e-09 9.75075e-09 
7.85e-09 9.58236e-09 
7.9e-09 9.41649e-09 
7.95e-09 9.25308e-09 
8e-09 9.09211e-09 
8.05e-09 8.93351e-09 
8.1e-09 8.77726e-09 
8.15e-09 8.6233e-09 
8.2e-09 8.4716e-09 
8.25e-09 8.32212e-09 
8.3e-09 8.17482e-09 
8.35e-09 8.02966e-09 
8.4e-09 7.88661e-09 
8.45e-09 7.74562e-09 
8.5e-09 7.60666e-09 
8.55e-09 7.46969e-09 
8.6e-09 7.33469e-09 
8.65e-09 7.20162e-09 
8.7e-09 7.07044e-09 
8.75e-09 6.94113e-09 
8.8e-09 6.81365e-09 
8.85e-09 6.68797e-09 
8.9e-09 6.56406e-09 
8.95e-09 6.44189e-09 
9e-09 6.32144e-09 
9.05e-09 6.20267e-09 
9.1e-09 6.08556e-09 
9.15e-09 5.97008e-09 
9.2e-09 5.8562e-09 
9.25e-09 5.7439e-09 
9.3e-09 5.63315e-09 
9.35e-09 5.52393e-09 
9.4e-09 5.41621e-09 
9.45e-09 5.30997e-09 
9.5e-09 5.20518e-09 
9.55e-09 5.10183e-09 
9.6e-09 4.99989e-09 
9.65e-09 4.89934e-09 
9.7e-09 4.80015e-09 
9.75e-09 4.70231e-09 
9.8e-09 4.60579e-09 
9.85e-09 4.51058e-09 
9.9e-09 4.41665e-09 
9.95e-09 4.32399e-09 
1e-08 4.23257e-09 
