0 -0 
5e-11 4.4e-17 
1e-10 -5e-18 
1.5e-10 2.5e-17 
2e-10 -2e-18 
2.5e-10 -2e-18 
3e-10 5.7e-17 
3.5e-10 5.5e-17 
4e-10 5.4e-17 
4.5e-10 5.3e-17 
5e-10 1.1e-17 
5.5e-10 7.1e-17 
6e-10 2.6e-17 
6.5e-10 2.6e-17 
7e-10 2.7e-17 
7.5e-10 2.7e-17 
8e-10 2.6e-17 
8.5e-10 2.7e-17 
9e-10 2.7e-17 
9.5e-10 2.8e-17 
1e-09 5e-18 
1.05e-09 -2.5e-17 
1.1e-09 2.7e-17 
1.15e-09 2.7e-17 
1.2e-09 2.7e-17 
1.25e-09 2.8e-17 
1.3e-09 2.8e-17 
1.35e-09 2.8e-17 
1.4e-09 2.8e-17 
1.45e-09 2.9e-17 
1.5e-09 5.1e-17 
1.55e-09 1.3e-17 
1.6e-09 2.9e-17 
1.65e-09 2.7e-17 
1.7e-09 2.6e-17 
1.75e-09 2.8e-17 
1.8e-09 2.7e-17 
1.85e-09 2.6e-17 
1.9e-09 2.8e-17 
1.95e-09 2.8e-17 
2e-09 9.62641e-08 
2.05e-09 1.57525e-07 
2.1e-09 9.72352e-08 
2.15e-09 6.77967e-08 
2.2e-09 5.11214e-08 
2.25e-09 4.01789e-08 
2.3e-09 3.22594e-08 
2.35e-09 2.61918e-08 
2.4e-09 2.141e-08 
2.45e-09 1.75685e-08 
2.5e-09 1.44519e-08 
2.55e-09 1.19126e-08 
2.6e-09 9.84165e-09 
2.65e-09 8.15312e-09 
2.7e-09 6.77627e-09 
2.75e-09 5.65136e-09 
2.8e-09 4.72824e-09 
2.85e-09 3.96571e-09 
2.9e-09 3.33087e-09 
2.95e-09 2.798e-09 
3e-09 2.34715e-09 
3.05e-09 1.96292e-09 
3.1e-09 1.63331e-09 
3.15e-09 1.34891e-09 
3.2e-09 1.10228e-09 
3.25e-09 8.87484e-10 
3.3e-09 6.99718e-10 
3.35e-09 5.35048e-10 
3.4e-09 3.90228e-10 
3.45e-09 2.62546e-10 
3.5e-09 1.49718e-10 
3.55e-09 4.98031e-11 
3.6e-09 -3.88605e-11 
3.65e-09 -1.17703e-10 
3.7e-09 -1.8796e-10 
3.75e-09 -2.50708e-10 
3.8e-09 -3.0688e-10 
3.85e-09 -3.57293e-10 
3.9e-09 -4.02658e-10 
3.95e-09 -4.43597e-10 
4e-09 -4.80652e-10 
4.05e-09 -5.14298e-10 
4.1e-09 -5.44947e-10 
4.15e-09 -5.72959e-10 
4.2e-09 -5.98649e-10 
4.25e-09 -6.22288e-10 
4.3e-09 -6.44114e-10 
4.35e-09 -6.64334e-10 
4.4e-09 -6.83126e-10 
4.45e-09 -7.00646e-10 
4.5e-09 -7.17029e-10 
4.55e-09 -7.32393e-10 
4.6e-09 -7.46841e-10 
4.65e-09 -7.6046e-10 
4.7e-09 -7.7333e-10 
4.75e-09 -7.85517e-10 
4.8e-09 -7.97082e-10 
4.85e-09 -8.08076e-10 
4.9e-09 -8.18545e-10 
4.95e-09 -8.28529e-10 
5e-09 -8.38065e-10 
5.05e-09 -8.47184e-10 
5.1e-09 -8.55914e-10 
5.15e-09 -8.64281e-10 
5.2e-09 -8.72308e-10 
5.25e-09 -8.80014e-10 
5.3e-09 -8.8742e-10 
5.35e-09 -8.94541e-10 
5.4e-09 -9.01393e-10 
5.45e-09 -9.07991e-10 
5.5e-09 -9.14348e-10 
5.55e-09 -9.20474e-10 
5.6e-09 -9.26383e-10 
5.65e-09 -9.32083e-10 
5.7e-09 -9.37586e-10 
5.75e-09 -9.429e-10 
5.8e-09 -9.48032e-10 
5.85e-09 -9.52993e-10 
5.9e-09 -9.57789e-10 
5.95e-09 -9.62426e-10 
6e-09 -9.66913e-10 
6.05e-09 -9.71255e-10 
6.1e-09 -9.75459e-10 
6.15e-09 -9.79529e-10 
6.2e-09 -9.83473e-10 
6.25e-09 -9.87294e-10 
6.3e-09 -9.90998e-10 
6.35e-09 -9.94589e-10 
6.4e-09 -9.98073e-10 
6.45e-09 -1.00145e-09 
6.5e-09 -1.00473e-09 
6.55e-09 -1.00791e-09 
6.6e-09 -1.01101e-09 
6.65e-09 -1.01401e-09 
6.7e-09 -1.01693e-09 
6.75e-09 -1.01977e-09 
6.8e-09 -1.02253e-09 
6.85e-09 -1.02522e-09 
6.9e-09 -1.02783e-09 
6.95e-09 -1.03037e-09 
7e-09 -1.03284e-09 
7.05e-09 -1.03526e-09 
7.1e-09 -1.0376e-09 
7.15e-09 -1.03989e-09 
7.2e-09 -1.04212e-09 
7.25e-09 -1.0443e-09 
7.3e-09 -1.04642e-09 
7.35e-09 -1.04849e-09 
7.4e-09 -1.05051e-09 
7.45e-09 -1.05248e-09 
7.5e-09 -1.0544e-09 
7.55e-09 -1.05628e-09 
7.6e-09 -1.05812e-09 
7.65e-09 -1.05992e-09 
7.7e-09 -1.06167e-09 
7.75e-09 -1.06339e-09 
7.8e-09 -1.06507e-09 
7.85e-09 -1.06671e-09 
7.9e-09 -1.06831e-09 
7.95e-09 -1.06989e-09 
8e-09 -1.07143e-09 
8.05e-09 -1.07294e-09 
8.1e-09 -1.07441e-09 
8.15e-09 -1.07586e-09 
8.2e-09 -1.07728e-09 
8.25e-09 -1.07867e-09 
8.3e-09 -1.08003e-09 
8.35e-09 -1.08137e-09 
8.4e-09 -1.08268e-09 
8.45e-09 -1.08397e-09 
8.5e-09 -1.08523e-09 
8.55e-09 -1.08647e-09 
8.6e-09 -1.08769e-09 
8.65e-09 -1.08888e-09 
8.7e-09 -1.09005e-09 
8.75e-09 -1.09121e-09 
8.8e-09 -1.09234e-09 
8.85e-09 -1.09345e-09 
8.9e-09 -1.09454e-09 
8.95e-09 -1.09562e-09 
9e-09 -1.09667e-09 
9.05e-09 -1.09771e-09 
9.1e-09 -1.09873e-09 
9.15e-09 -1.09973e-09 
9.2e-09 -1.10072e-09 
9.25e-09 -1.10169e-09 
9.3e-09 -1.10265e-09 
9.35e-09 -1.10359e-09 
9.4e-09 -1.10451e-09 
9.45e-09 -1.10542e-09 
9.5e-09 -1.10632e-09 
9.55e-09 -1.1072e-09 
9.6e-09 -1.10807e-09 
9.65e-09 -1.10893e-09 
9.7e-09 -1.10977e-09 
9.75e-09 -1.1106e-09 
9.8e-09 -1.11142e-09 
9.85e-09 -1.11222e-09 
9.9e-09 -1.11301e-09 
9.95e-09 -1.11379e-09 
1e-08 -1.11456e-09 
