0 9.5e-27 
5e-11 1.825e-26 
1e-10 1.775e-26 
1.5e-10 1.725e-26 
2e-10 1.575e-26 
2.5e-10 1.6e-26 
3e-10 1.8e-26 
3.5e-10 2e-26 
4e-10 2.2e-26 
4.5e-10 2.275e-26 
5e-10 2.375e-26 
5.5e-10 2.525e-26 
6e-10 2.575e-26 
6.5e-10 2.625e-26 
7e-10 2.675e-26 
7.5e-10 2.725e-26 
8e-10 2.775e-26 
8.5e-10 2.825e-26 
9e-10 2.875e-26 
9.5e-10 2.875e-26 
1e-09 2.725e-26 
1.05e-09 2.625e-26 
1.1e-09 2.675e-26 
1.15e-09 2.725e-26 
1.2e-09 2.775e-26 
1.25e-09 2.825e-26 
1.3e-09 2.875e-26 
1.35e-09 2.925e-26 
1.4e-09 2.975e-26 
1.45e-09 3.1e-26 
1.5e-09 3.2e-26 
1.55e-09 3.225e-26 
1.6e-09 3.275e-26 
1.65e-09 3.325e-26 
1.7e-09 3.375e-26 
1.75e-09 3.425e-26 
1.8e-09 3.475e-26 
1.85e-09 3.525e-26 
1.9e-09 3.575e-26 
1.95e-09 2.9768e-18 
2e-09 1.07776e-17 
2.05e-09 1.87474e-17 
2.1e-09 2.41753e-17 
2.15e-09 2.82011e-17 
2.2e-09 3.13151e-17 
2.25e-09 3.37821e-17 
2.3e-09 3.57668e-17 
2.35e-09 3.73772e-17 
2.4e-09 3.86889e-17 
2.45e-09 3.97583e-17 
2.5e-09 4.06304e-17 
2.55e-09 4.1341e-17 
2.6e-09 4.19194e-17 
2.65e-09 4.23895e-17 
2.7e-09 4.27711e-17 
2.75e-09 4.30801e-17 
2.8e-09 4.33301e-17 
2.85e-09 4.35319e-17 
2.9e-09 4.36945e-17 
2.95e-09 4.3825e-17 
3e-09 4.39296e-17 
3.05e-09 4.4013e-17 
3.1e-09 4.40792e-17 
3.15e-09 4.41316e-17 
3.2e-09 4.4173e-17 
3.25e-09 4.42057e-17 
3.3e-09 4.4232e-17 
3.35e-09 4.42537e-17 
3.4e-09 4.42724e-17 
3.45e-09 4.42899e-17 
3.5e-09 4.43075e-17 
3.55e-09 4.43268e-17 
3.6e-09 4.43492e-17 
3.65e-09 4.43759e-17 
3.7e-09 4.44083e-17 
3.75e-09 4.44476e-17 
3.8e-09 4.44948e-17 
3.85e-09 4.4551e-17 
3.9e-09 4.4617e-17 
3.95e-09 4.46935e-17 
4e-09 4.4781e-17 
4.05e-09 4.48799e-17 
4.1e-09 4.49904e-17 
4.15e-09 4.51127e-17 
4.2e-09 4.52466e-17 
4.25e-09 4.53918e-17 
4.3e-09 4.55482e-17 
4.35e-09 4.57152e-17 
4.4e-09 4.58923e-17 
4.45e-09 4.60791e-17 
4.5e-09 4.62748e-17 
4.55e-09 4.64788e-17 
4.6e-09 4.66906e-17 
4.65e-09 4.69093e-17 
4.7e-09 4.71344e-17 
4.75e-09 4.73652e-17 
4.8e-09 4.76011e-17 
4.85e-09 4.78415e-17 
4.9e-09 4.80858e-17 
4.95e-09 4.83333e-17 
5e-09 4.85838e-17 
5.05e-09 4.88365e-17 
5.1e-09 4.90911e-17 
5.15e-09 4.93471e-17 
5.2e-09 4.96041e-17 
5.25e-09 4.98618e-17 
5.3e-09 5.01198e-17 
5.35e-09 5.03779e-17 
5.4e-09 5.06356e-17 
5.45e-09 5.08927e-17 
5.5e-09 5.11491e-17 
5.55e-09 5.14044e-17 
5.6e-09 5.16585e-17 
5.65e-09 5.19111e-17 
5.7e-09 5.21622e-17 
5.75e-09 5.24115e-17 
5.8e-09 5.2659e-17 
5.85e-09 5.29045e-17 
5.9e-09 5.31479e-17 
5.95e-09 5.33891e-17 
6e-09 5.3628e-17 
6.05e-09 5.38645e-17 
6.1e-09 5.40986e-17 
6.15e-09 5.43302e-17 
6.2e-09 5.45593e-17 
6.25e-09 5.47858e-17 
6.3e-09 5.50097e-17 
6.35e-09 5.52309e-17 
6.4e-09 5.54495e-17 
6.45e-09 5.56654e-17 
6.5e-09 5.58786e-17 
6.55e-09 5.6089e-17 
6.6e-09 5.62968e-17 
6.65e-09 5.65018e-17 
6.7e-09 5.67041e-17 
6.75e-09 5.69037e-17 
6.8e-09 5.71005e-17 
6.85e-09 5.72947e-17 
6.9e-09 5.74861e-17 
6.95e-09 5.76749e-17 
7e-09 5.7861e-17 
7.05e-09 5.80445e-17 
7.1e-09 5.82253e-17 
7.15e-09 5.84035e-17 
7.2e-09 5.85791e-17 
7.25e-09 5.87521e-17 
7.3e-09 5.89226e-17 
7.35e-09 5.90906e-17 
7.4e-09 5.9256e-17 
7.45e-09 5.9419e-17 
7.5e-09 5.95795e-17 
7.55e-09 5.97376e-17 
7.6e-09 5.98933e-17 
7.65e-09 6.00467e-17 
7.7e-09 6.01976e-17 
7.75e-09 6.03463e-17 
7.8e-09 6.04926e-17 
7.85e-09 6.06367e-17 
7.9e-09 6.07785e-17 
7.95e-09 6.09181e-17 
8e-09 6.10556e-17 
8.05e-09 6.11908e-17 
8.1e-09 6.1324e-17 
8.15e-09 6.1455e-17 
8.2e-09 6.1584e-17 
8.25e-09 6.17109e-17 
8.3e-09 6.18358e-17 
8.35e-09 6.19586e-17 
8.4e-09 6.20796e-17 
8.45e-09 6.21985e-17 
8.5e-09 6.23156e-17 
8.55e-09 6.24307e-17 
8.6e-09 6.2544e-17 
8.65e-09 6.26555e-17 
8.7e-09 6.27651e-17 
8.75e-09 6.28729e-17 
8.8e-09 6.2979e-17 
8.85e-09 6.30833e-17 
8.9e-09 6.31859e-17 
8.95e-09 6.32868e-17 
9e-09 6.33861e-17 
9.05e-09 6.34837e-17 
9.1e-09 6.35797e-17 
9.15e-09 6.3674e-17 
9.2e-09 6.37668e-17 
9.25e-09 6.38581e-17 
9.3e-09 6.39478e-17 
9.35e-09 6.4036e-17 
9.4e-09 6.41226e-17 
9.45e-09 6.42079e-17 
9.5e-09 6.42917e-17 
9.55e-09 6.4374e-17 
9.6e-09 6.4455e-17 
9.65e-09 6.45345e-17 
9.7e-09 6.46127e-17 
9.75e-09 6.46895e-17 
9.8e-09 6.4765e-17 
9.85e-09 6.48392e-17 
9.9e-09 6.49121e-17 
9.95e-09 6.49838e-17 
1e-08 6.50192e-17 
