0 2.5e-27 
5e-11 5e-27 
1e-10 5e-27 
1.5e-10 5e-27 
2e-10 5e-27 
2.5e-10 7.5e-27 
3e-10 1.25e-26 
3.5e-10 1.75e-26 
4e-10 2.25e-26 
4.5e-10 2.5e-26 
5e-10 2.75e-26 
5.5e-10 3e-26 
6e-10 3e-26 
6.5e-10 3e-26 
7e-10 3e-26 
7.5e-10 3e-26 
8e-10 3e-26 
8.5e-10 3e-26 
9e-10 3e-26 
9.5e-10 3e-26 
1e-09 3e-26 
1.05e-09 3e-26 
1.1e-09 3e-26 
1.15e-09 3e-26 
1.2e-09 3e-26 
1.25e-09 3e-26 
1.3e-09 3e-26 
1.35e-09 3e-26 
1.4e-09 3e-26 
1.45e-09 3.25e-26 
1.5e-09 3.5e-26 
1.55e-09 3.5e-26 
1.6e-09 3.5e-26 
1.65e-09 3.5e-26 
1.7e-09 3.5e-26 
1.75e-09 3.5e-26 
1.8e-09 3.5e-26 
1.85e-09 3.5e-26 
1.9e-09 3.5e-26 
1.95e-09 1.38965e-17 
2e-09 3.97945e-17 
2.05e-09 5.65896e-17 
2.1e-09 6.39887e-17 
2.15e-09 6.84075e-17 
2.2e-09 7.16529e-17 
2.25e-09 7.42917e-17 
2.3e-09 7.65501e-17 
2.35e-09 7.85376e-17 
2.4e-09 8.03179e-17 
2.45e-09 8.19335e-17 
2.5e-09 8.34154e-17 
2.55e-09 8.47877e-17 
2.6e-09 8.60692e-17 
2.65e-09 8.72751e-17 
2.7e-09 8.84179e-17 
2.75e-09 8.95074e-17 
2.8e-09 9.05518e-17 
2.85e-09 9.15577e-17 
2.9e-09 9.25304e-17 
2.95e-09 9.34741e-17 
3e-09 9.43924e-17 
3.05e-09 9.5288e-17 
3.1e-09 9.61633e-17 
3.15e-09 9.70203e-17 
3.2e-09 9.78606e-17 
3.25e-09 9.86854e-17 
3.3e-09 9.9496e-17 
3.35e-09 1.00293e-16 
3.4e-09 1.01079e-16 
3.45e-09 1.01852e-16 
3.5e-09 1.02615e-16 
3.55e-09 1.03368e-16 
3.6e-09 1.04112e-16 
3.65e-09 1.04847e-16 
3.7e-09 1.05574e-16 
3.75e-09 1.06293e-16 
3.8e-09 1.07006e-16 
3.85e-09 1.07712e-16 
3.9e-09 1.08412e-16 
3.95e-09 1.09107e-16 
4e-09 1.09796e-16 
4.05e-09 1.10482e-16 
4.1e-09 1.11163e-16 
4.15e-09 1.1184e-16 
4.2e-09 1.12514e-16 
4.25e-09 1.13185e-16 
4.3e-09 1.13852e-16 
4.35e-09 1.14517e-16 
4.4e-09 1.15179e-16 
4.45e-09 1.15838e-16 
4.5e-09 1.16495e-16 
4.55e-09 1.17149e-16 
4.6e-09 1.17801e-16 
4.65e-09 1.18449e-16 
4.7e-09 1.19095e-16 
4.75e-09 1.19739e-16 
4.8e-09 1.20379e-16 
4.85e-09 1.21016e-16 
4.9e-09 1.2165e-16 
4.95e-09 1.2228e-16 
5e-09 1.22907e-16 
5.05e-09 1.2353e-16 
5.1e-09 1.24149e-16 
5.15e-09 1.24764e-16 
5.2e-09 1.25375e-16 
5.25e-09 1.25981e-16 
5.3e-09 1.26583e-16 
5.35e-09 1.27181e-16 
5.4e-09 1.27773e-16 
5.45e-09 1.28361e-16 
5.5e-09 1.28943e-16 
5.55e-09 1.29521e-16 
5.6e-09 1.30093e-16 
5.65e-09 1.3066e-16 
5.7e-09 1.31221e-16 
5.75e-09 1.31777e-16 
5.8e-09 1.32327e-16 
5.85e-09 1.32871e-16 
5.9e-09 1.3341e-16 
5.95e-09 1.33943e-16 
6e-09 1.3447e-16 
6.05e-09 1.34992e-16 
6.1e-09 1.35507e-16 
6.15e-09 1.36017e-16 
6.2e-09 1.3652e-16 
6.25e-09 1.37018e-16 
6.3e-09 1.37509e-16 
6.35e-09 1.37995e-16 
6.4e-09 1.38475e-16 
6.45e-09 1.38949e-16 
6.5e-09 1.39417e-16 
6.55e-09 1.39878e-16 
6.6e-09 1.40334e-16 
6.65e-09 1.40784e-16 
6.7e-09 1.41229e-16 
6.75e-09 1.41667e-16 
6.8e-09 1.42099e-16 
6.85e-09 1.42526e-16 
6.9e-09 1.42947e-16 
6.95e-09 1.43362e-16 
7e-09 1.43771e-16 
7.05e-09 1.44175e-16 
7.1e-09 1.44573e-16 
7.15e-09 1.44966e-16 
7.2e-09 1.45353e-16 
7.25e-09 1.45734e-16 
7.3e-09 1.4611e-16 
7.35e-09 1.4648e-16 
7.4e-09 1.46845e-16 
7.45e-09 1.47205e-16 
7.5e-09 1.47559e-16 
7.55e-09 1.47908e-16 
7.6e-09 1.48252e-16 
7.65e-09 1.48591e-16 
7.7e-09 1.48924e-16 
7.75e-09 1.49253e-16 
7.8e-09 1.49576e-16 
7.85e-09 1.49895e-16 
7.9e-09 1.50208e-16 
7.95e-09 1.50517e-16 
8e-09 1.5082e-16 
8.05e-09 1.51119e-16 
8.1e-09 1.51413e-16 
8.15e-09 1.51703e-16 
8.2e-09 1.51988e-16 
8.25e-09 1.52268e-16 
8.3e-09 1.52543e-16 
8.35e-09 1.52814e-16 
8.4e-09 1.53081e-16 
8.45e-09 1.53343e-16 
8.5e-09 1.536e-16 
8.55e-09 1.53854e-16 
8.6e-09 1.54103e-16 
8.65e-09 1.54347e-16 
8.7e-09 1.54588e-16 
8.75e-09 1.54824e-16 
8.8e-09 1.55057e-16 
8.85e-09 1.55285e-16 
8.9e-09 1.55509e-16 
8.95e-09 1.55729e-16 
9e-09 1.55945e-16 
9.05e-09 1.56157e-16 
9.1e-09 1.56366e-16 
9.15e-09 1.5657e-16 
9.2e-09 1.56771e-16 
9.25e-09 1.56968e-16 
9.3e-09 1.57161e-16 
9.35e-09 1.57351e-16 
9.4e-09 1.57537e-16 
9.45e-09 1.57719e-16 
9.5e-09 1.57898e-16 
9.55e-09 1.58073e-16 
9.6e-09 1.58245e-16 
9.65e-09 1.58414e-16 
9.7e-09 1.58579e-16 
9.75e-09 1.5874e-16 
9.8e-09 1.58899e-16 
9.85e-09 1.59054e-16 
9.9e-09 1.59206e-16 
9.95e-09 1.59354e-16 
1e-08 1.59427e-16 
