0 1.25e-26 
5e-11 2.5e-26 
1e-10 2.5e-26 
1.5e-10 2.5e-26 
2e-10 2.5e-26 
2.5e-10 2.5e-26 
3e-10 2.5e-26 
3.5e-10 2.5e-26 
4e-10 2.5e-26 
4.5e-10 2.5e-26 
5e-10 2.75e-26 
5.5e-10 3e-26 
6e-10 3e-26 
6.5e-10 3e-26 
7e-10 3e-26 
7.5e-10 3e-26 
8e-10 3e-26 
8.5e-10 3e-26 
9e-10 3e-26 
9.5e-10 3e-26 
1e-09 3e-26 
1.05e-09 3e-26 
1.1e-09 3e-26 
1.15e-09 3e-26 
1.2e-09 3e-26 
1.25e-09 3e-26 
1.3e-09 3e-26 
1.35e-09 3e-26 
1.4e-09 3e-26 
1.45e-09 3.25e-26 
1.5e-09 3.5e-26 
1.55e-09 3.5e-26 
1.6e-09 3.5e-26 
1.65e-09 3.5e-26 
1.7e-09 3.5e-26 
1.75e-09 3.5e-26 
1.8e-09 3.5e-26 
1.85e-09 3.5e-26 
1.9e-09 3.5e-26 
1.95e-09 3.28341e-18 
2e-09 1.21509e-17 
2.05e-09 2.16301e-17 
2.1e-09 2.85514e-17 
2.15e-09 3.40652e-17 
2.2e-09 3.86733e-17 
2.25e-09 4.26515e-17 
2.3e-09 4.61696e-17 
2.35e-09 4.93347e-17 
2.4e-09 5.22171e-17 
2.45e-09 5.48675e-17 
2.5e-09 5.73256e-17 
2.55e-09 5.96233e-17 
2.6e-09 6.17866e-17 
2.65e-09 6.3837e-17 
2.7e-09 6.57923e-17 
2.75e-09 6.76674e-17 
2.8e-09 6.94746e-17 
2.85e-09 7.12243e-17 
2.9e-09 7.29254e-17 
2.95e-09 7.45854e-17 
3e-09 7.62106e-17 
3.05e-09 7.78067e-17 
3.1e-09 7.93785e-17 
3.15e-09 8.09306e-17 
3.2e-09 8.2467e-17 
3.25e-09 8.39913e-17 
3.3e-09 8.55071e-17 
3.35e-09 8.70172e-17 
3.4e-09 8.85245e-17 
3.45e-09 9.00312e-17 
3.5e-09 9.1539e-17 
3.55e-09 9.30492e-17 
3.6e-09 9.45627e-17 
3.65e-09 9.60797e-17 
3.7e-09 9.76e-17 
3.75e-09 9.91229e-17 
3.8e-09 1.00648e-16 
3.85e-09 1.02173e-16 
3.9e-09 1.03697e-16 
3.95e-09 1.05219e-16 
4e-09 1.06737e-16 
4.05e-09 1.0825e-16 
4.1e-09 1.09755e-16 
4.15e-09 1.11252e-16 
4.2e-09 1.12739e-16 
4.25e-09 1.14215e-16 
4.3e-09 1.15678e-16 
4.35e-09 1.17128e-16 
4.4e-09 1.18564e-16 
4.45e-09 1.19985e-16 
4.5e-09 1.2139e-16 
4.55e-09 1.22778e-16 
4.6e-09 1.2415e-16 
4.65e-09 1.25504e-16 
4.7e-09 1.26841e-16 
4.75e-09 1.28159e-16 
4.8e-09 1.2946e-16 
4.85e-09 1.30742e-16 
4.9e-09 1.32006e-16 
4.95e-09 1.33251e-16 
5e-09 1.34478e-16 
5.05e-09 1.35687e-16 
5.1e-09 1.36877e-16 
5.15e-09 1.3805e-16 
5.2e-09 1.39204e-16 
5.25e-09 1.4034e-16 
5.3e-09 1.41458e-16 
5.35e-09 1.42558e-16 
5.4e-09 1.43641e-16 
5.45e-09 1.44707e-16 
5.5e-09 1.45756e-16 
5.55e-09 1.46787e-16 
5.6e-09 1.47802e-16 
5.65e-09 1.48801e-16 
5.7e-09 1.49783e-16 
5.75e-09 1.5075e-16 
5.8e-09 1.517e-16 
5.85e-09 1.52635e-16 
5.9e-09 1.53555e-16 
5.95e-09 1.54459e-16 
6e-09 1.55349e-16 
6.05e-09 1.56224e-16 
6.1e-09 1.57084e-16 
6.15e-09 1.57931e-16 
6.2e-09 1.58763e-16 
6.25e-09 1.59582e-16 
6.3e-09 1.60387e-16 
6.35e-09 1.61178e-16 
6.4e-09 1.61957e-16 
6.45e-09 1.62722e-16 
6.5e-09 1.63475e-16 
6.55e-09 1.64215e-16 
6.6e-09 1.64943e-16 
6.65e-09 1.65659e-16 
6.7e-09 1.66363e-16 
6.75e-09 1.67055e-16 
6.8e-09 1.67735e-16 
6.85e-09 1.68404e-16 
6.9e-09 1.69062e-16 
6.95e-09 1.69709e-16 
7e-09 1.70345e-16 
7.05e-09 1.7097e-16 
7.1e-09 1.71585e-16 
7.15e-09 1.7219e-16 
7.2e-09 1.72784e-16 
7.25e-09 1.73368e-16 
7.3e-09 1.73942e-16 
7.35e-09 1.74507e-16 
7.4e-09 1.75062e-16 
7.45e-09 1.75607e-16 
7.5e-09 1.76143e-16 
7.55e-09 1.76671e-16 
7.6e-09 1.77189e-16 
7.65e-09 1.77698e-16 
7.7e-09 1.78198e-16 
7.75e-09 1.7869e-16 
7.8e-09 1.79173e-16 
7.85e-09 1.79648e-16 
7.9e-09 1.80115e-16 
7.95e-09 1.80574e-16 
8e-09 1.81024e-16 
8.05e-09 1.81467e-16 
8.1e-09 1.81902e-16 
8.15e-09 1.82329e-16 
8.2e-09 1.82749e-16 
8.25e-09 1.83162e-16 
8.3e-09 1.83567e-16 
8.35e-09 1.83965e-16 
8.4e-09 1.84356e-16 
8.45e-09 1.84739e-16 
8.5e-09 1.85116e-16 
8.55e-09 1.85486e-16 
8.6e-09 1.8585e-16 
8.65e-09 1.86207e-16 
8.7e-09 1.86557e-16 
8.75e-09 1.86901e-16 
8.8e-09 1.87238e-16 
8.85e-09 1.8757e-16 
8.9e-09 1.87895e-16 
8.95e-09 1.88214e-16 
9e-09 1.88527e-16 
9.05e-09 1.88834e-16 
9.1e-09 1.89135e-16 
9.15e-09 1.89431e-16 
9.2e-09 1.89721e-16 
9.25e-09 1.90006e-16 
9.3e-09 1.90284e-16 
9.35e-09 1.90558e-16 
9.4e-09 1.90826e-16 
9.45e-09 1.91089e-16 
9.5e-09 1.91347e-16 
9.55e-09 1.91599e-16 
9.6e-09 1.91847e-16 
9.65e-09 1.92089e-16 
9.7e-09 1.92327e-16 
9.75e-09 1.92559e-16 
9.8e-09 1.92787e-16 
9.85e-09 1.93011e-16 
9.9e-09 1.93229e-16 
9.95e-09 1.93443e-16 
1e-08 1.93548e-16 
