0 -1.8e-27 
5e-11 -3.825e-27 
1e-10 -3.6e-27 
1.5e-10 -3.35e-27 
2e-10 -3.825e-27 
2.5e-10 -3e-27 
3e-10 -8.25e-28 
3.5e-10 1.35e-27 
4e-10 3.525e-27 
4.5e-10 4.65e-27 
5e-10 6.275e-27 
5.5e-10 8.325e-27 
6e-10 9.325e-27 
6.5e-10 1.035e-26 
7e-10 1.1325e-26 
7.5e-10 1.2225e-26 
8e-10 1.3125e-26 
8.5e-10 1.4075e-26 
9e-10 1.5025e-26 
9.5e-10 1.5325e-26 
1e-09 1.43e-26 
1.05e-09 1.3925e-26 
1.1e-09 1.4875e-26 
1.15e-09 1.585e-26 
1.2e-09 1.68e-26 
1.25e-09 1.77e-26 
1.3e-09 1.865e-26 
1.35e-09 1.96e-26 
1.4e-09 2.0475e-26 
1.45e-09 2.2e-26 
1.5e-09 2.31e-26 
1.55e-09 2.3625e-26 
1.6e-09 2.4675e-26 
1.65e-09 2.5625e-26 
1.7e-09 2.65e-26 
1.75e-09 2.74e-26 
1.8e-09 2.835e-26 
1.85e-09 2.9275e-26 
1.9e-09 3.0175e-26 
1.95e-09 1.73842e-18 
2e-09 6.67497e-18 
2.05e-09 1.18996e-17 
2.1e-09 1.53446e-17 
2.15e-09 1.78334e-17 
2.2e-09 1.9747e-17 
2.25e-09 2.12713e-17 
2.3e-09 2.25098e-17 
2.35e-09 2.35276e-17 
2.4e-09 2.43701e-17 
2.45e-09 2.50711e-17 
2.5e-09 2.56568e-17 
2.55e-09 2.61483e-17 
2.6e-09 2.65625e-17 
2.65e-09 2.69132e-17 
2.7e-09 2.72111e-17 
2.75e-09 2.74651e-17 
2.8e-09 2.76822e-17 
2.85e-09 2.7868e-17 
2.9e-09 2.80269e-17 
2.95e-09 2.81626e-17 
3e-09 2.82781e-17 
3.05e-09 2.8376e-17 
3.1e-09 2.84583e-17 
3.15e-09 2.85268e-17 
3.2e-09 2.8583e-17 
3.25e-09 2.86281e-17 
3.3e-09 2.86634e-17 
3.35e-09 2.86897e-17 
3.4e-09 2.87079e-17 
3.45e-09 2.87187e-17 
3.5e-09 2.87229e-17 
3.55e-09 2.87209e-17 
3.6e-09 2.87133e-17 
3.65e-09 2.87007e-17 
3.7e-09 2.86833e-17 
3.75e-09 2.86616e-17 
3.8e-09 2.86359e-17 
3.85e-09 2.86065e-17 
3.9e-09 2.85737e-17 
3.95e-09 2.85378e-17 
4e-09 2.8499e-17 
4.05e-09 2.84574e-17 
4.1e-09 2.84133e-17 
4.15e-09 2.83669e-17 
4.2e-09 2.83182e-17 
4.25e-09 2.82676e-17 
4.3e-09 2.8215e-17 
4.35e-09 2.81606e-17 
4.4e-09 2.81046e-17 
4.45e-09 2.8047e-17 
4.5e-09 2.79879e-17 
4.55e-09 2.79275e-17 
4.6e-09 2.78657e-17 
4.65e-09 2.78028e-17 
4.7e-09 2.77387e-17 
4.75e-09 2.76735e-17 
4.8e-09 2.76072e-17 
4.85e-09 2.754e-17 
4.9e-09 2.74719e-17 
4.95e-09 2.7403e-17 
5e-09 2.73332e-17 
5.05e-09 2.72626e-17 
5.1e-09 2.71913e-17 
5.15e-09 2.71193e-17 
5.2e-09 2.70467e-17 
5.25e-09 2.69734e-17 
5.3e-09 2.68995e-17 
5.35e-09 2.68251e-17 
5.4e-09 2.67501e-17 
5.45e-09 2.66746e-17 
5.5e-09 2.65986e-17 
5.55e-09 2.65222e-17 
5.6e-09 2.64453e-17 
5.65e-09 2.6368e-17 
5.7e-09 2.62902e-17 
5.75e-09 2.62121e-17 
5.8e-09 2.61337e-17 
5.85e-09 2.60548e-17 
5.9e-09 2.59757e-17 
5.95e-09 2.58962e-17 
6e-09 2.58164e-17 
6.05e-09 2.57363e-17 
6.1e-09 2.56559e-17 
6.15e-09 2.55753e-17 
6.2e-09 2.54944e-17 
6.25e-09 2.54133e-17 
6.3e-09 2.53319e-17 
6.35e-09 2.52504e-17 
6.4e-09 2.51686e-17 
6.45e-09 2.50866e-17 
6.5e-09 2.50044e-17 
6.55e-09 2.4922e-17 
6.6e-09 2.48394e-17 
6.65e-09 2.47567e-17 
6.7e-09 2.46738e-17 
6.75e-09 2.45907e-17 
6.8e-09 2.45075e-17 
6.85e-09 2.44242e-17 
6.9e-09 2.43407e-17 
6.95e-09 2.4257e-17 
7e-09 2.41733e-17 
7.05e-09 2.40894e-17 
7.1e-09 2.40055e-17 
7.15e-09 2.39214e-17 
7.2e-09 2.38372e-17 
7.25e-09 2.37529e-17 
7.3e-09 2.36685e-17 
7.35e-09 2.35841e-17 
7.4e-09 2.34995e-17 
7.45e-09 2.34149e-17 
7.5e-09 2.33302e-17 
7.55e-09 2.32454e-17 
7.6e-09 2.31605e-17 
7.65e-09 2.30756e-17 
7.7e-09 2.29906e-17 
7.75e-09 2.29056e-17 
7.8e-09 2.28205e-17 
7.85e-09 2.27353e-17 
7.9e-09 2.26501e-17 
7.95e-09 2.25649e-17 
8e-09 2.24796e-17 
8.05e-09 2.23943e-17 
8.1e-09 2.23089e-17 
8.15e-09 2.22235e-17 
8.2e-09 2.21381e-17 
8.25e-09 2.20526e-17 
8.3e-09 2.19671e-17 
8.35e-09 2.18816e-17 
8.4e-09 2.1796e-17 
8.45e-09 2.17105e-17 
8.5e-09 2.16249e-17 
8.55e-09 2.15393e-17 
8.6e-09 2.14537e-17 
8.65e-09 2.1368e-17 
8.7e-09 2.12824e-17 
8.75e-09 2.11967e-17 
8.8e-09 2.11111e-17 
8.85e-09 2.10254e-17 
8.9e-09 2.09397e-17 
8.95e-09 2.08541e-17 
9e-09 2.07684e-17 
9.05e-09 2.06827e-17 
9.1e-09 2.0597e-17 
9.15e-09 2.05114e-17 
9.2e-09 2.04257e-17 
9.25e-09 2.034e-17 
9.3e-09 2.02544e-17 
9.35e-09 2.01687e-17 
9.4e-09 2.00831e-17 
9.45e-09 1.99975e-17 
9.5e-09 1.99118e-17 
9.55e-09 1.98262e-17 
9.6e-09 1.97407e-17 
9.65e-09 1.96551e-17 
9.7e-09 1.95695e-17 
9.75e-09 1.9484e-17 
9.8e-09 1.93985e-17 
9.85e-09 1.9313e-17 
9.9e-09 1.92275e-17 
9.95e-09 1.9142e-17 
1e-08 1.90993e-17 
