0 0 
5e-11 0 
1e-10 2.5e-27 
1.5e-10 5e-27 
2e-10 5e-27 
2.5e-10 7.5e-27 
3e-10 1.25e-26 
3.5e-10 1.75e-26 
4e-10 2.25e-26 
4.5e-10 2.75e-26 
5e-10 3.25e-26 
5.5e-10 3.75e-26 
6e-10 4.25e-26 
6.5e-10 4.75e-26 
7e-10 5.25e-26 
7.5e-10 5.75e-26 
8e-10 6.25e-26 
8.5e-10 6.75e-26 
9e-10 7.25e-26 
9.5e-10 7.5e-26 
1e-09 7.5e-26 
1.05e-09 7.75e-26 
1.1e-09 8.25e-26 
1.15e-09 8.75e-26 
1.2e-09 9.25e-26 
1.25e-09 9.75e-26 
1.3e-09 1.025e-25 
1.35e-09 1.075e-25 
1.4e-09 1.125e-25 
1.45e-09 1.175e-25 
1.5e-09 1.225e-25 
1.55e-09 1.275e-25 
1.6e-09 1.325e-25 
1.65e-09 1.375e-25 
1.7e-09 1.425e-25 
1.75e-09 1.475e-25 
1.8e-09 1.525e-25 
1.85e-09 1.575e-25 
1.9e-09 1.625e-25 
1.95e-09 1.95574e-18 
2e-09 7.68938e-18 
2.05e-09 1.41174e-17 
2.1e-09 1.8826e-17 
2.15e-09 2.26021e-17 
2.2e-09 2.58156e-17 
2.25e-09 2.86495e-17 
2.3e-09 3.12063e-17 
2.35e-09 3.355e-17 
2.4e-09 3.57244e-17 
2.45e-09 3.77609e-17 
2.5e-09 3.96836e-17 
2.55e-09 4.15112e-17 
2.6e-09 4.32586e-17 
2.65e-09 4.4938e-17 
2.7e-09 4.65591e-17 
2.75e-09 4.81299e-17 
2.8e-09 4.96569e-17 
2.85e-09 5.11451e-17 
2.9e-09 5.25988e-17 
2.95e-09 5.40216e-17 
3e-09 5.54161e-17 
3.05e-09 5.67847e-17 
3.1e-09 5.81295e-17 
3.15e-09 5.94519e-17 
3.2e-09 6.07535e-17 
3.25e-09 6.20353e-17 
3.3e-09 6.32986e-17 
3.35e-09 6.45441e-17 
3.4e-09 6.57728e-17 
3.45e-09 6.69854e-17 
3.5e-09 6.81827e-17 
3.55e-09 6.93653e-17 
3.6e-09 7.05338e-17 
3.65e-09 7.16888e-17 
3.7e-09 7.28309e-17 
3.75e-09 7.39607e-17 
3.8e-09 7.50786e-17 
3.85e-09 7.61852e-17 
3.9e-09 7.72808e-17 
3.95e-09 7.8366e-17 
4e-09 7.94411e-17 
4.05e-09 8.05065e-17 
4.1e-09 8.15624e-17 
4.15e-09 8.26093e-17 
4.2e-09 8.36473e-17 
4.25e-09 8.46767e-17 
4.3e-09 8.56977e-17 
4.35e-09 8.67103e-17 
4.4e-09 8.77148e-17 
4.45e-09 8.87112e-17 
4.5e-09 8.96996e-17 
4.55e-09 9.068e-17 
4.6e-09 9.16524e-17 
4.65e-09 9.26168e-17 
4.7e-09 9.35732e-17 
4.75e-09 9.45216e-17 
4.8e-09 9.54619e-17 
4.85e-09 9.63941e-17 
4.9e-09 9.73181e-17 
4.95e-09 9.82339e-17 
5e-09 9.91413e-17 
5.05e-09 1.0004e-16 
5.1e-09 1.00931e-16 
5.15e-09 1.01813e-16 
5.2e-09 1.02687e-16 
5.25e-09 1.03551e-16 
5.3e-09 1.04408e-16 
5.35e-09 1.05255e-16 
5.4e-09 1.06094e-16 
5.45e-09 1.06924e-16 
5.5e-09 1.07744e-16 
5.55e-09 1.08556e-16 
5.6e-09 1.0936e-16 
5.65e-09 1.10154e-16 
5.7e-09 1.10939e-16 
5.75e-09 1.11715e-16 
5.8e-09 1.12483e-16 
5.85e-09 1.13241e-16 
5.9e-09 1.1399e-16 
5.95e-09 1.14731e-16 
6e-09 1.15462e-16 
6.05e-09 1.16185e-16 
6.1e-09 1.16899e-16 
6.15e-09 1.17604e-16 
6.2e-09 1.183e-16 
6.25e-09 1.18987e-16 
6.3e-09 1.19665e-16 
6.35e-09 1.20335e-16 
6.4e-09 1.20996e-16 
6.45e-09 1.21649e-16 
6.5e-09 1.22293e-16 
6.55e-09 1.22928e-16 
6.6e-09 1.23555e-16 
6.65e-09 1.24174e-16 
6.7e-09 1.24784e-16 
6.75e-09 1.25386e-16 
6.8e-09 1.2598e-16 
6.85e-09 1.26565e-16 
6.9e-09 1.27143e-16 
6.95e-09 1.27712e-16 
7e-09 1.28274e-16 
7.05e-09 1.28827e-16 
7.1e-09 1.29373e-16 
7.15e-09 1.29911e-16 
7.2e-09 1.30441e-16 
7.25e-09 1.30964e-16 
7.3e-09 1.31478e-16 
7.35e-09 1.31986e-16 
7.4e-09 1.32486e-16 
7.45e-09 1.32979e-16 
7.5e-09 1.33464e-16 
7.55e-09 1.33942e-16 
7.6e-09 1.34413e-16 
7.65e-09 1.34877e-16 
7.7e-09 1.35333e-16 
7.75e-09 1.35783e-16 
7.8e-09 1.36226e-16 
7.85e-09 1.36662e-16 
7.9e-09 1.37092e-16 
7.95e-09 1.37514e-16 
8e-09 1.3793e-16 
8.05e-09 1.3834e-16 
8.1e-09 1.38743e-16 
8.15e-09 1.39139e-16 
8.2e-09 1.39529e-16 
8.25e-09 1.39913e-16 
8.3e-09 1.40291e-16 
8.35e-09 1.40663e-16 
8.4e-09 1.41028e-16 
8.45e-09 1.41387e-16 
8.5e-09 1.41741e-16 
8.55e-09 1.42088e-16 
8.6e-09 1.4243e-16 
8.65e-09 1.42766e-16 
8.7e-09 1.43096e-16 
8.75e-09 1.43421e-16 
8.8e-09 1.4374e-16 
8.85e-09 1.44053e-16 
8.9e-09 1.44361e-16 
8.95e-09 1.44663e-16 
9e-09 1.44961e-16 
9.05e-09 1.45252e-16 
9.1e-09 1.45539e-16 
9.15e-09 1.4582e-16 
9.2e-09 1.46097e-16 
9.25e-09 1.46368e-16 
9.3e-09 1.46634e-16 
9.35e-09 1.46895e-16 
9.4e-09 1.47152e-16 
9.45e-09 1.47403e-16 
9.5e-09 1.4765e-16 
9.55e-09 1.47892e-16 
9.6e-09 1.48129e-16 
9.65e-09 1.48362e-16 
9.7e-09 1.4859e-16 
9.75e-09 1.48813e-16 
9.8e-09 1.49032e-16 
9.85e-09 1.49246e-16 
9.9e-09 1.49457e-16 
9.95e-09 1.49662e-16 
1e-08 1.49764e-16 
