0 -0 
5e-11 3.8e-16 
1e-10 -3e-17 
1.5e-10 1e-17 
2e-10 -3e-17 
2.5e-10 -3e-17 
3e-10 4e-17 
3.5e-10 4e-17 
4e-10 4e-17 
4.5e-10 4e-17 
5e-10 -1e-17 
5.5e-10 5e-17 
6e-10 1e-17 
6.5e-10 1e-17 
7e-10 1e-17 
7.5e-10 1e-17 
8e-10 1e-17 
8.5e-10 1e-17 
9e-10 1e-17 
9.5e-10 1e-17 
1e-09 -1e-17 
1.05e-09 -5e-17 
1.1e-09 1e-17 
1.15e-09 1e-17 
1.2e-09 1e-17 
1.25e-09 1e-17 
1.3e-09 1e-17 
1.35e-09 1e-17 
1.4e-09 1e-17 
1.45e-09 1e-17 
1.5e-09 4e-17 
1.55e-09 -0 
1.6e-09 1e-17 
1.65e-09 1e-17 
1.7e-09 1e-17 
1.75e-09 1e-17 
1.8e-09 1e-17 
1.85e-09 1e-17 
1.9e-09 1e-17 
1.95e-09 1e-17 
2e-09 1.19072e-07 
2.05e-09 1.92961e-07 
2.1e-09 1.25828e-07 
2.15e-09 9.12877e-08 
2.2e-09 6.97479e-08 
2.25e-09 5.48097e-08 
2.3e-09 4.38716e-08 
2.35e-09 3.5514e-08 
2.4e-09 2.89038e-08 
2.45e-09 2.35624e-08 
2.5e-09 1.92166e-08 
2.55e-09 1.56658e-08 
2.6e-09 1.27588e-08 
2.65e-09 1.03775e-08 
2.7e-09 8.42761e-09 
2.75e-09 6.83284e-09 
2.8e-09 5.53055e-09 
2.85e-09 4.46859e-09 
2.9e-09 3.60333e-09 
2.95e-09 2.89854e-09 
3e-09 2.32455e-09 
3.05e-09 1.85737e-09 
3.1e-09 1.47787e-09 
3.15e-09 1.17094e-09 
3.2e-09 9.2481e-10 
3.25e-09 7.30356e-10 
3.3e-09 5.80627e-10 
3.35e-09 4.70404e-10 
3.4e-09 3.95851e-10 
3.45e-09 3.54217e-10 
3.5e-09 3.43551e-10 
3.55e-09 3.62439e-10 
3.6e-09 4.09755e-10 
3.65e-09 4.84449e-10 
3.7e-09 5.85361e-10 
3.75e-09 7.1108e-10 
3.8e-09 8.59852e-10 
3.85e-09 1.02954e-09 
3.9e-09 1.21763e-09 
3.95e-09 1.42128e-09 
4e-09 1.63739e-09 
4.05e-09 1.86274e-09 
4.1e-09 2.09406e-09 
4.15e-09 2.32814e-09 
4.2e-09 2.56198e-09 
4.25e-09 2.79279e-09 
4.3e-09 3.01812e-09 
4.35e-09 3.23586e-09 
4.4e-09 3.44424e-09 
4.45e-09 3.64186e-09 
4.5e-09 3.82767e-09 
4.55e-09 4.00091e-09 
4.6e-09 4.16113e-09 
4.65e-09 4.30809e-09 
4.7e-09 4.44179e-09 
4.75e-09 4.56238e-09 
4.8e-09 4.67017e-09 
4.85e-09 4.76557e-09 
4.9e-09 4.84906e-09 
4.95e-09 4.92119e-09 
5e-09 4.98254e-09 
5.05e-09 5.03374e-09 
5.1e-09 5.07539e-09 
5.15e-09 5.10812e-09 
5.2e-09 5.13254e-09 
5.25e-09 5.14924e-09 
5.3e-09 5.15879e-09 
5.35e-09 5.16174e-09 
5.4e-09 5.15862e-09 
5.45e-09 5.14992e-09 
5.5e-09 5.13612e-09 
5.55e-09 5.11764e-09 
5.6e-09 5.09492e-09 
5.65e-09 5.06832e-09 
5.7e-09 5.03822e-09 
5.75e-09 5.00495e-09 
5.8e-09 4.96882e-09 
5.85e-09 4.93011e-09 
5.9e-09 4.8891e-09 
5.95e-09 4.84604e-09 
6e-09 4.80114e-09 
6.05e-09 4.75463e-09 
6.1e-09 4.70669e-09 
6.15e-09 4.65751e-09 
6.2e-09 4.60725e-09 
6.25e-09 4.55606e-09 
6.3e-09 4.50408e-09 
6.35e-09 4.45143e-09 
6.4e-09 4.39825e-09 
6.45e-09 4.34462e-09 
6.5e-09 4.29066e-09 
6.55e-09 4.23645e-09 
6.6e-09 4.18207e-09 
6.65e-09 4.12759e-09 
6.7e-09 4.0731e-09 
6.75e-09 4.01864e-09 
6.8e-09 3.96428e-09 
6.85e-09 3.91006e-09 
6.9e-09 3.85604e-09 
6.95e-09 3.80225e-09 
7e-09 3.74874e-09 
7.05e-09 3.69554e-09 
7.1e-09 3.64268e-09 
7.15e-09 3.59019e-09 
7.2e-09 3.53809e-09 
7.25e-09 3.48641e-09 
7.3e-09 3.43517e-09 
7.35e-09 3.38438e-09 
7.4e-09 3.33406e-09 
7.45e-09 3.28422e-09 
7.5e-09 3.23488e-09 
7.55e-09 3.18605e-09 
7.6e-09 3.13773e-09 
7.65e-09 3.08993e-09 
7.7e-09 3.04267e-09 
7.75e-09 2.99593e-09 
7.8e-09 2.94974e-09 
7.85e-09 2.90409e-09 
7.9e-09 2.85898e-09 
7.95e-09 2.81442e-09 
8e-09 2.7704e-09 
8.05e-09 2.72693e-09 
8.1e-09 2.684e-09 
8.15e-09 2.64162e-09 
8.2e-09 2.59978e-09 
8.25e-09 2.55848e-09 
8.3e-09 2.51772e-09 
8.35e-09 2.4775e-09 
8.4e-09 2.43781e-09 
8.45e-09 2.39864e-09 
8.5e-09 2.36e-09 
8.55e-09 2.32188e-09 
8.6e-09 2.28428e-09 
8.65e-09 2.24719e-09 
8.7e-09 2.21061e-09 
8.75e-09 2.17452e-09 
8.8e-09 2.13894e-09 
8.85e-09 2.10385e-09 
8.9e-09 2.06924e-09 
8.95e-09 2.03511e-09 
9e-09 2.00147e-09 
9.05e-09 1.96829e-09 
9.1e-09 1.93558e-09 
9.15e-09 1.90333e-09 
9.2e-09 1.87153e-09 
9.25e-09 1.84018e-09 
9.3e-09 1.80927e-09 
9.35e-09 1.7788e-09 
9.4e-09 1.74877e-09 
9.45e-09 1.71916e-09 
9.5e-09 1.68997e-09 
9.55e-09 1.6612e-09 
9.6e-09 1.63283e-09 
9.65e-09 1.60487e-09 
9.7e-09 1.57731e-09 
9.75e-09 1.55015e-09 
9.8e-09 1.52337e-09 
9.85e-09 1.49697e-09 
9.9e-09 1.47095e-09 
9.95e-09 1.44531e-09 
1e-08 1.42003e-09 
