"x"	"y"
0	1.28719e-11
5e-11	1.28982e-11
1e-10	1.28953e-11
1.5e-10	1.28897e-11
2e-10	1.28868e-11
2.5e-10	1.28854e-11
3e-10	1.28843e-11
3.5e-10	1.28835e-11
4e-10	1.28828e-11
4.5e-10	1.28822e-11
5e-10	1.28816e-11
5.5e-10	1.28812e-11
6e-10	1.28807e-11
6.5e-10	1.28803e-11
7e-10	1.288e-11
7.5e-10	1.28797e-11
8e-10	1.28794e-11
8.5e-10	1.28791e-11
9e-10	1.28789e-11
9.5e-10	1.28786e-11
1e-09	1.28784e-11
1.05e-09	1.28782e-11
1.1e-09	1.2878e-11
1.15e-09	1.28779e-11
1.2e-09	1.28777e-11
1.25e-09	1.28775e-11
1.3e-09	1.28774e-11
1.35e-09	1.28773e-11
1.4e-09	1.28771e-11
1.45e-09	1.2877e-11
1.5e-09	1.28769e-11
1.55e-09	1.28768e-11
1.6e-09	1.28767e-11
1.65e-09	1.28766e-11
1.7e-09	1.28765e-11
1.75e-09	1.28764e-11
1.8e-09	1.28764e-11
1.85e-09	1.28763e-11
1.9e-09	1.28762e-11
1.95e-09	1.28761e-11
2e-09	3.67016e-07
2.05e-09	9.53056e-07
2.1e-09	9.05327e-07
2.15e-09	8.57778e-07
2.2e-09	8.10015e-07
2.25e-09	7.63176e-07
2.3e-09	7.17654e-07
2.35e-09	6.72982e-07
2.4e-09	6.29107e-07
2.45e-09	5.86029e-07
2.5e-09	5.43728e-07
2.55e-09	5.0226e-07
2.6e-09	4.61688e-07
2.65e-09	4.21896e-07
2.7e-09	3.82423e-07
2.75e-09	3.42725e-07
2.8e-09	3.02815e-07
2.85e-09	2.63654e-07
2.9e-09	2.26794e-07
2.95e-09	1.94571e-07
3e-09	1.69046e-07
3.05e-09	1.5111e-07
3.1e-09	1.3934e-07
3.15e-09	1.30978e-07
3.2e-09	1.2346e-07
3.25e-09	1.16002e-07
3.3e-09	1.08598e-07
3.35e-09	1.01322e-07
3.4e-09	9.41543e-08
3.45e-09	8.70817e-08
3.5e-09	8.01115e-08
3.55e-09	7.32514e-08
3.6e-09	6.65112e-08
3.65e-09	5.99068e-08
3.7e-09	5.34616e-08
3.75e-09	4.72055e-08
3.8e-09	4.11745e-08
3.85e-09	3.5409e-08
3.9e-09	2.99554e-08
3.95e-09	2.48653e-08
4e-09	2.01952e-08
4.05e-09	1.60012e-08
4.1e-09	1.23318e-08
4.15e-09	9.21965e-09
4.2e-09	6.67344e-09
4.25e-09	4.6739e-09
4.3e-09	3.17358e-09
4.35e-09	2.10173e-09
4.4e-09	1.3734e-09
4.45e-09	9.01037e-10
4.5e-09	6.05495e-10
4.55e-09	4.23456e-10
4.6e-09	3.09835e-10
4.65e-09	2.35829e-10
4.7e-09	1.84697e-10
4.75e-09	1.47356e-10
4.8e-09	1.18995e-10
4.85e-09	9.69645e-11
4.9e-09	7.96551e-11
4.95e-09	6.59792e-11
5e-09	5.5141e-11
5.05e-09	4.65348e-11
5.1e-09	3.96914e-11
5.15e-09	3.42443e-11
5.2e-09	2.99055e-11
5.25e-09	2.64482e-11
5.3e-09	2.36926e-11
5.35e-09	2.14963e-11
5.4e-09	1.97457e-11
5.45e-09	1.83504e-11
5.5e-09	1.72385e-11
5.55e-09	1.63525e-11
5.6e-09	1.56467e-11
5.65e-09	1.50845e-11
5.7e-09	1.46368e-11
5.75e-09	1.42806e-11
5.8e-09	1.39973e-11
5.85e-09	1.37722e-11
5.9e-09	1.35936e-11
5.95e-09	1.34521e-11
6e-09	1.33402e-11
6.05e-09	1.3252e-11
6.1e-09	1.31827e-11
6.15e-09	1.31285e-11
6.2e-09	1.30862e-11
6.25e-09	1.30535e-11
6.3e-09	1.30285e-11
6.35e-09	1.30095e-11
6.4e-09	1.29953e-11
6.45e-09	1.29849e-11
6.5e-09	1.29776e-11
6.55e-09	1.29726e-11
6.6e-09	1.29696e-11
6.65e-09	1.2968e-11
6.7e-09	1.29675e-11
6.75e-09	1.29679e-11
6.8e-09	1.29691e-11
6.85e-09	1.29707e-11
6.9e-09	1.29728e-11
6.95e-09	1.29751e-11
7e-09	1.29777e-11
7.05e-09	1.29804e-11
7.1e-09	1.29832e-11
7.15e-09	1.29861e-11
7.2e-09	1.2989e-11
7.25e-09	1.29919e-11
7.3e-09	1.29948e-11
7.35e-09	1.29977e-11
7.4e-09	1.30006e-11
7.45e-09	1.30034e-11
7.5e-09	1.30062e-11
7.55e-09	1.30089e-11
7.6e-09	1.30116e-11
7.65e-09	1.30143e-11
7.7e-09	1.30168e-11
7.75e-09	1.30194e-11
7.8e-09	1.30219e-11
7.85e-09	1.30243e-11
7.9e-09	1.30267e-11
7.95e-09	1.3029e-11
8e-09	1.30313e-11
8.05e-09	1.30336e-11
8.1e-09	1.30358e-11
8.15e-09	1.30379e-11
8.2e-09	1.304e-11
8.25e-09	1.30421e-11
8.3e-09	1.30441e-11
8.35e-09	1.30461e-11
8.4e-09	1.30481e-11
8.45e-09	1.305e-11
8.5e-09	1.30518e-11
8.55e-09	1.30537e-11
8.6e-09	1.30555e-11
8.65e-09	1.30573e-11
8.7e-09	1.3059e-11
8.75e-09	1.30607e-11
8.8e-09	1.30624e-11
8.85e-09	1.3064e-11
8.9e-09	1.30656e-11
8.95e-09	1.30672e-11
9e-09	1.30687e-11
9.05e-09	1.30703e-11
9.1e-09	1.30718e-11
9.15e-09	1.30733e-11
9.2e-09	1.30747e-11
9.25e-09	1.30762e-11
9.3e-09	1.30776e-11
9.35e-09	1.30789e-11
9.4e-09	1.30803e-11
9.45e-09	1.30816e-11
9.5e-09	1.3083e-11
9.55e-09	1.30842e-11
9.6e-09	1.30855e-11
9.65e-09	1.30868e-11
9.7e-09	1.3088e-11
9.75e-09	1.30892e-11
9.8e-09	1.30904e-11
9.85e-09	1.30916e-11
9.9e-09	1.30927e-11
9.95e-09	1.30939e-11
1e-08	1.3095e-11

