0 0 
5e-11 7.2e-18 
1e-10 7.7e-18 
1.5e-10 2e-18 
2e-10 5.5e-18 
2.5e-10 4.6e-18 
3e-10 1.4e-18 
3.5e-10 1.2e-18 
4e-10 1.1e-18 
4.5e-10 4e-19 
5e-10 2.2e-18 
5.5e-10 4.1e-18 
6e-10 1.2e-18 
6.5e-10 2.8e-18 
7e-10 1.3e-18 
7.5e-10 1.5e-18 
8e-10 5e-19 
8.5e-10 1.7e-18 
9e-10 1.9e-18 
9.5e-10 5e-19 
1e-09 2.7e-18 
1.05e-09 9.3e-18 
1.1e-09 7e-19 
1.15e-09 2.4e-18 
1.2e-09 7e-19 
1.25e-09 5e-19 
1.3e-09 1.4e-18 
1.35e-09 1.1e-18 
1.4e-09 1.2e-18 
1.45e-09 1.9e-18 
1.5e-09 5e-18 
1.55e-09 4.4e-18 
1.6e-09 1.3e-18 
1.65e-09 1.1e-18 
1.7e-09 1.8e-18 
1.75e-09 1.6e-18 
1.8e-09 2.5e-18 
1.85e-09 2.7e-18 
1.9e-09 1.4e-18 
1.95e-09 1.6e-18 
2e-09 8.18782e-08 
2.05e-09 1.72155e-07 
2.1e-09 1.29508e-07 
2.15e-09 1.02002e-07 
2.2e-09 8.34829e-08 
2.25e-09 7.00167e-08 
2.3e-09 5.95219e-08 
2.35e-09 5.09696e-08 
2.4e-09 4.38642e-08 
2.45e-09 3.78923e-08 
2.5e-09 3.28471e-08 
2.55e-09 2.85778e-08 
2.6e-09 2.49652e-08 
2.65e-09 2.19111e-08 
2.7e-09 1.93314e-08 
2.75e-09 1.7153e-08 
2.8e-09 1.5312e-08 
2.85e-09 1.37532e-08 
2.9e-09 1.24289e-08 
2.95e-09 1.12994e-08 
3e-09 1.03316e-08 
3.05e-09 9.49813e-09 
3.1e-09 8.77686e-09 
3.15e-09 8.14962e-09 
3.2e-09 7.60156e-09 
3.25e-09 7.12056e-09 
3.3e-09 6.69659e-09 
3.35e-09 6.32141e-09 
3.4e-09 5.98812e-09 
3.45e-09 5.69098e-09 
3.5e-09 5.42514e-09 
3.55e-09 5.18651e-09 
3.6e-09 4.97163e-09 
3.65e-09 4.77751e-09 
3.7e-09 4.60163e-09 
3.75e-09 4.44179e-09 
3.8e-09 4.29611e-09 
3.85e-09 4.16295e-09 
3.9e-09 4.0409e-09 
3.95e-09 3.92873e-09 
4e-09 3.82536e-09 
4.05e-09 3.72984e-09 
4.1e-09 3.64136e-09 
4.15e-09 3.5592e-09 
4.2e-09 3.4827e-09 
4.25e-09 3.41133e-09 
4.3e-09 3.34457e-09 
4.35e-09 3.28198e-09 
4.4e-09 3.22319e-09 
4.45e-09 3.16785e-09 
4.5e-09 3.11564e-09 
4.55e-09 3.0663e-09 
4.6e-09 3.01957e-09 
4.65e-09 2.97525e-09 
4.7e-09 2.93313e-09 
4.75e-09 2.89303e-09 
4.8e-09 2.85481e-09 
4.85e-09 2.81831e-09 
4.9e-09 2.78341e-09 
4.95e-09 2.74998e-09 
5e-09 2.71793e-09 
5.05e-09 2.68715e-09 
5.1e-09 2.65757e-09 
5.15e-09 2.6291e-09 
5.2e-09 2.60166e-09 
5.25e-09 2.57519e-09 
5.3e-09 2.54963e-09 
5.35e-09 2.52493e-09 
5.4e-09 2.50103e-09 
5.45e-09 2.47788e-09 
5.5e-09 2.45545e-09 
5.55e-09 2.43369e-09 
5.6e-09 2.41256e-09 
5.65e-09 2.39204e-09 
5.7e-09 2.37208e-09 
5.75e-09 2.35266e-09 
5.8e-09 2.33376e-09 
5.85e-09 2.31534e-09 
5.9e-09 2.29739e-09 
5.95e-09 2.27987e-09 
6e-09 2.26278e-09 
6.05e-09 2.24608e-09 
6.1e-09 2.22977e-09 
6.15e-09 2.21383e-09 
6.2e-09 2.19823e-09 
6.25e-09 2.18297e-09 
6.3e-09 2.16804e-09 
6.35e-09 2.1534e-09 
6.4e-09 2.13907e-09 
6.45e-09 2.12502e-09 
6.5e-09 2.11124e-09 
6.55e-09 2.09772e-09 
6.6e-09 2.08446e-09 
6.65e-09 2.07144e-09 
6.7e-09 2.05865e-09 
6.75e-09 2.0461e-09 
6.8e-09 2.03375e-09 
6.85e-09 2.02162e-09 
6.9e-09 2.0097e-09 
6.95e-09 1.99797e-09 
7e-09 1.98643e-09 
7.05e-09 1.97507e-09 
7.1e-09 1.96389e-09 
7.15e-09 1.95289e-09 
7.2e-09 1.94205e-09 
7.25e-09 1.93137e-09 
7.3e-09 1.92086e-09 
7.35e-09 1.91049e-09 
7.4e-09 1.90028e-09 
7.45e-09 1.8902e-09 
7.5e-09 1.88027e-09 
7.55e-09 1.87048e-09 
7.6e-09 1.86081e-09 
7.65e-09 1.85128e-09 
7.7e-09 1.84187e-09 
7.75e-09 1.83259e-09 
7.8e-09 1.82342e-09 
7.85e-09 1.81437e-09 
7.9e-09 1.80543e-09 
7.95e-09 1.7966e-09 
8e-09 1.78789e-09 
8.05e-09 1.77927e-09 
8.1e-09 1.77076e-09 
8.15e-09 1.76235e-09 
8.2e-09 1.75404e-09 
8.25e-09 1.74582e-09 
8.3e-09 1.7377e-09 
8.35e-09 1.72966e-09 
8.4e-09 1.72172e-09 
8.45e-09 1.71387e-09 
8.5e-09 1.7061e-09 
8.55e-09 1.69841e-09 
8.6e-09 1.69081e-09 
8.65e-09 1.68328e-09 
8.7e-09 1.67584e-09 
8.75e-09 1.66847e-09 
8.8e-09 1.66118e-09 
8.85e-09 1.65396e-09 
8.9e-09 1.64682e-09 
8.95e-09 1.63974e-09 
9e-09 1.63274e-09 
9.05e-09 1.62581e-09 
9.1e-09 1.61894e-09 
9.15e-09 1.61214e-09 
9.2e-09 1.6054e-09 
9.25e-09 1.59873e-09 
9.3e-09 1.59212e-09 
9.35e-09 1.58557e-09 
9.4e-09 1.57908e-09 
9.45e-09 1.57265e-09 
9.5e-09 1.56628e-09 
9.55e-09 1.55997e-09 
9.6e-09 1.55371e-09 
9.65e-09 1.54751e-09 
9.7e-09 1.54136e-09 
9.75e-09 1.53527e-09 
9.8e-09 1.52923e-09 
9.85e-09 1.52324e-09 
9.9e-09 1.5173e-09 
9.95e-09 1.51142e-09 
1e-08 1.50558e-09 
