0 0 
5e-11 1.11e-17 
1e-10 7.1e-18 
1.5e-10 3.8e-18 
2e-10 7.5e-18 
2.5e-10 6.5e-18 
3e-10 9e-19 
3.5e-10 3e-19 
4e-10 1e-19 
4.5e-10 2e-18 
5e-10 6e-18 
5.5e-10 2.1e-18 
6e-10 2e-18 
6.5e-10 1.6e-18 
7e-10 8e-19 
7.5e-10 2e-18 
8e-10 3.1e-18 
8.5e-10 8e-19 
9e-10 1.1e-18 
9.5e-10 1e-18 
1e-09 4.1e-18 
1.05e-09 6.1e-18 
1.1e-09 1.3e-18 
1.15e-09 3.2e-18 
1.2e-09 2.2e-18 
1.25e-09 2e-19 
1.3e-09 1.1e-18 
1.35e-09 1.4e-18 
1.4e-09 1e-19 
1.45e-09 2e-19 
1.5e-09 3.3e-18 
1.55e-09 4.2e-18 
1.6e-09 1.9e-18 
1.65e-09 4e-19 
1.7e-09 1.1e-18 
1.75e-09 3e-19 
1.8e-09 1.7e-18 
1.85e-09 3e-19 
1.9e-09 2.7e-18 
1.95e-09 2.1e-18 
2e-09 7.02103e-08 
2.05e-09 1.51195e-07 
2.1e-09 1.15259e-07 
2.15e-09 9.16595e-08 
2.2e-09 7.55835e-08 
2.25e-09 6.37991e-08 
2.3e-09 5.45726e-08 
2.35e-09 4.71046e-08 
2.4e-09 4.09317e-08 
2.45e-09 3.5776e-08 
2.5e-09 3.14486e-08 
2.55e-09 2.78091e-08 
2.6e-09 2.4746e-08 
2.65e-09 2.21672e-08 
2.7e-09 1.99946e-08 
2.75e-09 1.81612e-08 
2.8e-09 1.66097e-08 
2.85e-09 1.52917e-08 
2.9e-09 1.41668e-08 
2.95e-09 1.32015e-08 
3e-09 1.23685e-08 
3.05e-09 1.16453e-08 
3.1e-09 1.10137e-08 
3.15e-09 1.04589e-08 
3.2e-09 9.96861e-09 
3.25e-09 9.53304e-09 
3.3e-09 9.14394e-09 
3.35e-09 8.79453e-09 
3.4e-09 8.47919e-09 
3.45e-09 8.19322e-09 
3.5e-09 7.93267e-09 
3.55e-09 7.69423e-09 
3.6e-09 7.47508e-09 
3.65e-09 7.27283e-09 
3.7e-09 7.08544e-09 
3.75e-09 6.91118e-09 
3.8e-09 6.74853e-09 
3.85e-09 6.59622e-09 
3.9e-09 6.45312e-09 
3.95e-09 6.31827e-09 
4e-09 6.19083e-09 
4.05e-09 6.07006e-09 
4.1e-09 5.95532e-09 
4.15e-09 5.84604e-09 
4.2e-09 5.74175e-09 
4.25e-09 5.64199e-09 
4.3e-09 5.54639e-09 
4.35e-09 5.45461e-09 
4.4e-09 5.36633e-09 
4.45e-09 5.2813e-09 
4.5e-09 5.19928e-09 
4.55e-09 5.12004e-09 
4.6e-09 5.04341e-09 
4.65e-09 4.96919e-09 
4.7e-09 4.89724e-09 
4.75e-09 4.82742e-09 
4.8e-09 4.7596e-09 
4.85e-09 4.69365e-09 
4.9e-09 4.62949e-09 
4.95e-09 4.56701e-09 
5e-09 4.50612e-09 
5.05e-09 4.44674e-09 
5.1e-09 4.3888e-09 
5.15e-09 4.33223e-09 
5.2e-09 4.27697e-09 
5.25e-09 4.22296e-09 
5.3e-09 4.17014e-09 
5.35e-09 4.11847e-09 
5.4e-09 4.0679e-09 
5.45e-09 4.01839e-09 
5.5e-09 3.96989e-09 
5.55e-09 3.92237e-09 
5.6e-09 3.87579e-09 
5.65e-09 3.83012e-09 
5.7e-09 3.78533e-09 
5.75e-09 3.74139e-09 
5.8e-09 3.69827e-09 
5.85e-09 3.65595e-09 
5.9e-09 3.6144e-09 
5.95e-09 3.5736e-09 
6e-09 3.53352e-09 
6.05e-09 3.49415e-09 
6.1e-09 3.45546e-09 
6.15e-09 3.41744e-09 
6.2e-09 3.38006e-09 
6.25e-09 3.34332e-09 
6.3e-09 3.30719e-09 
6.35e-09 3.27165e-09 
6.4e-09 3.2367e-09 
6.45e-09 3.20232e-09 
6.5e-09 3.1685e-09 
6.55e-09 3.13521e-09 
6.6e-09 3.10245e-09 
6.65e-09 3.07022e-09 
6.7e-09 3.03848e-09 
6.75e-09 3.00724e-09 
6.8e-09 2.97648e-09 
6.85e-09 2.94619e-09 
6.9e-09 2.91636e-09 
6.95e-09 2.88699e-09 
7e-09 2.85806e-09 
7.05e-09 2.82956e-09 
7.1e-09 2.80148e-09 
7.15e-09 2.77382e-09 
7.2e-09 2.74657e-09 
7.25e-09 2.71972e-09 
7.3e-09 2.69326e-09 
7.35e-09 2.66718e-09 
7.4e-09 2.64147e-09 
7.45e-09 2.61614e-09 
7.5e-09 2.59117e-09 
7.55e-09 2.56655e-09 
7.6e-09 2.54228e-09 
7.65e-09 2.51836e-09 
7.7e-09 2.49477e-09 
7.75e-09 2.47151e-09 
7.8e-09 2.44857e-09 
7.85e-09 2.42595e-09 
7.9e-09 2.40364e-09 
7.95e-09 2.38165e-09 
8e-09 2.35995e-09 
8.05e-09 2.33855e-09 
8.1e-09 2.31744e-09 
8.15e-09 2.29661e-09 
8.2e-09 2.27607e-09 
8.25e-09 2.2558e-09 
8.3e-09 2.23581e-09 
8.35e-09 2.21608e-09 
8.4e-09 2.19662e-09 
8.45e-09 2.17742e-09 
8.5e-09 2.15847e-09 
8.55e-09 2.13977e-09 
8.6e-09 2.12131e-09 
8.65e-09 2.1031e-09 
8.7e-09 2.08513e-09 
8.75e-09 2.06739e-09 
8.8e-09 2.04988e-09 
8.85e-09 2.0326e-09 
8.9e-09 2.01554e-09 
8.95e-09 1.9987e-09 
9e-09 1.98208e-09 
9.05e-09 1.96567e-09 
9.1e-09 1.94947e-09 
9.15e-09 1.93348e-09 
9.2e-09 1.91769e-09 
9.25e-09 1.9021e-09 
9.3e-09 1.88671e-09 
9.35e-09 1.87151e-09 
9.4e-09 1.85651e-09 
9.45e-09 1.84169e-09 
9.5e-09 1.82705e-09 
9.55e-09 1.8126e-09 
9.6e-09 1.79833e-09 
9.65e-09 1.78424e-09 
9.7e-09 1.77032e-09 
9.75e-09 1.75658e-09 
9.8e-09 1.743e-09 
9.85e-09 1.72959e-09 
9.9e-09 1.71634e-09 
9.95e-09 1.70326e-09 
1e-08 1.69033e-09 
