0 0 
2e-10 1.3e-18 
4e-10 1.8e-18 
6e-10 4e-19 
8e-10 1.9e-18 
1e-09 2.7e-18 
1.2e-09 2e-19 
1.4e-09 0 
1.6e-09 1.2e-18 
1.8e-09 1e-19 
2e-09 4.811e-08 
2.2e-09 8.96517e-08 
2.4e-09 6.19692e-08 
2.6e-09 3.27534e-08 
2.8e-09 1.91191e-08 
3e-09 1.21343e-08 
3.2e-09 8.51559e-09 
3.4e-09 6.5005e-09 
3.6e-09 5.28682e-09 
3.8e-09 4.49333e-09 
4e-09 3.95334e-09 
4.2e-09 3.56811e-09 
4.4e-09 3.28144e-09 
4.6e-09 3.0604e-09 
4.8e-09 2.88322e-09 
5e-09 2.73762e-09 
5.2e-09 2.61505e-09 
5.4e-09 2.50975e-09 
5.6e-09 2.41783e-09 
5.8e-09 2.33628e-09 
6e-09 2.26316e-09 
6.2e-09 2.19692e-09 
6.4e-09 2.13641e-09 
6.6e-09 2.08072e-09 
6.8e-09 2.02913e-09 
7e-09 1.98107e-09 
7.2e-09 1.9361e-09 
7.4e-09 1.89384e-09 
7.6e-09 1.85398e-09 
7.8e-09 1.81626e-09 
8e-09 1.78046e-09 
8.2e-09 1.74639e-09 
8.4e-09 1.7139e-09 
8.6e-09 1.68284e-09 
8.8e-09 1.65311e-09 
9e-09 1.62458e-09 
9.2e-09 1.59718e-09 
9.4e-09 1.57081e-09 
9.6e-09 1.54541e-09 
9.8e-09 1.52092e-09 
1e-08 1.49726e-09 
