0 0 
5e-11 7.7e-18 
1e-10 2.1e-18 
1.5e-10 2.8e-18 
2e-10 2.9e-18 
2.5e-10 1.9e-18 
3e-10 1.4e-18 
3.5e-10 4e-19 
4e-10 1.7e-18 
4.5e-10 9e-19 
5e-10 2.1e-18 
5.5e-10 7.5e-18 
6e-10 8e-19 
6.5e-10 4e-19 
7e-10 1e-18 
7.5e-10 1e-19 
8e-10 1.6e-18 
8.5e-10 1.3e-18 
9e-10 0 
9.5e-10 5e-19 
1e-09 2.9e-18 
1.05e-09 4.4e-18 
1.1e-09 1.7e-18 
1.15e-09 9e-19 
1.2e-09 1e-19 
1.25e-09 3e-19 
1.3e-09 3e-19 
1.35e-09 2.6e-18 
1.4e-09 1.7e-18 
1.45e-09 0 
1.5e-09 2.9e-18 
1.55e-09 4.2e-18 
1.6e-09 1.4e-18 
1.65e-09 2.5e-18 
1.7e-09 1.6e-18 
1.75e-09 2e-19 
1.8e-09 9e-19 
1.85e-09 6e-19 
1.9e-09 6e-19 
1.95e-09 2.6e-18 
2e-09 4.45704e-08 
2.05e-09 1.03249e-07 
2.1e-09 8.22869e-08 
2.15e-09 6.75433e-08 
2.2e-09 5.69704e-08 
2.25e-09 4.88911e-08 
2.3e-09 4.24828e-08 
2.35e-09 3.72658e-08 
2.4e-09 3.29558e-08 
2.45e-09 2.93646e-08 
2.5e-09 2.63553e-08 
2.55e-09 2.38227e-08 
2.6e-09 2.16824e-08 
2.65e-09 1.98655e-08 
2.7e-09 1.8315e-08 
2.75e-09 1.69841e-08 
2.8e-09 1.58344e-08 
2.85e-09 1.48347e-08 
2.9e-09 1.39592e-08 
2.95e-09 1.31872e-08 
3e-09 1.25018e-08 
3.05e-09 1.18893e-08 
3.1e-09 1.13382e-08 
3.15e-09 1.08394e-08 
3.2e-09 1.03854e-08 
3.25e-09 9.96971e-09 
3.3e-09 9.58731e-09 
3.35e-09 9.23383e-09 
3.4e-09 8.90565e-09 
3.45e-09 8.59975e-09 
3.5e-09 8.31358e-09 
3.55e-09 8.04496e-09 
3.6e-09 7.79206e-09 
3.65e-09 7.5533e-09 
3.7e-09 7.32733e-09 
3.75e-09 7.113e-09 
3.8e-09 6.90928e-09 
3.85e-09 6.7153e-09 
3.9e-09 6.53028e-09 
3.95e-09 6.35356e-09 
4e-09 6.18453e-09 
4.05e-09 6.02266e-09 
4.1e-09 5.86748e-09 
4.15e-09 5.71856e-09 
4.2e-09 5.57553e-09 
4.25e-09 5.43804e-09 
4.3e-09 5.30577e-09 
4.35e-09 5.17845e-09 
4.4e-09 5.0558e-09 
4.45e-09 4.9376e-09 
4.5e-09 4.82361e-09 
4.55e-09 4.71365e-09 
4.6e-09 4.60751e-09 
4.65e-09 4.50503e-09 
4.7e-09 4.40603e-09 
4.75e-09 4.31037e-09 
4.8e-09 4.21791e-09 
4.85e-09 4.1285e-09 
4.9e-09 4.04202e-09 
4.95e-09 3.95835e-09 
5e-09 3.87738e-09 
5.05e-09 3.79901e-09 
5.1e-09 3.72312e-09 
5.15e-09 3.64963e-09 
5.2e-09 3.57844e-09 
5.25e-09 3.50946e-09 
5.3e-09 3.44262e-09 
5.35e-09 3.37783e-09 
5.4e-09 3.31502e-09 
5.45e-09 3.25411e-09 
5.5e-09 3.19504e-09 
5.55e-09 3.13774e-09 
5.6e-09 3.08215e-09 
5.65e-09 3.02821e-09 
5.7e-09 2.97585e-09 
5.75e-09 2.92503e-09 
5.8e-09 2.87569e-09 
5.85e-09 2.82778e-09 
5.9e-09 2.78125e-09 
5.95e-09 2.73606e-09 
6e-09 2.69215e-09 
6.05e-09 2.64948e-09 
6.1e-09 2.60801e-09 
6.15e-09 2.56771e-09 
6.2e-09 2.52853e-09 
6.25e-09 2.49043e-09 
6.3e-09 2.45339e-09 
6.35e-09 2.41736e-09 
6.4e-09 2.3823e-09 
6.45e-09 2.3482e-09 
6.5e-09 2.31501e-09 
6.55e-09 2.28272e-09 
6.6e-09 2.25128e-09 
6.65e-09 2.22067e-09 
6.7e-09 2.19086e-09 
6.75e-09 2.16184e-09 
6.8e-09 2.13356e-09 
6.85e-09 2.10602e-09 
6.9e-09 2.07918e-09 
6.95e-09 2.05303e-09 
7e-09 2.02754e-09 
7.05e-09 2.00269e-09 
7.1e-09 1.97845e-09 
7.15e-09 1.95483e-09 
7.2e-09 1.93178e-09 
7.25e-09 1.9093e-09 
7.3e-09 1.88736e-09 
7.35e-09 1.86596e-09 
7.4e-09 1.84506e-09 
7.45e-09 1.82467e-09 
7.5e-09 1.80476e-09 
7.55e-09 1.78532e-09 
7.6e-09 1.76633e-09 
7.65e-09 1.74778e-09 
7.7e-09 1.72965e-09 
7.75e-09 1.71194e-09 
7.8e-09 1.69464e-09 
7.85e-09 1.67772e-09 
7.9e-09 1.66118e-09 
7.95e-09 1.645e-09 
8e-09 1.62918e-09 
8.05e-09 1.61371e-09 
8.1e-09 1.59857e-09 
8.15e-09 1.58375e-09 
8.2e-09 1.56926e-09 
8.25e-09 1.55506e-09 
8.3e-09 1.54117e-09 
8.35e-09 1.52756e-09 
8.4e-09 1.51424e-09 
8.45e-09 1.50119e-09 
8.5e-09 1.4884e-09 
8.55e-09 1.47587e-09 
8.6e-09 1.46359e-09 
8.65e-09 1.45155e-09 
8.7e-09 1.43975e-09 
8.75e-09 1.42818e-09 
8.8e-09 1.41684e-09 
8.85e-09 1.40571e-09 
8.9e-09 1.39479e-09 
8.95e-09 1.38407e-09 
9e-09 1.37356e-09 
9.05e-09 1.36324e-09 
9.1e-09 1.35311e-09 
9.15e-09 1.34316e-09 
9.2e-09 1.33339e-09 
9.25e-09 1.3238e-09 
9.3e-09 1.31438e-09 
9.35e-09 1.30512e-09 
9.4e-09 1.29602e-09 
9.45e-09 1.28708e-09 
9.5e-09 1.27829e-09 
9.55e-09 1.26965e-09 
9.6e-09 1.26115e-09 
9.65e-09 1.2528e-09 
9.7e-09 1.24458e-09 
9.75e-09 1.23649e-09 
9.8e-09 1.22854e-09 
9.85e-09 1.22071e-09 
9.9e-09 1.21301e-09 
9.95e-09 1.20543e-09 
1e-08 1.19797e-09 
