0 0 
5e-11 1.09e-17 
1e-10 2.6e-18 
1.5e-10 7e-19 
2e-10 3.7e-18 
2.5e-10 3e-19 
3e-10 3.4e-18 
3.5e-10 8e-19 
4e-10 3.3e-18 
4.5e-10 5e-18 
5e-10 1.2e-18 
5.5e-10 7.8e-18 
6e-10 2.6e-18 
6.5e-10 4e-18 
7e-10 3e-18 
7.5e-10 3.5e-18 
8e-10 1.6e-18 
8.5e-10 2.1e-18 
9e-10 1.8e-18 
9.5e-10 1.8e-18 
1e-09 2.2e-18 
1.05e-09 3.3e-18 
1.1e-09 1.3e-18 
1.15e-09 1.7e-18 
1.2e-09 2.3e-18 
1.25e-09 2e-18 
1.3e-09 8e-19 
1.35e-09 4e-19 
1.4e-09 6e-19 
1.45e-09 1.7e-18 
1.5e-09 5.7e-18 
1.55e-09 2.9e-18 
1.6e-09 3.4e-18 
1.65e-09 3e-18 
1.7e-09 1.9e-18 
1.75e-09 1.4e-18 
1.8e-09 3.1e-18 
1.85e-09 3e-18 
1.9e-09 2.8e-18 
1.95e-09 1e-19 
2e-09 6.3495e-08 
2.05e-09 1.38926e-07 
2.1e-09 1.06896e-07 
2.15e-09 8.55491e-08 
2.2e-09 7.0919e-08 
2.25e-09 6.01162e-08 
2.3e-09 5.16334e-08 
2.35e-09 4.47697e-08 
2.4e-09 3.91074e-08 
2.45e-09 3.43896e-08 
2.5e-09 3.0439e-08 
2.55e-09 2.71221e-08 
2.6e-09 2.43331e-08 
2.65e-09 2.19844e-08 
2.7e-09 2.00024e-08 
2.75e-09 1.83246e-08 
2.8e-09 1.68986e-08 
2.85e-09 1.56802e-08 
2.9e-09 1.46334e-08 
2.95e-09 1.37282e-08 
3e-09 1.29404e-08 
3.05e-09 1.22504e-08 
3.1e-09 1.16419e-08 
3.15e-09 1.11019e-08 
3.2e-09 1.06197e-08 
3.25e-09 1.01866e-08 
3.3e-09 9.79522e-09 
3.35e-09 9.4397e-09 
3.4e-09 9.11504e-09 
3.45e-09 8.81708e-09 
3.5e-09 8.54235e-09 
3.55e-09 8.28792e-09 
3.6e-09 8.05132e-09 
3.65e-09 7.83042e-09 
3.7e-09 7.62345e-09 
3.75e-09 7.42887e-09 
3.8e-09 7.24536e-09 
3.85e-09 7.07177e-09 
3.9e-09 6.90713e-09 
3.95e-09 6.75058e-09 
4e-09 6.60139e-09 
4.05e-09 6.45889e-09 
4.1e-09 6.32252e-09 
4.15e-09 6.19178e-09 
4.2e-09 6.06623e-09 
4.25e-09 5.94547e-09 
4.3e-09 5.82917e-09 
4.35e-09 5.717e-09 
4.4e-09 5.6087e-09 
4.45e-09 5.50402e-09 
4.5e-09 5.40273e-09 
4.55e-09 5.30463e-09 
4.6e-09 5.20954e-09 
4.65e-09 5.1173e-09 
4.7e-09 5.02776e-09 
4.75e-09 4.94077e-09 
4.8e-09 4.85622e-09 
4.85e-09 4.77399e-09 
4.9e-09 4.69398e-09 
4.95e-09 4.61607e-09 
5e-09 4.5402e-09 
5.05e-09 4.46626e-09 
5.1e-09 4.39419e-09 
5.15e-09 4.3239e-09 
5.2e-09 4.25534e-09 
5.25e-09 4.18844e-09 
5.3e-09 4.12314e-09 
5.35e-09 4.05937e-09 
5.4e-09 3.9971e-09 
5.45e-09 3.93627e-09 
5.5e-09 3.87683e-09 
5.55e-09 3.81873e-09 
5.6e-09 3.76194e-09 
5.65e-09 3.70642e-09 
5.7e-09 3.65212e-09 
5.75e-09 3.59901e-09 
5.8e-09 3.54705e-09 
5.85e-09 3.49622e-09 
5.9e-09 3.44648e-09 
5.95e-09 3.39779e-09 
6e-09 3.35013e-09 
6.05e-09 3.30348e-09 
6.1e-09 3.2578e-09 
6.15e-09 3.21307e-09 
6.2e-09 3.16926e-09 
6.25e-09 3.12635e-09 
6.3e-09 3.08432e-09 
6.35e-09 3.04314e-09 
6.4e-09 3.00279e-09 
6.45e-09 2.96326e-09 
6.5e-09 2.92451e-09 
6.55e-09 2.88654e-09 
6.6e-09 2.84932e-09 
6.65e-09 2.81284e-09 
6.7e-09 2.77707e-09 
6.75e-09 2.74201e-09 
6.8e-09 2.70762e-09 
6.85e-09 2.67391e-09 
6.9e-09 2.64084e-09 
6.95e-09 2.60842e-09 
7e-09 2.57661e-09 
7.05e-09 2.54541e-09 
7.1e-09 2.51481e-09 
7.15e-09 2.48479e-09 
7.2e-09 2.45533e-09 
7.25e-09 2.42643e-09 
7.3e-09 2.39807e-09 
7.35e-09 2.37024e-09 
7.4e-09 2.34293e-09 
7.45e-09 2.31612e-09 
7.5e-09 2.28981e-09 
7.55e-09 2.26399e-09 
7.6e-09 2.23863e-09 
7.65e-09 2.21375e-09 
7.7e-09 2.18931e-09 
7.75e-09 2.16532e-09 
7.8e-09 2.14177e-09 
7.85e-09 2.11863e-09 
7.9e-09 2.09592e-09 
7.95e-09 2.07361e-09 
8e-09 2.0517e-09 
8.05e-09 2.03018e-09 
8.1e-09 2.00904e-09 
8.15e-09 1.98828e-09 
8.2e-09 1.96788e-09 
8.25e-09 1.94784e-09 
8.3e-09 1.92814e-09 
8.35e-09 1.9088e-09 
8.4e-09 1.88979e-09 
8.45e-09 1.8711e-09 
8.5e-09 1.85274e-09 
8.55e-09 1.8347e-09 
8.6e-09 1.81696e-09 
8.65e-09 1.79953e-09 
8.7e-09 1.7824e-09 
8.75e-09 1.76555e-09 
8.8e-09 1.74899e-09 
8.85e-09 1.73271e-09 
8.9e-09 1.7167e-09 
8.95e-09 1.70096e-09 
9e-09 1.68548e-09 
9.05e-09 1.67026e-09 
9.1e-09 1.65529e-09 
9.15e-09 1.64057e-09 
9.2e-09 1.62609e-09 
9.25e-09 1.61185e-09 
9.3e-09 1.59783e-09 
9.35e-09 1.58405e-09 
9.4e-09 1.57049e-09 
9.45e-09 1.55715e-09 
9.5e-09 1.54402e-09 
9.55e-09 1.5311e-09 
9.6e-09 1.51839e-09 
9.65e-09 1.50588e-09 
9.7e-09 1.49356e-09 
9.75e-09 1.48145e-09 
9.8e-09 1.46952e-09 
9.85e-09 1.45778e-09 
9.9e-09 1.44622e-09 
9.95e-09 1.43484e-09 
1e-08 1.42364e-09 
