0 0 
2e-10 1.9e-18 
4e-10 1.7e-18 
6e-10 2.4e-18 
8e-10 1e-18 
1e-09 1e-19 
1.2e-09 1.1e-18 
1.4e-09 1.5e-18 
1.6e-09 1e-18 
1.8e-09 6e-19 
2e-09 5.79246e-08 
2.2e-09 1.07115e-07 
2.4e-09 7.30847e-08 
2.6e-09 3.8172e-08 
2.8e-09 2.15851e-08 
3e-09 1.29742e-08 
3.2e-09 8.58151e-09 
3.4e-09 6.20989e-09 
3.6e-09 4.8097e-09 
3.8e-09 3.9015e-09 
4e-09 3.28917e-09 
4.2e-09 2.85749e-09 
4.4e-09 2.54084e-09 
4.6e-09 2.30072e-09 
4.8e-09 2.11152e-09 
5e-09 1.95883e-09 
5.2e-09 1.83261e-09 
5.4e-09 1.72614e-09 
5.6e-09 1.63488e-09 
5.8e-09 1.55535e-09 
6e-09 1.48528e-09 
6.2e-09 1.4229e-09 
6.4e-09 1.36685e-09 
6.6e-09 1.31613e-09 
6.8e-09 1.26986e-09 
7e-09 1.22743e-09 
7.2e-09 1.18831e-09 
7.4e-09 1.15208e-09 
7.6e-09 1.11838e-09 
7.8e-09 1.08692e-09 
8e-09 1.05744e-09 
8.2e-09 1.02974e-09 
8.4e-09 1.00364e-09 
8.6e-09 9.78996e-10 
8.8e-09 9.55659e-10 
9e-09 9.33519e-10 
9.2e-09 9.12475e-10 
9.4e-09 8.92437e-10 
9.6e-09 8.73327e-10 
9.8e-09 8.55073e-10 
1e-08 8.37612e-10 
