0 0 
2e-10 2.6e-18 
4e-10 0 
6e-10 3e-19 
8e-10 1.1e-18 
1e-09 4e-19 
1.2e-09 9e-19 
1.4e-09 1e-18 
1.6e-09 8e-19 
1.8e-09 9e-19 
2e-09 2.92742e-08 
2.2e-09 5.72105e-08 
2.4e-09 4.36201e-08 
2.6e-09 2.61878e-08 
2.8e-09 1.79998e-08 
3e-09 1.36003e-08 
3.2e-09 1.10236e-08 
3.4e-09 9.32529e-09 
3.6e-09 8.09904e-09 
3.8e-09 7.14467e-09 
4e-09 6.37308e-09 
4.2e-09 5.73081e-09 
4.4e-09 5.18595e-09 
4.6e-09 4.71823e-09 
4.8e-09 4.31243e-09 
5e-09 3.95849e-09 
5.2e-09 3.64827e-09 
5.4e-09 3.37527e-09 
5.6e-09 3.13434e-09 
5.8e-09 2.92083e-09 
6e-09 2.7312e-09 
6.2e-09 2.56233e-09 
6.4e-09 2.41153e-09 
6.6e-09 2.2766e-09 
6.8e-09 2.15543e-09 
7e-09 2.04638e-09 
7.2e-09 1.94799e-09 
7.4e-09 1.85898e-09 
7.6e-09 1.77825e-09 
7.8e-09 1.70479e-09 
8e-09 1.63779e-09 
8.2e-09 1.5765e-09 
8.4e-09 1.52029e-09 
8.6e-09 1.4686e-09 
8.8e-09 1.42092e-09 
9e-09 1.37682e-09 
9.2e-09 1.33593e-09 
9.4e-09 1.29791e-09 
9.6e-09 1.26249e-09 
9.8e-09 1.22937e-09 
1e-08 1.19836e-09 
