0 0 
5e-11 9e-18 
1e-10 4.4e-18 
1.5e-10 2e-18 
2e-10 4.1e-18 
2.5e-10 4.1e-18 
3e-10 9e-19 
3.5e-10 1.9e-18 
4e-10 5e-19 
4.5e-10 3.5e-18 
5e-10 1e-19 
5.5e-10 4.6e-18 
6e-10 1.4e-18 
6.5e-10 0 
7e-10 2e-19 
7.5e-10 1.3e-18 
8e-10 7e-19 
8.5e-10 1.1e-18 
9e-10 1.1e-18 
9.5e-10 1.9e-18 
1e-09 2.5e-18 
1.05e-09 7.4e-18 
1.1e-09 1e-18 
1.15e-09 2.4e-18 
1.2e-09 0 
1.25e-09 2.2e-18 
1.3e-09 5e-19 
1.35e-09 1.9e-18 
1.4e-09 1.4e-18 
1.45e-09 4e-19 
1.5e-09 4.5e-18 
1.55e-09 3.5e-18 
1.6e-09 1e-19 
1.65e-09 6e-19 
1.7e-09 6e-19 
1.75e-09 1e-19 
1.8e-09 1.4e-18 
1.85e-09 4e-19 
1.9e-09 1.5e-18 
1.95e-09 6e-19 
2e-09 6.80466e-08 
2.05e-09 1.47261e-07 
2.1e-09 1.12581e-07 
2.15e-09 8.9718e-08 
2.2e-09 7.41006e-08 
2.25e-09 6.26309e-08 
2.3e-09 5.36451e-08 
2.35e-09 4.63739e-08 
2.4e-09 4.03688e-08 
2.45e-09 3.5358e-08 
2.5e-09 3.11562e-08 
2.55e-09 2.76249e-08 
2.6e-09 2.46543e-08 
2.65e-09 2.21536e-08 
2.7e-09 2.00462e-08 
2.75e-09 1.82665e-08 
2.8e-09 1.67586e-08 
2.85e-09 1.54755e-08 
2.9e-09 1.43782e-08 
2.95e-09 1.34344e-08 
3e-09 1.26178e-08 
3.05e-09 1.19068e-08 
3.1e-09 1.1284e-08 
3.15e-09 1.0735e-08 
3.2e-09 1.02483e-08 
3.25e-09 9.81427e-09 
3.3e-09 9.42504e-09 
3.35e-09 9.07412e-09 
3.4e-09 8.7561e-09 
3.45e-09 8.46648e-09 
3.5e-09 8.20148e-09 
3.55e-09 7.95789e-09 
3.6e-09 7.73304e-09 
3.65e-09 7.52463e-09 
3.7e-09 7.3307e-09 
3.75e-09 7.14959e-09 
3.8e-09 6.97985e-09 
3.85e-09 6.82026e-09 
3.9e-09 6.66974e-09 
3.95e-09 6.52737e-09 
4e-09 6.39234e-09 
4.05e-09 6.26395e-09 
4.1e-09 6.14158e-09 
4.15e-09 6.0247e-09 
4.2e-09 5.91282e-09 
4.25e-09 5.80554e-09 
4.3e-09 5.70248e-09 
4.35e-09 5.60331e-09 
4.4e-09 5.50774e-09 
4.45e-09 5.41552e-09 
4.5e-09 5.3264e-09 
4.55e-09 5.24018e-09 
4.6e-09 5.15667e-09 
4.65e-09 5.07571e-09 
4.7e-09 4.99714e-09 
4.75e-09 4.92082e-09 
4.8e-09 4.84663e-09 
4.85e-09 4.77445e-09 
4.9e-09 4.70418e-09 
4.95e-09 4.63572e-09 
5e-09 4.56899e-09 
5.05e-09 4.5039e-09 
5.1e-09 4.44038e-09 
5.15e-09 4.37836e-09 
5.2e-09 4.31777e-09 
5.25e-09 4.25857e-09 
5.3e-09 4.20069e-09 
5.35e-09 4.14408e-09 
5.4e-09 4.0887e-09 
5.45e-09 4.03449e-09 
5.5e-09 3.98143e-09 
5.55e-09 3.92946e-09 
5.6e-09 3.87855e-09 
5.65e-09 3.82867e-09 
5.7e-09 3.77978e-09 
5.75e-09 3.73186e-09 
5.8e-09 3.68487e-09 
5.85e-09 3.63878e-09 
5.9e-09 3.59358e-09 
5.95e-09 3.54922e-09 
6e-09 3.5057e-09 
6.05e-09 3.46298e-09 
6.1e-09 3.42105e-09 
6.15e-09 3.37988e-09 
6.2e-09 3.33946e-09 
6.25e-09 3.29975e-09 
6.3e-09 3.26076e-09 
6.35e-09 3.22246e-09 
6.4e-09 3.18482e-09 
6.45e-09 3.14784e-09 
6.5e-09 3.11151e-09 
6.55e-09 3.07579e-09 
6.6e-09 3.04069e-09 
6.65e-09 3.00618e-09 
6.7e-09 2.97226e-09 
6.75e-09 2.93891e-09 
6.8e-09 2.90611e-09 
6.85e-09 2.87386e-09 
6.9e-09 2.84214e-09 
6.95e-09 2.81095e-09 
7e-09 2.78026e-09 
7.05e-09 2.75008e-09 
7.1e-09 2.72038e-09 
7.15e-09 2.69117e-09 
7.2e-09 2.66242e-09 
7.25e-09 2.63414e-09 
7.3e-09 2.6063e-09 
7.35e-09 2.57891e-09 
7.4e-09 2.55195e-09 
7.45e-09 2.52542e-09 
7.5e-09 2.4993e-09 
7.55e-09 2.47359e-09 
7.6e-09 2.44828e-09 
7.65e-09 2.42336e-09 
7.7e-09 2.39883e-09 
7.75e-09 2.37467e-09 
7.8e-09 2.35089e-09 
7.85e-09 2.32747e-09 
7.9e-09 2.30441e-09 
7.95e-09 2.28169e-09 
8e-09 2.25932e-09 
8.05e-09 2.23729e-09 
8.1e-09 2.21559e-09 
8.15e-09 2.19422e-09 
8.2e-09 2.17317e-09 
8.25e-09 2.15243e-09 
8.3e-09 2.13199e-09 
8.35e-09 2.11187e-09 
8.4e-09 2.09203e-09 
8.45e-09 2.07249e-09 
8.5e-09 2.05324e-09 
8.55e-09 2.03427e-09 
8.6e-09 2.01558e-09 
8.65e-09 1.99715e-09 
8.7e-09 1.979e-09 
8.75e-09 1.96111e-09 
8.8e-09 1.94347e-09 
8.85e-09 1.92609e-09 
8.9e-09 1.90896e-09 
8.95e-09 1.89208e-09 
9e-09 1.87543e-09 
9.05e-09 1.85903e-09 
9.1e-09 1.84285e-09 
9.15e-09 1.82691e-09 
9.2e-09 1.81118e-09 
9.25e-09 1.79569e-09 
9.3e-09 1.7804e-09 
9.35e-09 1.76534e-09 
9.4e-09 1.75048e-09 
9.45e-09 1.73583e-09 
9.5e-09 1.72138e-09 
9.55e-09 1.70713e-09 
9.6e-09 1.69308e-09 
9.65e-09 1.67923e-09 
9.7e-09 1.66556e-09 
9.75e-09 1.65208e-09 
9.8e-09 1.63879e-09 
9.85e-09 1.62567e-09 
9.9e-09 1.61274e-09 
9.95e-09 1.59998e-09 
1e-08 1.58739e-09 
