0 0 
2e-10 1.7e-18 
4e-10 3e-19 
6e-10 2.5e-18 
8e-10 6e-19 
1e-09 2e-19 
1.2e-09 1.4e-18 
1.4e-09 6e-19 
1.6e-09 2e-19 
1.8e-09 1e-18 
2e-09 5.41412e-08 
2.2e-09 1.00252e-07 
2.4e-09 6.8459e-08 
2.6e-09 3.5665e-08 
2.8e-09 2.02346e-08 
3e-09 1.22801e-08 
3.2e-09 8.20846e-09 
3.4e-09 5.98624e-09 
3.6e-09 4.66453e-09 
3.8e-09 3.80491e-09 
4e-09 3.22342e-09 
4.2e-09 2.81176e-09 
4.4e-09 2.50833e-09 
4.6e-09 2.27703e-09 
4.8e-09 2.0939e-09 
5e-09 1.94542e-09 
5.2e-09 1.82217e-09 
5.4e-09 1.71782e-09 
5.6e-09 1.62808e-09 
5.8e-09 1.54964e-09 
6e-09 1.48035e-09 
6.2e-09 1.41851e-09 
6.4e-09 1.36283e-09 
6.6e-09 1.31235e-09 
6.8e-09 1.26623e-09 
7e-09 1.22387e-09 
7.2e-09 1.18476e-09 
7.4e-09 1.1485e-09 
7.6e-09 1.11474e-09 
7.8e-09 1.08318e-09 
8e-09 1.0536e-09 
8.2e-09 1.02578e-09 
8.4e-09 9.99551e-10 
8.6e-09 9.74768e-10 
8.8e-09 9.5129e-10 
9e-09 9.29008e-10 
9.2e-09 9.07821e-10 
9.4e-09 8.87641e-10 
9.6e-09 8.68392e-10 
9.8e-09 8.49999e-10 
1e-08 8.32404e-10 
