0 0 
5e-11 9.1e-18 
1e-10 6e-19 
1.5e-10 2e-19 
2e-10 6e-19 
2.5e-10 1.1e-18 
3e-10 3.7e-18 
3.5e-10 4.5e-18 
4e-10 3.3e-18 
4.5e-10 2.9e-18 
5e-10 3e-19 
5.5e-10 5.4e-18 
6e-10 8e-19 
6.5e-10 1.2e-18 
7e-10 2.5e-18 
7.5e-10 5e-19 
8e-10 3.1e-18 
8.5e-10 3.7e-18 
9e-10 9e-19 
9.5e-10 9e-19 
1e-09 7e-19 
1.05e-09 4.8e-18 
1.1e-09 1.4e-18 
1.15e-09 1.1e-18 
1.2e-09 9e-19 
1.25e-09 2.3e-18 
1.3e-09 1.1e-18 
1.35e-09 1.3e-18 
1.4e-09 3.1e-18 
1.45e-09 2.1e-18 
1.5e-09 6.1e-18 
1.55e-09 1.1e-18 
1.6e-09 2.2e-18 
1.65e-09 3e-19 
1.7e-09 1.2e-18 
1.75e-09 1.5e-18 
1.8e-09 1e-18 
1.85e-09 1e-19 
1.9e-09 2.7e-18 
1.95e-09 7e-19 
2e-09 9.41814e-08 
2.05e-09 1.93969e-07 
2.1e-09 1.44532e-07 
2.15e-09 1.13201e-07 
2.2e-09 9.23847e-08 
2.25e-09 7.73279e-08 
2.3e-09 6.56529e-08 
2.35e-09 5.61502e-08 
2.4e-09 4.82058e-08 
2.45e-09 4.14987e-08 
2.5e-09 3.58059e-08 
2.55e-09 3.09673e-08 
2.6e-09 2.68575e-08 
2.65e-09 2.33726e-08 
2.7e-09 2.04237e-08 
2.75e-09 1.79329e-08 
2.8e-09 1.58309e-08 
2.85e-09 1.40564e-08 
2.9e-09 1.25557e-08 
2.95e-09 1.12823e-08 
3e-09 1.01971e-08 
3.05e-09 9.26758e-09 
3.1e-09 8.4671e-09 
3.15e-09 7.77394e-09 
3.2e-09 7.17053e-09 
3.25e-09 6.64259e-09 
3.3e-09 6.17847e-09 
3.35e-09 5.76865e-09 
3.4e-09 5.40527e-09 
3.45e-09 5.08183e-09 
3.5e-09 4.79289e-09 
3.55e-09 4.53389e-09 
3.6e-09 4.30097e-09 
3.65e-09 4.09084e-09 
3.7e-09 3.90072e-09 
3.75e-09 3.7282e-09 
3.8e-09 3.57121e-09 
3.85e-09 3.42796e-09 
3.9e-09 3.2969e-09 
3.95e-09 3.17667e-09 
4e-09 3.0661e-09 
4.05e-09 2.96416e-09 
4.1e-09 2.86995e-09 
4.15e-09 2.78266e-09 
4.2e-09 2.70161e-09 
4.25e-09 2.62617e-09 
4.3e-09 2.55581e-09 
4.35e-09 2.49003e-09 
4.4e-09 2.42842e-09 
4.45e-09 2.37059e-09 
4.5e-09 2.31621e-09 
4.55e-09 2.26497e-09 
4.6e-09 2.21661e-09 
4.65e-09 2.17088e-09 
4.7e-09 2.12757e-09 
4.75e-09 2.08648e-09 
4.8e-09 2.04744e-09 
4.85e-09 2.0103e-09 
4.9e-09 1.9749e-09 
4.95e-09 1.94112e-09 
5e-09 1.90885e-09 
5.05e-09 1.87798e-09 
5.1e-09 1.84841e-09 
5.15e-09 1.82005e-09 
5.2e-09 1.79283e-09 
5.25e-09 1.76667e-09 
5.3e-09 1.7415e-09 
5.35e-09 1.71727e-09 
5.4e-09 1.69391e-09 
5.45e-09 1.67137e-09 
5.5e-09 1.64962e-09 
5.55e-09 1.62859e-09 
5.6e-09 1.60826e-09 
5.65e-09 1.58858e-09 
5.7e-09 1.56952e-09 
5.75e-09 1.55104e-09 
5.8e-09 1.53312e-09 
5.85e-09 1.51573e-09 
5.9e-09 1.49884e-09 
5.95e-09 1.48243e-09 
6e-09 1.46647e-09 
6.05e-09 1.45094e-09 
6.1e-09 1.43583e-09 
6.15e-09 1.42111e-09 
6.2e-09 1.40677e-09 
6.25e-09 1.39279e-09 
6.3e-09 1.37915e-09 
6.35e-09 1.36585e-09 
6.4e-09 1.35286e-09 
6.45e-09 1.34017e-09 
6.5e-09 1.32778e-09 
6.55e-09 1.31567e-09 
6.6e-09 1.30382e-09 
6.65e-09 1.29224e-09 
6.7e-09 1.2809e-09 
6.75e-09 1.26981e-09 
6.8e-09 1.25894e-09 
6.85e-09 1.2483e-09 
6.9e-09 1.23787e-09 
6.95e-09 1.22765e-09 
7e-09 1.21763e-09 
7.05e-09 1.20781e-09 
7.1e-09 1.19817e-09 
7.15e-09 1.18871e-09 
7.2e-09 1.17943e-09 
7.25e-09 1.17032e-09 
7.3e-09 1.16137e-09 
7.35e-09 1.15258e-09 
7.4e-09 1.14394e-09 
7.45e-09 1.13546e-09 
7.5e-09 1.12712e-09 
7.55e-09 1.11892e-09 
7.6e-09 1.11085e-09 
7.65e-09 1.10292e-09 
7.7e-09 1.09512e-09 
7.75e-09 1.08744e-09 
7.8e-09 1.07989e-09 
7.85e-09 1.07245e-09 
7.9e-09 1.06513e-09 
7.95e-09 1.05792e-09 
8e-09 1.05083e-09 
8.05e-09 1.04383e-09 
8.1e-09 1.03694e-09 
8.15e-09 1.03016e-09 
8.2e-09 1.02347e-09 
8.25e-09 1.01687e-09 
8.3e-09 1.01037e-09 
8.35e-09 1.00397e-09 
8.4e-09 9.97651e-10 
8.45e-09 9.9142e-10 
8.5e-09 9.85273e-10 
8.55e-09 9.7921e-10 
8.6e-09 9.73228e-10 
8.65e-09 9.67326e-10 
8.7e-09 9.61501e-10 
8.75e-09 9.55752e-10 
8.8e-09 9.50077e-10 
8.85e-09 9.44475e-10 
8.9e-09 9.38943e-10 
8.95e-09 9.33482e-10 
9e-09 9.28088e-10 
9.05e-09 9.22761e-10 
9.1e-09 9.17498e-10 
9.15e-09 9.123e-10 
9.2e-09 9.07165e-10 
9.25e-09 9.0209e-10 
9.3e-09 8.97076e-10 
9.35e-09 8.92121e-10 
9.4e-09 8.87223e-10 
9.45e-09 8.82382e-10 
9.5e-09 8.77596e-10 
9.55e-09 8.72865e-10 
9.6e-09 8.68188e-10 
9.65e-09 8.63562e-10 
9.7e-09 8.58988e-10 
9.75e-09 8.54465e-10 
9.8e-09 8.49991e-10 
9.85e-09 8.45566e-10 
9.9e-09 8.41189e-10 
9.95e-09 8.36858e-10 
1e-08 8.32574e-10 
