0 0 
5e-11 1.06e-17 
1e-10 3.2e-18 
1.5e-10 2e-19 
2e-10 7e-19 
2.5e-10 1e-19 
3e-10 5.2e-18 
3.5e-10 3.7e-18 
4e-10 4.7e-18 
4.5e-10 3e-18 
5e-10 1.4e-18 
5.5e-10 5.5e-18 
6e-10 3.6e-18 
6.5e-10 7e-19 
7e-10 2.8e-18 
7.5e-10 1e-19 
8e-10 1.9e-18 
8.5e-10 1.6e-18 
9e-10 3e-19 
9.5e-10 9e-19 
1e-09 2.5e-18 
1.05e-09 4.4e-18 
1.1e-09 2.6e-18 
1.15e-09 3.1e-18 
1.2e-09 2.2e-18 
1.25e-09 2.5e-18 
1.3e-09 2.3e-18 
1.35e-09 1.8e-18 
1.4e-09 1.4e-18 
1.45e-09 2.1e-18 
1.5e-09 6.8e-18 
1.55e-09 1.5e-18 
1.6e-09 2.1e-18 
1.65e-09 2.1e-18 
1.7e-09 1.2e-18 
1.75e-09 1.1e-18 
1.8e-09 1.4e-18 
1.85e-09 3.1e-18 
1.9e-09 1.9e-18 
1.95e-09 1.3e-18 
2e-09 6.10968e-08 
2.05e-09 1.34501e-07 
2.1e-09 1.0387e-07 
2.15e-09 8.33482e-08 
2.2e-09 6.92246e-08 
2.25e-09 5.87662e-08 
2.3e-09 5.05439e-08 
2.35e-09 4.38899e-08 
2.4e-09 3.84033e-08 
2.45e-09 3.38346e-08 
2.5e-09 3.00106e-08 
2.55e-09 2.68009e-08 
2.6e-09 2.41017e-08 
2.65e-09 2.18275e-08 
2.7e-09 1.99065e-08 
2.75e-09 1.82779e-08 
2.8e-09 1.6891e-08 
2.85e-09 1.57033e-08 
2.9e-09 1.46802e-08 
2.95e-09 1.3793e-08 
3e-09 1.30185e-08 
3.05e-09 1.2338e-08 
3.1e-09 1.1736e-08 
3.15e-09 1.11999e-08 
3.2e-09 1.07196e-08 
3.25e-09 1.02867e-08 
3.3e-09 9.89415e-09 
3.35e-09 9.53636e-09 
3.4e-09 9.20851e-09 
3.45e-09 8.90664e-09 
3.5e-09 8.62742e-09 
3.55e-09 8.36803e-09 
3.6e-09 8.12611e-09 
3.65e-09 7.89962e-09 
3.7e-09 7.68685e-09 
3.75e-09 7.48633e-09 
3.8e-09 7.29679e-09 
3.85e-09 7.11714e-09 
3.9e-09 6.94643e-09 
3.95e-09 6.78384e-09 
4e-09 6.62865e-09 
4.05e-09 6.48024e-09 
4.1e-09 6.33805e-09 
4.15e-09 6.20161e-09 
4.2e-09 6.07047e-09 
4.25e-09 5.94427e-09 
4.3e-09 5.82265e-09 
4.35e-09 5.70533e-09 
4.4e-09 5.59202e-09 
4.45e-09 5.48249e-09 
4.5e-09 5.37652e-09 
4.55e-09 5.27389e-09 
4.6e-09 5.17445e-09 
4.65e-09 5.07801e-09 
4.7e-09 4.98443e-09 
4.75e-09 4.89357e-09 
4.8e-09 4.8053e-09 
4.85e-09 4.71951e-09 
4.9e-09 4.63609e-09 
4.95e-09 4.55493e-09 
5e-09 4.47595e-09 
5.05e-09 4.39906e-09 
5.1e-09 4.32417e-09 
5.15e-09 4.25121e-09 
5.2e-09 4.18011e-09 
5.25e-09 4.11081e-09 
5.3e-09 4.04323e-09 
5.35e-09 3.97732e-09 
5.4e-09 3.91302e-09 
5.45e-09 3.85028e-09 
5.5e-09 3.78905e-09 
5.55e-09 3.72928e-09 
5.6e-09 3.67092e-09 
5.65e-09 3.61393e-09 
5.7e-09 3.55827e-09 
5.75e-09 3.5039e-09 
5.8e-09 3.45078e-09 
5.85e-09 3.39888e-09 
5.9e-09 3.34815e-09 
5.95e-09 3.29857e-09 
6e-09 3.2501e-09 
6.05e-09 3.20271e-09 
6.1e-09 3.15637e-09 
6.15e-09 3.11106e-09 
6.2e-09 3.06674e-09 
6.25e-09 3.0234e-09 
6.3e-09 2.98099e-09 
6.35e-09 2.9395e-09 
6.4e-09 2.89891e-09 
6.45e-09 2.85918e-09 
6.5e-09 2.82031e-09 
6.55e-09 2.78226e-09 
6.6e-09 2.74502e-09 
6.65e-09 2.70856e-09 
6.7e-09 2.67286e-09 
6.75e-09 2.63792e-09 
6.8e-09 2.6037e-09 
6.85e-09 2.57019e-09 
6.9e-09 2.53737e-09 
6.95e-09 2.50522e-09 
7e-09 2.47374e-09 
7.05e-09 2.44289e-09 
7.1e-09 2.41268e-09 
7.15e-09 2.38307e-09 
7.2e-09 2.35407e-09 
7.25e-09 2.32564e-09 
7.3e-09 2.29779e-09 
7.35e-09 2.27048e-09 
7.4e-09 2.24373e-09 
7.45e-09 2.2175e-09 
7.5e-09 2.19179e-09 
7.55e-09 2.16658e-09 
7.6e-09 2.14187e-09 
7.65e-09 2.11764e-09 
7.7e-09 2.09387e-09 
7.75e-09 2.07057e-09 
7.8e-09 2.04772e-09 
7.85e-09 2.02531e-09 
7.9e-09 2.00332e-09 
7.95e-09 1.98176e-09 
8e-09 1.9606e-09 
8.05e-09 1.93984e-09 
8.1e-09 1.91948e-09 
8.15e-09 1.8995e-09 
8.2e-09 1.87989e-09 
8.25e-09 1.86064e-09 
8.3e-09 1.84176e-09 
8.35e-09 1.82322e-09 
8.4e-09 1.80502e-09 
8.45e-09 1.78716e-09 
8.5e-09 1.76962e-09 
8.55e-09 1.7524e-09 
8.6e-09 1.7355e-09 
8.65e-09 1.71889e-09 
8.7e-09 1.70259e-09 
8.75e-09 1.68658e-09 
8.8e-09 1.67085e-09 
8.85e-09 1.65541e-09 
8.9e-09 1.64023e-09 
8.95e-09 1.62533e-09 
9e-09 1.61068e-09 
9.05e-09 1.59629e-09 
9.1e-09 1.58215e-09 
9.15e-09 1.56825e-09 
9.2e-09 1.5546e-09 
9.25e-09 1.54118e-09 
9.3e-09 1.52798e-09 
9.35e-09 1.51502e-09 
9.4e-09 1.50227e-09 
9.45e-09 1.48973e-09 
9.5e-09 1.47741e-09 
9.55e-09 1.46529e-09 
9.6e-09 1.45338e-09 
9.65e-09 1.44166e-09 
9.7e-09 1.43013e-09 
9.75e-09 1.4188e-09 
9.8e-09 1.40765e-09 
9.85e-09 1.39668e-09 
9.9e-09 1.38588e-09 
9.95e-09 1.37527e-09 
1e-08 1.36482e-09 
