0 0 
5e-11 8.8e-18 
1e-10 2.3e-18 
1.5e-10 1.8e-18 
2e-10 1.3e-18 
2.5e-10 1.3e-18 
3e-10 5e-18 
3.5e-10 2.8e-18 
4e-10 2.5e-18 
4.5e-10 2.7e-18 
5e-10 1.1e-18 
5.5e-10 6.2e-18 
6e-10 4.4e-18 
6.5e-10 1.2e-18 
7e-10 1e-18 
7.5e-10 2.1e-18 
8e-10 4e-19 
8.5e-10 1.9e-18 
9e-10 3.3e-18 
9.5e-10 2.9e-18 
1e-09 1.1e-18 
1.05e-09 3.9e-18 
1.1e-09 3.1e-18 
1.15e-09 1.9e-18 
1.2e-09 4e-19 
1.25e-09 3.1e-18 
1.3e-09 5e-19 
1.35e-09 2.3e-18 
1.4e-09 1.9e-18 
1.45e-09 1.5e-18 
1.5e-09 6.3e-18 
1.55e-09 0 
1.6e-09 2.1e-18 
1.65e-09 3.9e-18 
1.7e-09 5e-19 
1.75e-09 3.5e-18 
1.8e-09 5e-19 
1.85e-09 3.3e-18 
1.9e-09 2.3e-18 
1.95e-09 1.5e-18 
2e-09 1.58865e-07 
2.05e-09 3.07148e-07 
2.1e-09 2.26949e-07 
2.15e-09 1.79697e-07 
2.2e-09 1.49291e-07 
2.25e-09 1.27447e-07 
2.3e-09 1.10307e-07 
2.35e-09 9.6019e-08 
2.4e-09 8.36906e-08 
2.45e-09 7.28781e-08 
2.5e-09 6.33537e-08 
2.55e-09 5.49744e-08 
2.6e-09 4.76378e-08 
2.65e-09 4.12487e-08 
2.7e-09 3.57163e-08 
2.75e-09 3.09537e-08 
2.8e-09 2.68771e-08 
2.85e-09 2.34068e-08 
2.9e-09 2.04676e-08 
2.95e-09 1.7989e-08 
3e-09 1.59049e-08 
3.05e-09 1.41545e-08 
3.1e-09 1.26822e-08 
3.15e-09 1.14392e-08 
3.2e-09 1.03834e-08 
3.25e-09 9.47983e-09 
3.3e-09 8.70016e-09 
3.35e-09 8.02183e-09 
3.4e-09 7.4271e-09 
3.45e-09 6.9021e-09 
3.5e-09 6.43592e-09 
3.55e-09 6.01996e-09 
3.6e-09 5.64729e-09 
3.65e-09 5.31227e-09 
3.7e-09 5.01025e-09 
3.75e-09 4.73729e-09 
3.8e-09 4.49005e-09 
3.85e-09 4.26565e-09 
3.9e-09 4.0616e-09 
3.95e-09 3.8757e-09 
4e-09 3.70604e-09 
4.05e-09 3.55092e-09 
4.1e-09 3.40883e-09 
4.15e-09 3.27845e-09 
4.2e-09 3.15858e-09 
4.25e-09 3.04817e-09 
4.3e-09 2.94628e-09 
4.35e-09 2.85207e-09 
4.4e-09 2.76479e-09 
4.45e-09 2.68378e-09 
4.5e-09 2.60844e-09 
4.55e-09 2.53825e-09 
4.6e-09 2.47272e-09 
4.65e-09 2.41144e-09 
4.7e-09 2.35402e-09 
4.75e-09 2.30012e-09 
4.8e-09 2.24945e-09 
4.85e-09 2.20172e-09 
4.9e-09 2.1567e-09 
4.95e-09 2.11416e-09 
5e-09 2.0739e-09 
5.05e-09 2.03574e-09 
5.1e-09 1.99952e-09 
5.15e-09 1.9651e-09 
5.2e-09 1.93235e-09 
5.25e-09 1.90113e-09 
5.3e-09 1.87135e-09 
5.35e-09 1.8429e-09 
5.4e-09 1.8157e-09 
5.45e-09 1.78965e-09 
5.5e-09 1.76469e-09 
5.55e-09 1.74074e-09 
5.6e-09 1.71774e-09 
5.65e-09 1.69564e-09 
5.7e-09 1.67438e-09 
5.75e-09 1.6539e-09 
5.8e-09 1.63417e-09 
5.85e-09 1.61514e-09 
5.9e-09 1.59677e-09 
5.95e-09 1.57902e-09 
6e-09 1.56187e-09 
6.05e-09 1.54528e-09 
6.1e-09 1.52922e-09 
6.15e-09 1.51367e-09 
6.2e-09 1.49859e-09 
6.25e-09 1.48397e-09 
6.3e-09 1.46979e-09 
6.35e-09 1.45602e-09 
6.4e-09 1.44264e-09 
6.45e-09 1.42964e-09 
6.5e-09 1.417e-09 
6.55e-09 1.4047e-09 
6.6e-09 1.39273e-09 
6.65e-09 1.38108e-09 
6.7e-09 1.36972e-09 
6.75e-09 1.35865e-09 
6.8e-09 1.34786e-09 
6.85e-09 1.33734e-09 
6.9e-09 1.32707e-09 
6.95e-09 1.31704e-09 
7e-09 1.30725e-09 
7.05e-09 1.29768e-09 
7.1e-09 1.28834e-09 
7.15e-09 1.2792e-09 
7.2e-09 1.27026e-09 
7.25e-09 1.26152e-09 
7.3e-09 1.25297e-09 
7.35e-09 1.24459e-09 
7.4e-09 1.2364e-09 
7.45e-09 1.22837e-09 
7.5e-09 1.2205e-09 
7.55e-09 1.21279e-09 
7.6e-09 1.20523e-09 
7.65e-09 1.19783e-09 
7.7e-09 1.19056e-09 
7.75e-09 1.18343e-09 
7.8e-09 1.17644e-09 
7.85e-09 1.16957e-09 
7.9e-09 1.16283e-09 
7.95e-09 1.15621e-09 
8e-09 1.14972e-09 
8.05e-09 1.14333e-09 
8.1e-09 1.13706e-09 
8.15e-09 1.13089e-09 
8.2e-09 1.12483e-09 
8.25e-09 1.11887e-09 
8.3e-09 1.11301e-09 
8.35e-09 1.10725e-09 
8.4e-09 1.10158e-09 
8.45e-09 1.096e-09 
8.5e-09 1.09051e-09 
8.55e-09 1.08511e-09 
8.6e-09 1.07979e-09 
8.65e-09 1.07455e-09 
8.7e-09 1.06939e-09 
8.75e-09 1.06431e-09 
8.8e-09 1.05931e-09 
8.85e-09 1.05437e-09 
8.9e-09 1.04952e-09 
8.95e-09 1.04473e-09 
9e-09 1.04e-09 
9.05e-09 1.03535e-09 
9.1e-09 1.03076e-09 
9.15e-09 1.02624e-09 
9.2e-09 1.02177e-09 
9.25e-09 1.01737e-09 
9.3e-09 1.01303e-09 
9.35e-09 1.00874e-09 
9.4e-09 1.00451e-09 
9.45e-09 1.00034e-09 
9.5e-09 9.96221e-10 
9.55e-09 9.92155e-10 
9.6e-09 9.8814e-10 
9.65e-09 9.84175e-10 
9.7e-09 9.8026e-10 
9.75e-09 9.76394e-10 
9.8e-09 9.72574e-10 
9.85e-09 9.68802e-10 
9.9e-09 9.65074e-10 
9.95e-09 9.61391e-10 
1e-08 9.57752e-10 
