0 0 
5e-11 5.1e-18 
1e-10 4e-18 
1.5e-10 1e-19 
2e-10 3.6e-18 
2.5e-10 4.1e-18 
3e-10 2.2e-18 
3.5e-10 1.1e-18 
4e-10 7e-19 
4.5e-10 1.5e-18 
5e-10 2.4e-18 
5.5e-10 4.4e-18 
6e-10 3.1e-18 
6.5e-10 3e-19 
7e-10 4e-19 
7.5e-10 2.5e-18 
8e-10 2.3e-18 
8.5e-10 1.4e-18 
9e-10 1.8e-18 
9.5e-10 1.6e-18 
1e-09 3e-18 
1.05e-09 6.6e-18 
1.1e-09 1.2e-18 
1.15e-09 1.4e-18 
1.2e-09 1e-18 
1.25e-09 1e-18 
1.3e-09 2e-19 
1.35e-09 1.1e-18 
1.4e-09 1e-18 
1.45e-09 1.1e-18 
1.5e-09 3.3e-18 
1.55e-09 3.4e-18 
1.6e-09 9e-19 
1.65e-09 1e-19 
1.7e-09 1.3e-18 
1.75e-09 1.6e-18 
1.8e-09 1.1e-18 
1.85e-09 1.5e-18 
1.9e-09 1.9e-18 
1.95e-09 1.3e-18 
2e-09 1.50893e-07 
2.05e-09 2.93341e-07 
2.1e-09 2.16521e-07 
2.15e-09 1.70913e-07 
2.2e-09 1.4151e-07 
2.25e-09 1.20421e-07 
2.3e-09 1.03942e-07 
2.35e-09 9.02657e-08 
2.4e-09 7.85153e-08 
2.45e-09 6.8259e-08 
2.5e-09 5.92604e-08 
2.55e-09 5.13805e-08 
2.6e-09 4.4506e-08 
2.65e-09 3.8538e-08 
2.7e-09 3.33851e-08 
2.75e-09 2.89601e-08 
2.8e-09 2.51807e-08 
2.85e-09 2.19694e-08 
2.9e-09 1.92534e-08 
2.95e-09 1.69646e-08 
3e-09 1.50398e-08 
3.05e-09 1.3421e-08 
3.1e-09 1.20564e-08 
3.15e-09 1.09004e-08 
3.2e-09 9.91504e-09 
3.25e-09 9.0685e-09 
3.3e-09 8.33547e-09 
3.35e-09 7.69581e-09 
3.4e-09 7.13369e-09 
3.45e-09 6.63667e-09 
3.5e-09 6.19489e-09 
3.55e-09 5.80045e-09 
3.6e-09 5.44695e-09 
3.65e-09 5.12909e-09 
3.7e-09 4.8425e-09 
3.75e-09 4.58344e-09 
3.8e-09 4.34873e-09 
3.85e-09 4.13564e-09 
3.9e-09 3.94179e-09 
3.95e-09 3.7651e-09 
4e-09 3.60372e-09 
4.05e-09 3.45607e-09 
4.1e-09 3.3207e-09 
4.15e-09 3.19636e-09 
4.2e-09 3.08192e-09 
4.25e-09 2.97639e-09 
4.3e-09 2.87889e-09 
4.35e-09 2.78862e-09 
4.4e-09 2.70488e-09 
4.45e-09 2.62706e-09 
4.5e-09 2.55458e-09 
4.55e-09 2.48696e-09 
4.6e-09 2.42375e-09 
4.65e-09 2.36456e-09 
4.7e-09 2.30902e-09 
4.75e-09 2.25682e-09 
4.8e-09 2.20768e-09 
4.85e-09 2.16134e-09 
4.9e-09 2.11756e-09 
4.95e-09 2.07615e-09 
5e-09 2.03691e-09 
5.05e-09 1.99968e-09 
5.1e-09 1.96431e-09 
5.15e-09 1.93065e-09 
5.2e-09 1.89858e-09 
5.25e-09 1.86799e-09 
5.3e-09 1.83878e-09 
5.35e-09 1.81084e-09 
5.4e-09 1.7841e-09 
5.45e-09 1.75848e-09 
5.5e-09 1.7339e-09 
5.55e-09 1.7103e-09 
5.6e-09 1.68761e-09 
5.65e-09 1.66579e-09 
5.7e-09 1.64478e-09 
5.75e-09 1.62453e-09 
5.8e-09 1.605e-09 
5.85e-09 1.58615e-09 
5.9e-09 1.56795e-09 
5.95e-09 1.55035e-09 
6e-09 1.53332e-09 
6.05e-09 1.51684e-09 
6.1e-09 1.50088e-09 
6.15e-09 1.48541e-09 
6.2e-09 1.4704e-09 
6.25e-09 1.45584e-09 
6.3e-09 1.44171e-09 
6.35e-09 1.42797e-09 
6.4e-09 1.41462e-09 
6.45e-09 1.40164e-09 
6.5e-09 1.38901e-09 
6.55e-09 1.37672e-09 
6.6e-09 1.36474e-09 
6.65e-09 1.35308e-09 
6.7e-09 1.34171e-09 
6.75e-09 1.33062e-09 
6.8e-09 1.3198e-09 
6.85e-09 1.30924e-09 
6.9e-09 1.29893e-09 
6.95e-09 1.28886e-09 
7e-09 1.27902e-09 
7.05e-09 1.2694e-09 
7.1e-09 1.26e-09 
7.15e-09 1.25081e-09 
7.2e-09 1.24181e-09 
7.25e-09 1.233e-09 
7.3e-09 1.22438e-09 
7.35e-09 1.21593e-09 
7.4e-09 1.20766e-09 
7.45e-09 1.19956e-09 
7.5e-09 1.19161e-09 
7.55e-09 1.18382e-09 
7.6e-09 1.17618e-09 
7.65e-09 1.16869e-09 
7.7e-09 1.16134e-09 
7.75e-09 1.15412e-09 
7.8e-09 1.14704e-09 
7.85e-09 1.14008e-09 
7.9e-09 1.13325e-09 
7.95e-09 1.12654e-09 
8e-09 1.11994e-09 
8.05e-09 1.11346e-09 
8.1e-09 1.10709e-09 
8.15e-09 1.10082e-09 
8.2e-09 1.09466e-09 
8.25e-09 1.0886e-09 
8.3e-09 1.08264e-09 
8.35e-09 1.07677e-09 
8.4e-09 1.071e-09 
8.45e-09 1.06532e-09 
8.5e-09 1.05972e-09 
8.55e-09 1.05422e-09 
8.6e-09 1.04879e-09 
8.65e-09 1.04345e-09 
8.7e-09 1.03818e-09 
8.75e-09 1.03299e-09 
8.8e-09 1.02788e-09 
8.85e-09 1.02284e-09 
8.9e-09 1.01787e-09 
8.95e-09 1.01297e-09 
9e-09 1.00814e-09 
9.05e-09 1.00338e-09 
9.1e-09 9.98681e-10 
9.15e-09 9.94046e-10 
9.2e-09 9.89474e-10 
9.25e-09 9.84961e-10 
9.3e-09 9.80508e-10 
9.35e-09 9.76113e-10 
9.4e-09 9.71774e-10 
9.45e-09 9.67491e-10 
9.5e-09 9.63262e-10 
9.55e-09 9.59085e-10 
9.6e-09 9.5496e-10 
9.65e-09 9.50886e-10 
9.7e-09 9.46862e-10 
9.75e-09 9.42886e-10 
9.8e-09 9.38958e-10 
9.85e-09 9.35076e-10 
9.9e-09 9.3124e-10 
9.95e-09 9.27448e-10 
1e-08 9.237e-10 
