0 0 
5e-11 1.13e-17 
1e-10 4.6e-18 
1.5e-10 1.5e-18 
2e-10 1e-19 
2.5e-10 2.7e-18 
3e-10 2.6e-18 
3.5e-10 4e-18 
4e-10 2.7e-18 
4.5e-10 2.6e-18 
5e-10 4.1e-18 
5.5e-10 5.2e-18 
6e-10 4e-19 
6.5e-10 1.5e-18 
7e-10 2e-18 
7.5e-10 2.1e-18 
8e-10 8e-19 
8.5e-10 1.7e-18 
9e-10 1.1e-18 
9.5e-10 6e-19 
1e-09 7e-19 
1.05e-09 5.7e-18 
1.1e-09 8e-19 
1.15e-09 2.8e-18 
1.2e-09 1.4e-18 
1.25e-09 9e-19 
1.3e-09 5e-19 
1.35e-09 8e-19 
1.4e-09 9e-19 
1.45e-09 4e-19 
1.5e-09 4e-18 
1.55e-09 4.1e-18 
1.6e-09 5e-19 
1.65e-09 8e-19 
1.7e-09 7e-19 
1.75e-09 2e-19 
1.8e-09 1.5e-18 
1.85e-09 1.4e-18 
1.9e-09 4e-19 
1.95e-09 1.2e-18 
2e-09 1.01821e-07 
2.05e-09 2.07481e-07 
2.1e-09 1.54044e-07 
2.15e-09 1.20526e-07 
2.2e-09 9.84e-08 
2.25e-09 8.24754e-08 
2.3e-09 7.01211e-08 
2.35e-09 6.00589e-08 
2.4e-09 5.16219e-08 
2.45e-09 4.44714e-08 
2.5e-09 3.83784e-08 
2.55e-09 3.31803e-08 
2.6e-09 2.87503e-08 
2.65e-09 2.49834e-08 
2.7e-09 2.17887e-08 
2.75e-09 1.90863e-08 
2.8e-09 1.68046e-08 
2.85e-09 1.48794e-08 
2.9e-09 1.32537e-08 
2.95e-09 1.18775e-08 
3e-09 1.0708e-08 
3.05e-09 9.70913e-09 
3.1e-09 8.8514e-09 
3.15e-09 8.11056e-09 
3.2e-09 7.46706e-09 
3.25e-09 6.90508e-09 
3.3e-09 6.41179e-09 
3.35e-09 5.97677e-09 
3.4e-09 5.59145e-09 
3.45e-09 5.2488e-09 
3.5e-09 4.94296e-09 
3.55e-09 4.66901e-09 
3.6e-09 4.42284e-09 
3.65e-09 4.20094e-09 
3.7e-09 4.00033e-09 
3.75e-09 3.81845e-09 
3.8e-09 3.65309e-09 
3.85e-09 3.50234e-09 
3.9e-09 3.36457e-09 
3.95e-09 3.23832e-09 
4e-09 3.12235e-09 
4.05e-09 3.01555e-09 
4.1e-09 2.91696e-09 
4.15e-09 2.82573e-09 
4.2e-09 2.74112e-09 
4.25e-09 2.66247e-09 
4.3e-09 2.58921e-09 
4.35e-09 2.5208e-09 
4.4e-09 2.45681e-09 
4.45e-09 2.39682e-09 
4.5e-09 2.34047e-09 
4.55e-09 2.28745e-09 
4.6e-09 2.23746e-09 
4.65e-09 2.19025e-09 
4.7e-09 2.14558e-09 
4.75e-09 2.10326e-09 
4.8e-09 2.06309e-09 
4.85e-09 2.02491e-09 
4.9e-09 1.98857e-09 
4.95e-09 1.95392e-09 
5e-09 1.92086e-09 
5.05e-09 1.88925e-09 
5.1e-09 1.85901e-09 
5.15e-09 1.83004e-09 
5.2e-09 1.80225e-09 
5.25e-09 1.77556e-09 
5.3e-09 1.74992e-09 
5.35e-09 1.72524e-09 
5.4e-09 1.70148e-09 
5.45e-09 1.67857e-09 
5.5e-09 1.65647e-09 
5.55e-09 1.63513e-09 
5.6e-09 1.6145e-09 
5.65e-09 1.59455e-09 
5.7e-09 1.57525e-09 
5.75e-09 1.55654e-09 
5.8e-09 1.53842e-09 
5.85e-09 1.52083e-09 
5.9e-09 1.50377e-09 
5.95e-09 1.4872e-09 
6e-09 1.47109e-09 
6.05e-09 1.45543e-09 
6.1e-09 1.4402e-09 
6.15e-09 1.42537e-09 
6.2e-09 1.41093e-09 
6.25e-09 1.39686e-09 
6.3e-09 1.38314e-09 
6.35e-09 1.36976e-09 
6.4e-09 1.35671e-09 
6.45e-09 1.34396e-09 
6.5e-09 1.33152e-09 
6.55e-09 1.31936e-09 
6.6e-09 1.30748e-09 
6.65e-09 1.29586e-09 
6.7e-09 1.28449e-09 
6.75e-09 1.27337e-09 
6.8e-09 1.26249e-09 
6.85e-09 1.25183e-09 
6.9e-09 1.24139e-09 
6.95e-09 1.23116e-09 
7e-09 1.22114e-09 
7.05e-09 1.21131e-09 
7.1e-09 1.20168e-09 
7.15e-09 1.19222e-09 
7.2e-09 1.18295e-09 
7.25e-09 1.17385e-09 
7.3e-09 1.16491e-09 
7.35e-09 1.15613e-09 
7.4e-09 1.14751e-09 
7.45e-09 1.13904e-09 
7.5e-09 1.13072e-09 
7.55e-09 1.12254e-09 
7.6e-09 1.1145e-09 
7.65e-09 1.1066e-09 
7.7e-09 1.09882e-09 
7.75e-09 1.09117e-09 
7.8e-09 1.08364e-09 
7.85e-09 1.07623e-09 
7.9e-09 1.06894e-09 
7.95e-09 1.06176e-09 
8e-09 1.0547e-09 
8.05e-09 1.04773e-09 
8.1e-09 1.04088e-09 
8.15e-09 1.03412e-09 
8.2e-09 1.02747e-09 
8.25e-09 1.02091e-09 
8.3e-09 1.01444e-09 
8.35e-09 1.00807e-09 
8.4e-09 1.00179e-09 
8.45e-09 9.95591e-10 
8.5e-09 9.8948e-10 
8.55e-09 9.83453e-10 
8.6e-09 9.77507e-10 
8.65e-09 9.71641e-10 
8.7e-09 9.65853e-10 
8.75e-09 9.6014e-10 
8.8e-09 9.54502e-10 
8.85e-09 9.48936e-10 
8.9e-09 9.43442e-10 
8.95e-09 9.38017e-10 
9e-09 9.3266e-10 
9.05e-09 9.27369e-10 
9.1e-09 9.22144e-10 
9.15e-09 9.16982e-10 
9.2e-09 9.11883e-10 
9.25e-09 9.06845e-10 
9.3e-09 9.01868e-10 
9.35e-09 8.96949e-10 
9.4e-09 8.92087e-10 
9.45e-09 8.87282e-10 
9.5e-09 8.82532e-10 
9.55e-09 8.77837e-10 
9.6e-09 8.73195e-10 
9.65e-09 8.68605e-10 
9.7e-09 8.64066e-10 
9.75e-09 8.59578e-10 
9.8e-09 8.55139e-10 
9.85e-09 8.50748e-10 
9.9e-09 8.46405e-10 
9.95e-09 8.42109e-10 
1e-08 8.37858e-10 
