0 0 
5e-11 9e-19 
1e-10 1.7e-18 
1.5e-10 1.3e-18 
2e-10 6e-19 
2.5e-10 1.9e-18 
3e-10 3.9e-18 
3.5e-10 4.1e-18 
4e-10 5e-18 
4.5e-10 5.8e-18 
5e-10 1e-19 
5.5e-10 5.5e-18 
6e-10 1.3e-18 
6.5e-10 1.5e-18 
7e-10 2.4e-18 
7.5e-10 1.6e-18 
8e-10 2.3e-18 
8.5e-10 1e-18 
9e-10 8e-19 
9.5e-10 1.1e-18 
1e-09 1.2e-18 
1.05e-09 5.5e-18 
1.1e-09 8e-19 
1.15e-09 1.2e-18 
1.2e-09 2.2e-18 
1.25e-09 2e-18 
1.3e-09 1.8e-18 
1.35e-09 1.1e-18 
1.4e-09 1e-18 
1.45e-09 1.4e-18 
1.5e-09 6e-18 
1.55e-09 3e-19 
1.6e-09 3e-19 
1.65e-09 1.6e-18 
1.7e-09 2.4e-18 
1.75e-09 1.3e-18 
1.8e-09 1e-18 
1.85e-09 2.1e-18 
1.9e-09 2.6e-18 
1.95e-09 1.2e-18 
2e-09 1.26043e-07 
2.05e-09 2.50068e-07 
2.1e-09 1.84598e-07 
2.15e-09 1.44679e-07 
2.2e-09 1.18715e-07 
2.25e-09 1.00142e-07 
2.3e-09 8.57299e-08 
2.35e-09 7.38959e-08 
2.4e-09 6.38725e-08 
2.45e-09 5.52443e-08 
2.5e-09 4.779e-08 
2.55e-09 4.13483e-08 
2.6e-09 3.57944e-08 
2.65e-09 3.10228e-08 
2.7e-09 2.69403e-08 
2.75e-09 2.34623e-08 
2.8e-09 2.05116e-08 
2.85e-09 1.8017e-08 
2.9e-09 1.59129e-08 
2.95e-09 1.41395e-08 
3e-09 1.26431e-08 
3.05e-09 1.13763e-08 
3.1e-09 1.02986e-08 
3.15e-09 9.37614e-09 
3.2e-09 8.58132e-09 
3.25e-09 7.89182e-09 
3.3e-09 7.28984e-09 
3.35e-09 6.76117e-09 
3.4e-09 6.29441e-09 
3.45e-09 5.88038e-09 
3.5e-09 5.51157e-09 
3.55e-09 5.18181e-09 
3.6e-09 4.88598e-09 
3.65e-09 4.61977e-09 
3.7e-09 4.37955e-09 
3.75e-09 4.16219e-09 
3.8e-09 3.96503e-09 
3.85e-09 3.78576e-09 
3.9e-09 3.62237e-09 
3.95e-09 3.47311e-09 
4e-09 3.33645e-09 
4.05e-09 3.21104e-09 
4.1e-09 3.09571e-09 
4.15e-09 2.9894e-09 
4.2e-09 2.8912e-09 
4.25e-09 2.80029e-09 
4.3e-09 2.71596e-09 
4.35e-09 2.63756e-09 
4.4e-09 2.56453e-09 
4.45e-09 2.49636e-09 
4.5e-09 2.4326e-09 
4.55e-09 2.37285e-09 
4.6e-09 2.31676e-09 
4.65e-09 2.264e-09 
4.7e-09 2.21429e-09 
4.75e-09 2.16738e-09 
4.8e-09 2.12303e-09 
4.85e-09 2.08104e-09 
4.9e-09 2.04121e-09 
4.95e-09 2.00339e-09 
5e-09 1.96742e-09 
5.05e-09 1.93316e-09 
5.1e-09 1.90049e-09 
5.15e-09 1.86929e-09 
5.2e-09 1.83947e-09 
5.25e-09 1.81092e-09 
5.3e-09 1.78357e-09 
5.35e-09 1.75733e-09 
5.4e-09 1.73214e-09 
5.45e-09 1.70792e-09 
5.5e-09 1.68462e-09 
5.55e-09 1.66218e-09 
5.6e-09 1.64056e-09 
5.65e-09 1.61969e-09 
5.7e-09 1.59955e-09 
5.75e-09 1.58009e-09 
5.8e-09 1.56127e-09 
5.85e-09 1.54305e-09 
5.9e-09 1.52542e-09 
5.95e-09 1.50833e-09 
6e-09 1.49176e-09 
6.05e-09 1.47568e-09 
6.1e-09 1.46007e-09 
6.15e-09 1.4449e-09 
6.2e-09 1.43016e-09 
6.25e-09 1.41583e-09 
6.3e-09 1.40188e-09 
6.35e-09 1.3883e-09 
6.4e-09 1.37508e-09 
6.45e-09 1.36219e-09 
6.5e-09 1.34962e-09 
6.55e-09 1.33736e-09 
6.6e-09 1.3254e-09 
6.65e-09 1.31373e-09 
6.7e-09 1.30233e-09 
6.75e-09 1.29119e-09 
6.8e-09 1.2803e-09 
6.85e-09 1.26965e-09 
6.9e-09 1.25924e-09 
6.95e-09 1.24905e-09 
7e-09 1.23908e-09 
7.05e-09 1.22931e-09 
7.1e-09 1.21975e-09 
7.15e-09 1.21038e-09 
7.2e-09 1.2012e-09 
7.25e-09 1.1922e-09 
7.3e-09 1.18337e-09 
7.35e-09 1.17471e-09 
7.4e-09 1.16622e-09 
7.45e-09 1.15788e-09 
7.5e-09 1.1497e-09 
7.55e-09 1.14166e-09 
7.6e-09 1.13377e-09 
7.65e-09 1.12602e-09 
7.7e-09 1.1184e-09 
7.75e-09 1.11091e-09 
7.8e-09 1.10355e-09 
7.85e-09 1.09631e-09 
7.9e-09 1.08919e-09 
7.95e-09 1.08219e-09 
8e-09 1.0753e-09 
8.05e-09 1.06852e-09 
8.1e-09 1.06185e-09 
8.15e-09 1.05528e-09 
8.2e-09 1.04881e-09 
8.25e-09 1.04244e-09 
8.3e-09 1.03617e-09 
8.35e-09 1.02999e-09 
8.4e-09 1.0239e-09 
8.45e-09 1.01789e-09 
8.5e-09 1.01198e-09 
8.55e-09 1.00615e-09 
8.6e-09 1.0004e-09 
8.65e-09 9.94729e-10 
8.7e-09 9.89137e-10 
8.75e-09 9.83622e-10 
8.8e-09 9.78182e-10 
8.85e-09 9.72814e-10 
8.9e-09 9.67517e-10 
8.95e-09 9.62289e-10 
9e-09 9.57129e-10 
9.05e-09 9.52036e-10 
9.1e-09 9.47007e-10 
9.15e-09 9.42042e-10 
9.2e-09 9.37139e-10 
9.25e-09 9.32296e-10 
9.3e-09 9.27513e-10 
9.35e-09 9.22788e-10 
9.4e-09 9.18119e-10 
9.45e-09 9.13507e-10 
9.5e-09 9.08949e-10 
9.55e-09 9.04444e-10 
9.6e-09 8.99992e-10 
9.65e-09 8.95591e-10 
9.7e-09 8.91241e-10 
9.75e-09 8.8694e-10 
9.8e-09 8.82687e-10 
9.85e-09 8.78482e-10 
9.9e-09 8.74323e-10 
9.95e-09 8.70209e-10 
1e-08 8.66141e-10 
