0 0 
5e-11 3.17e-17 
1e-10 5.5e-18 
1.5e-10 3.2e-18 
2e-10 4.6e-18 
2.5e-10 5.3e-18 
3e-10 1.4e-18 
3.5e-10 1.5e-18 
4e-10 1e-18 
4.5e-10 1.8e-18 
5e-10 5.6e-18 
5.5e-10 3e-18 
6e-10 1.1e-18 
6.5e-10 2.4e-18 
7e-10 9e-19 
7.5e-10 2.9e-18 
8e-10 3.4e-18 
8.5e-10 9e-19 
9e-10 1e-18 
9.5e-10 1.6e-18 
1e-09 4.7e-18 
1.05e-09 8.5e-18 
1.1e-09 2.5e-18 
1.15e-09 2.5e-18 
1.2e-09 2.3e-18 
1.25e-09 2.4e-18 
1.3e-09 2e-18 
1.35e-09 1.8e-18 
1.4e-09 1.2e-18 
1.45e-09 2.4e-18 
1.5e-09 2.2e-18 
1.55e-09 8.3e-18 
1.6e-09 2.9e-18 
1.65e-09 2.7e-18 
1.7e-09 1.3e-18 
1.75e-09 1.8e-18 
1.8e-09 1.1e-18 
1.85e-09 4.4e-18 
1.9e-09 1.2e-18 
1.95e-09 1e-18 
2e-09 1.65306e-07 
2.05e-09 3.18272e-07 
2.1e-09 2.35437e-07 
2.15e-09 1.86935e-07 
2.2e-09 1.55747e-07 
2.25e-09 1.33315e-07 
2.3e-09 1.15648e-07 
2.35e-09 1.00865e-07 
2.4e-09 8.80582e-08 
2.45e-09 7.67835e-08 
2.5e-09 6.68179e-08 
2.55e-09 5.80217e-08 
2.6e-09 5.02977e-08 
2.65e-09 4.35537e-08 
2.7e-09 3.77011e-08 
2.75e-09 3.26527e-08 
2.8e-09 2.83239e-08 
2.85e-09 2.46332e-08 
2.9e-09 2.15035e-08 
2.95e-09 1.88622e-08 
3e-09 1.66413e-08 
3.05e-09 1.47772e-08 
3.1e-09 1.3212e-08 
3.15e-09 1.18937e-08 
3.2e-09 1.07774e-08 
3.25e-09 9.82514e-09 
3.3e-09 9.00599e-09 
3.35e-09 8.29526e-09 
3.4e-09 7.67349e-09 
3.45e-09 7.12548e-09 
3.5e-09 6.63941e-09 
3.55e-09 6.20599e-09 
3.6e-09 5.81785e-09 
3.65e-09 5.46902e-09 
3.7e-09 5.15459e-09 
3.75e-09 4.87046e-09 
3.8e-09 4.61316e-09 
3.85e-09 4.37969e-09 
3.9e-09 4.16745e-09 
3.95e-09 3.97418e-09 
4e-09 3.79788e-09 
4.05e-09 3.63679e-09 
4.1e-09 3.48933e-09 
4.15e-09 3.35413e-09 
4.2e-09 3.22994e-09 
4.25e-09 3.11565e-09 
4.3e-09 3.01028e-09 
4.35e-09 2.91295e-09 
4.4e-09 2.82288e-09 
4.45e-09 2.73937e-09 
4.5e-09 2.66179e-09 
4.55e-09 2.58958e-09 
4.6e-09 2.52225e-09 
4.65e-09 2.45934e-09 
4.7e-09 2.40047e-09 
4.75e-09 2.34527e-09 
4.8e-09 2.29342e-09 
4.85e-09 2.24463e-09 
4.9e-09 2.19865e-09 
4.95e-09 2.15525e-09 
5e-09 2.11422e-09 
5.05e-09 2.07536e-09 
5.1e-09 2.03852e-09 
5.15e-09 2.00353e-09 
5.2e-09 1.97026e-09 
5.25e-09 1.93858e-09 
5.3e-09 1.90838e-09 
5.35e-09 1.87955e-09 
5.4e-09 1.852e-09 
5.45e-09 1.82565e-09 
5.5e-09 1.80041e-09 
5.55e-09 1.77621e-09 
5.6e-09 1.75299e-09 
5.65e-09 1.73068e-09 
5.7e-09 1.70923e-09 
5.75e-09 1.68859e-09 
5.8e-09 1.66871e-09 
5.85e-09 1.64955e-09 
5.9e-09 1.63107e-09 
5.95e-09 1.61322e-09 
6e-09 1.59598e-09 
6.05e-09 1.57932e-09 
6.1e-09 1.56319e-09 
6.15e-09 1.54758e-09 
6.2e-09 1.53246e-09 
6.25e-09 1.5178e-09 
6.3e-09 1.50358e-09 
6.35e-09 1.48979e-09 
6.4e-09 1.47639e-09 
6.45e-09 1.46338e-09 
6.5e-09 1.45073e-09 
6.55e-09 1.43844e-09 
6.6e-09 1.42647e-09 
6.65e-09 1.41482e-09 
6.7e-09 1.40348e-09 
6.75e-09 1.39243e-09 
6.8e-09 1.38166e-09 
6.85e-09 1.37116e-09 
6.9e-09 1.36091e-09 
6.95e-09 1.35092e-09 
7e-09 1.34116e-09 
7.05e-09 1.33163e-09 
7.1e-09 1.32232e-09 
7.15e-09 1.31323e-09 
7.2e-09 1.30433e-09 
7.25e-09 1.29564e-09 
7.3e-09 1.28713e-09 
7.35e-09 1.27881e-09 
7.4e-09 1.27066e-09 
7.45e-09 1.26268e-09 
7.5e-09 1.25487e-09 
7.55e-09 1.24721e-09 
7.6e-09 1.23971e-09 
7.65e-09 1.23236e-09 
7.7e-09 1.22515e-09 
7.75e-09 1.21808e-09 
7.8e-09 1.21115e-09 
7.85e-09 1.20435e-09 
7.9e-09 1.19767e-09 
7.95e-09 1.19112e-09 
8e-09 1.18468e-09 
8.05e-09 1.17836e-09 
8.1e-09 1.17215e-09 
8.15e-09 1.16605e-09 
8.2e-09 1.16006e-09 
8.25e-09 1.15416e-09 
8.3e-09 1.14837e-09 
8.35e-09 1.14267e-09 
8.4e-09 1.13707e-09 
8.45e-09 1.13156e-09 
8.5e-09 1.12614e-09 
8.55e-09 1.12081e-09 
8.6e-09 1.11556e-09 
8.65e-09 1.11039e-09 
8.7e-09 1.1053e-09 
8.75e-09 1.10029e-09 
8.8e-09 1.09535e-09 
8.85e-09 1.09049e-09 
8.9e-09 1.0857e-09 
8.95e-09 1.08098e-09 
9e-09 1.07633e-09 
9.05e-09 1.07175e-09 
9.1e-09 1.06723e-09 
9.15e-09 1.06277e-09 
9.2e-09 1.05838e-09 
9.25e-09 1.05405e-09 
9.3e-09 1.04977e-09 
9.35e-09 1.04556e-09 
9.4e-09 1.0414e-09 
9.45e-09 1.0373e-09 
9.5e-09 1.03325e-09 
9.55e-09 1.02925e-09 
9.6e-09 1.02531e-09 
9.65e-09 1.02141e-09 
9.7e-09 1.01757e-09 
9.75e-09 1.01377e-09 
9.8e-09 1.01002e-09 
9.85e-09 1.00631e-09 
9.9e-09 1.00266e-09 
9.95e-09 9.99039e-10 
1e-08 9.95468e-10 
