0 0 
5e-11 5e-19 
1e-10 3.8e-18 
1.5e-10 1.3e-18 
2e-10 4.4e-18 
2.5e-10 4.3e-18 
3e-10 3.3e-18 
3.5e-10 3.1e-18 
4e-10 1.6e-18 
4.5e-10 3e-18 
5e-10 1.1e-18 
5.5e-10 5.3e-18 
6e-10 3.2e-18 
6.5e-10 3.7e-18 
7e-10 2.3e-18 
7.5e-10 1.3e-18 
8e-10 8e-19 
8.5e-10 1.9e-18 
9e-10 7e-19 
9.5e-10 1.1e-18 
1e-09 2.1e-18 
1.05e-09 6.9e-18 
1.1e-09 6e-19 
1.15e-09 4e-19 
1.2e-09 0 
1.25e-09 8e-19 
1.3e-09 1.3e-18 
1.35e-09 1.9e-18 
1.4e-09 1e-19 
1.45e-09 9e-19 
1.5e-09 5e-18 
1.55e-09 4.4e-18 
1.6e-09 3e-19 
1.65e-09 1.6e-18 
1.7e-09 1.1e-18 
1.75e-09 2.3e-18 
1.8e-09 4e-19 
1.85e-09 9e-19 
1.9e-09 5e-19 
1.95e-09 1.2e-18 
2e-09 1.40557e-07 
2.05e-09 2.75386e-07 
2.1e-09 2.03159e-07 
2.15e-09 1.59817e-07 
2.2e-09 1.31772e-07 
2.25e-09 1.1171e-07 
2.3e-09 9.60858e-08 
2.35e-09 8.31795e-08 
2.4e-09 7.21614e-08 
2.45e-09 6.26021e-08 
2.5e-09 5.42643e-08 
2.55e-09 4.70029e-08 
2.6e-09 4.06987e-08 
2.65e-09 3.52492e-08 
2.7e-09 3.05614e-08 
2.75e-09 2.6549e-08 
2.8e-09 2.31317e-08 
2.85e-09 2.02347e-08 
2.9e-09 1.77881e-08 
2.95e-09 1.57271e-08 
3e-09 1.39923e-08 
3.05e-09 1.25299e-08 
3.1e-09 1.12926e-08 
3.15e-09 1.024e-08 
3.2e-09 9.33839e-09 
3.25e-09 8.56051e-09 
3.3e-09 7.88435e-09 
3.35e-09 7.29251e-09 
3.4e-09 6.77125e-09 
3.45e-09 6.30963e-09 
3.5e-09 5.89889e-09 
3.55e-09 5.53194e-09 
3.6e-09 5.20294e-09 
3.65e-09 4.90705e-09 
3.7e-09 4.64019e-09 
3.75e-09 4.39889e-09 
3.8e-09 4.18021e-09 
3.85e-09 3.98156e-09 
3.9e-09 3.80073e-09 
3.95e-09 3.63577e-09 
4e-09 3.48497e-09 
4.05e-09 3.34684e-09 
4.1e-09 3.22005e-09 
4.15e-09 3.10343e-09 
4.2e-09 2.99595e-09 
4.25e-09 2.89667e-09 
4.3e-09 2.8048e-09 
4.35e-09 2.7196e-09 
4.4e-09 2.64043e-09 
4.45e-09 2.56672e-09 
4.5e-09 2.49796e-09 
4.55e-09 2.43368e-09 
4.6e-09 2.3735e-09 
4.65e-09 2.31703e-09 
4.7e-09 2.26396e-09 
4.75e-09 2.21399e-09 
4.8e-09 2.16687e-09 
4.85e-09 2.12236e-09 
4.9e-09 2.08025e-09 
4.95e-09 2.04035e-09 
5e-09 2.00248e-09 
5.05e-09 1.96649e-09 
5.1e-09 1.93225e-09 
5.15e-09 1.89962e-09 
5.2e-09 1.86848e-09 
5.25e-09 1.83875e-09 
5.3e-09 1.81031e-09 
5.35e-09 1.78307e-09 
5.4e-09 1.75698e-09 
5.45e-09 1.73193e-09 
5.5e-09 1.70788e-09 
5.55e-09 1.68476e-09 
5.6e-09 1.66251e-09 
5.65e-09 1.64108e-09 
5.7e-09 1.62043e-09 
5.75e-09 1.6005e-09 
5.8e-09 1.58126e-09 
5.85e-09 1.56268e-09 
5.9e-09 1.5447e-09 
5.95e-09 1.52731e-09 
6e-09 1.51047e-09 
6.05e-09 1.49415e-09 
6.1e-09 1.47833e-09 
6.15e-09 1.46298e-09 
6.2e-09 1.44808e-09 
6.25e-09 1.43361e-09 
6.3e-09 1.41955e-09 
6.35e-09 1.40588e-09 
6.4e-09 1.39257e-09 
6.45e-09 1.37963e-09 
6.5e-09 1.36702e-09 
6.55e-09 1.35474e-09 
6.6e-09 1.34276e-09 
6.65e-09 1.33109e-09 
6.7e-09 1.3197e-09 
6.75e-09 1.30858e-09 
6.8e-09 1.29773e-09 
6.85e-09 1.28713e-09 
6.9e-09 1.27678e-09 
6.95e-09 1.26665e-09 
7e-09 1.25675e-09 
7.05e-09 1.24707e-09 
7.1e-09 1.2376e-09 
7.15e-09 1.22832e-09 
7.2e-09 1.21924e-09 
7.25e-09 1.21035e-09 
7.3e-09 1.20164e-09 
7.35e-09 1.1931e-09 
7.4e-09 1.18473e-09 
7.45e-09 1.17652e-09 
7.5e-09 1.16847e-09 
7.55e-09 1.16058e-09 
7.6e-09 1.15283e-09 
7.65e-09 1.14522e-09 
7.7e-09 1.13775e-09 
7.75e-09 1.13041e-09 
7.8e-09 1.12321e-09 
7.85e-09 1.11613e-09 
7.9e-09 1.10917e-09 
7.95e-09 1.10233e-09 
8e-09 1.0956e-09 
8.05e-09 1.08899e-09 
8.1e-09 1.08249e-09 
8.15e-09 1.07609e-09 
8.2e-09 1.06979e-09 
8.25e-09 1.06359e-09 
8.3e-09 1.05749e-09 
8.35e-09 1.05149e-09 
8.4e-09 1.04558e-09 
8.45e-09 1.03975e-09 
8.5e-09 1.03401e-09 
8.55e-09 1.02836e-09 
8.6e-09 1.02279e-09 
8.65e-09 1.0173e-09 
8.7e-09 1.01189e-09 
8.75e-09 1.00656e-09 
8.8e-09 1.0013e-09 
8.85e-09 9.96121e-10 
8.9e-09 9.91006e-10 
8.95e-09 9.85961e-10 
9e-09 9.80984e-10 
9.05e-09 9.76073e-10 
9.1e-09 9.71227e-10 
9.15e-09 9.66445e-10 
9.2e-09 9.61724e-10 
9.25e-09 9.57063e-10 
9.3e-09 9.52462e-10 
9.35e-09 9.47918e-10 
9.4e-09 9.43431e-10 
9.45e-09 9.39e-10 
9.5e-09 9.34622e-10 
9.55e-09 9.30298e-10 
9.6e-09 9.26025e-10 
9.65e-09 9.21804e-10 
9.7e-09 9.17632e-10 
9.75e-09 9.13509e-10 
9.8e-09 9.09433e-10 
9.85e-09 9.05405e-10 
9.9e-09 9.01422e-10 
9.95e-09 8.97485e-10 
1e-08 8.93591e-10 
