0 0 
5e-11 6.1e-18 
1e-10 5.8e-18 
1.5e-10 1e-18 
2e-10 4.7e-18 
2.5e-10 2.4e-18 
3e-10 5e-19 
3.5e-10 1.3e-18 
4e-10 2e-19 
4.5e-10 5e-19 
5e-10 9e-19 
5.5e-10 5.3e-18 
6e-10 7e-19 
6.5e-10 2e-19 
7e-10 1.4e-18 
7.5e-10 0 
8e-10 1.8e-18 
8.5e-10 9e-19 
9e-10 1.6e-18 
9.5e-10 1.3e-18 
1e-09 1.7e-18 
1.05e-09 5.6e-18 
1.1e-09 1e-19 
1.15e-09 8e-19 
1.2e-09 1.1e-18 
1.25e-09 2.8e-18 
1.3e-09 2.9e-18 
1.35e-09 1.4e-18 
1.4e-09 1.3e-18 
1.45e-09 1.1e-18 
1.5e-09 4.3e-18 
1.55e-09 4.3e-18 
1.6e-09 1.2e-18 
1.65e-09 5e-19 
1.7e-09 3e-19 
1.75e-09 2.3e-18 
1.8e-09 2.3e-18 
1.85e-09 2e-19 
1.9e-09 6e-19 
1.95e-09 0 
2e-09 6.58098e-08 
2.05e-09 1.43175e-07 
2.1e-09 1.09797e-07 
2.15e-09 8.76964e-08 
2.2e-09 7.25501e-08 
2.25e-09 6.14057e-08 
2.3e-09 5.2667e-08 
2.35e-09 4.55969e-08 
2.4e-09 3.97618e-08 
2.45e-09 3.4897e-08 
2.5e-09 3.08206e-08 
2.55e-09 2.73966e-08 
2.6e-09 2.45172e-08 
2.65e-09 2.20932e-08 
2.7e-09 2.00492e-08 
2.75e-09 1.83212e-08 
2.8e-09 1.6855e-08 
2.85e-09 1.5605e-08 
2.9e-09 1.45335e-08 
2.95e-09 1.36096e-08 
3e-09 1.28079e-08 
3.05e-09 1.21078e-08 
3.1e-09 1.14926e-08 
3.15e-09 1.09484e-08 
3.2e-09 1.04642e-08 
3.25e-09 1.00309e-08 
3.3e-09 9.64071e-09 
3.35e-09 9.2876e-09 
3.4e-09 8.96634e-09 
3.45e-09 8.67258e-09 
3.5e-09 8.4027e-09 
3.55e-09 8.15365e-09 
3.6e-09 7.92285e-09 
3.65e-09 7.70808e-09 
3.7e-09 7.5075e-09 
3.75e-09 7.31948e-09 
3.8e-09 7.14266e-09 
3.85e-09 6.97585e-09 
3.9e-09 6.81803e-09 
3.95e-09 6.66831e-09 
4e-09 6.52591e-09 
4.05e-09 6.39016e-09 
4.1e-09 6.26048e-09 
4.15e-09 6.13633e-09 
4.2e-09 6.01726e-09 
4.25e-09 5.90288e-09 
4.3e-09 5.79281e-09 
4.35e-09 5.68675e-09 
4.4e-09 5.58442e-09 
4.45e-09 5.48555e-09 
4.5e-09 5.38992e-09 
4.55e-09 5.29733e-09 
4.6e-09 5.2076e-09 
4.65e-09 5.12055e-09 
4.7e-09 5.03604e-09 
4.75e-09 4.95393e-09 
4.8e-09 4.8741e-09 
4.85e-09 4.79643e-09 
4.9e-09 4.72081e-09 
4.95e-09 4.64715e-09 
5e-09 4.57537e-09 
5.05e-09 4.50538e-09 
5.1e-09 4.4371e-09 
5.15e-09 4.37046e-09 
5.2e-09 4.30541e-09 
5.25e-09 4.24187e-09 
5.3e-09 4.17979e-09 
5.35e-09 4.11912e-09 
5.4e-09 4.05981e-09 
5.45e-09 4.00181e-09 
5.5e-09 3.94507e-09 
5.55e-09 3.88956e-09 
5.6e-09 3.83523e-09 
5.65e-09 3.78205e-09 
5.7e-09 3.72999e-09 
5.75e-09 3.679e-09 
5.8e-09 3.62906e-09 
5.85e-09 3.58013e-09 
5.9e-09 3.5322e-09 
5.95e-09 3.48522e-09 
6e-09 3.43918e-09 
6.05e-09 3.39404e-09 
6.1e-09 3.34979e-09 
6.15e-09 3.3064e-09 
6.2e-09 3.26384e-09 
6.25e-09 3.22211e-09 
6.3e-09 3.18117e-09 
6.35e-09 3.141e-09 
6.4e-09 3.10159e-09 
6.45e-09 3.06292e-09 
6.5e-09 3.02498e-09 
6.55e-09 2.98773e-09 
6.6e-09 2.95118e-09 
6.65e-09 2.91529e-09 
6.7e-09 2.88006e-09 
6.75e-09 2.84547e-09 
6.8e-09 2.81151e-09 
6.85e-09 2.77815e-09 
6.9e-09 2.7454e-09 
6.95e-09 2.71323e-09 
7e-09 2.68164e-09 
7.05e-09 2.6506e-09 
7.1e-09 2.62011e-09 
7.15e-09 2.59016e-09 
7.2e-09 2.56073e-09 
7.25e-09 2.53181e-09 
7.3e-09 2.5034e-09 
7.35e-09 2.47548e-09 
7.4e-09 2.44804e-09 
7.45e-09 2.42107e-09 
7.5e-09 2.39457e-09 
7.55e-09 2.36851e-09 
7.6e-09 2.3429e-09 
7.65e-09 2.31772e-09 
7.7e-09 2.29297e-09 
7.75e-09 2.26863e-09 
7.8e-09 2.24471e-09 
7.85e-09 2.22118e-09 
7.9e-09 2.19804e-09 
7.95e-09 2.17529e-09 
8e-09 2.15292e-09 
8.05e-09 2.13091e-09 
8.1e-09 2.10927e-09 
8.15e-09 2.08798e-09 
8.2e-09 2.06704e-09 
8.25e-09 2.04645e-09 
8.3e-09 2.02618e-09 
8.35e-09 2.00625e-09 
8.4e-09 1.98663e-09 
8.45e-09 1.96734e-09 
8.5e-09 1.94835e-09 
8.55e-09 1.92966e-09 
8.6e-09 1.91128e-09 
8.65e-09 1.89318e-09 
8.7e-09 1.87538e-09 
8.75e-09 1.85785e-09 
8.8e-09 1.8406e-09 
8.85e-09 1.82362e-09 
8.9e-09 1.80691e-09 
8.95e-09 1.79046e-09 
9e-09 1.77426e-09 
9.05e-09 1.75832e-09 
9.1e-09 1.74262e-09 
9.15e-09 1.72717e-09 
9.2e-09 1.71195e-09 
9.25e-09 1.69697e-09 
9.3e-09 1.68221e-09 
9.35e-09 1.66768e-09 
9.4e-09 1.65337e-09 
9.45e-09 1.63928e-09 
9.5e-09 1.62539e-09 
9.55e-09 1.61172e-09 
9.6e-09 1.59826e-09 
9.65e-09 1.58499e-09 
9.7e-09 1.57192e-09 
9.75e-09 1.55905e-09 
9.8e-09 1.54636e-09 
9.85e-09 1.53387e-09 
9.9e-09 1.52156e-09 
9.95e-09 1.50943e-09 
1e-08 1.49747e-09 
