0 0 
2e-10 1.2e-18 
4e-10 9e-19 
6e-10 2e-19 
8e-10 1e-18 
1e-09 1.3e-18 
1.2e-09 1e-19 
1.4e-09 5e-19 
1.6e-09 4e-19 
1.8e-09 1e-19 
2e-09 4.01906e-08 
2.2e-09 7.61359e-08 
2.4e-09 5.46625e-08 
2.6e-09 3.07213e-08 
2.8e-09 1.97907e-08 
3e-09 1.41945e-08 
3.2e-09 1.11913e-08 
3.4e-09 9.39591e-09 
3.6e-09 8.20785e-09 
3.8e-09 7.34195e-09 
4e-09 6.6745e-09 
4.2e-09 6.13374e-09 
4.4e-09 5.67932e-09 
4.6e-09 5.28757e-09 
4.8e-09 4.94254e-09 
5e-09 4.63489e-09 
5.2e-09 4.35777e-09 
5.4e-09 4.10628e-09 
5.6e-09 3.87681e-09 
5.8e-09 3.66637e-09 
6e-09 3.47277e-09 
6.2e-09 3.29417e-09 
6.4e-09 3.12902e-09 
6.6e-09 2.97605e-09 
6.8e-09 2.83405e-09 
7e-09 2.70208e-09 
7.2e-09 2.57926e-09 
7.4e-09 2.46484e-09 
7.6e-09 2.35813e-09 
7.8e-09 2.25849e-09 
8e-09 2.16538e-09 
8.2e-09 2.07829e-09 
8.4e-09 1.99676e-09 
8.6e-09 1.92039e-09 
8.8e-09 1.84877e-09 
9e-09 1.78156e-09 
9.2e-09 1.71845e-09 
9.4e-09 1.65913e-09 
9.6e-09 1.60334e-09 
9.8e-09 1.55082e-09 
1e-08 1.50134e-09 
