0 0 
5e-11 1.925e-28 
1e-10 4.375e-28 
1.5e-10 5.6e-28 
2e-10 7.025e-28 
2.5e-10 8.225e-28 
3e-10 9.05e-28 
3.5e-10 9.5e-28 
4e-10 1.0025e-27 
4.5e-10 1.0675e-27 
5e-10 1.1425e-27 
5.5e-10 1.3825e-27 
6e-10 1.59e-27 
6.5e-10 1.62e-27 
7e-10 1.655e-27 
7.5e-10 1.6825e-27 
8e-10 1.725e-27 
8.5e-10 1.7975e-27 
9e-10 1.83e-27 
9.5e-10 1.8425e-27 
1e-09 1.9275e-27 
1.05e-09 2.11e-27 
1.1e-09 2.2625e-27 
1.15e-09 2.3275e-27 
1.2e-09 2.3525e-27 
1.25e-09 2.3625e-27 
1.3e-09 2.3775e-27 
1.35e-09 2.45e-27 
1.4e-09 2.5575e-27 
1.45e-09 2.6e-27 
1.5e-09 2.6725e-27 
1.55e-09 2.85e-27 
1.6e-09 2.99e-27 
1.65e-09 3.0875e-27 
1.7e-09 3.19e-27 
1.75e-09 3.235e-27 
1.8e-09 3.2625e-27 
1.85e-09 3.3e-27 
1.9e-09 3.33e-27 
1.95e-09 3.41e-27 
2e-09 1.11426e-18 
2.05e-09 4.80974e-18 
2.1e-09 9.44814e-18 
2.15e-09 1.31939e-17 
2.2e-09 1.63067e-17 
2.25e-09 1.89533e-17 
2.3e-09 2.12376e-17 
2.35e-09 2.32313e-17 
2.4e-09 2.49869e-17 
2.45e-09 2.65449e-17 
2.5e-09 2.79379e-17 
2.55e-09 2.91923e-17 
2.6e-09 3.033e-17 
2.65e-09 3.13687e-17 
2.7e-09 3.23232e-17 
2.75e-09 3.32056e-17 
2.8e-09 3.40261e-17 
2.85e-09 3.47928e-17 
2.9e-09 3.55127e-17 
2.95e-09 3.61913e-17 
3e-09 3.68336e-17 
3.05e-09 3.74433e-17 
3.1e-09 3.8024e-17 
3.15e-09 3.85785e-17 
3.2e-09 3.91091e-17 
3.25e-09 3.9618e-17 
3.3e-09 4.01069e-17 
3.35e-09 4.05774e-17 
3.4e-09 4.10309e-17 
3.45e-09 4.14685e-17 
3.5e-09 4.18914e-17 
3.55e-09 4.23003e-17 
3.6e-09 4.26963e-17 
3.65e-09 4.30799e-17 
3.7e-09 4.34519e-17 
3.75e-09 4.38129e-17 
3.8e-09 4.41635e-17 
3.85e-09 4.45041e-17 
3.9e-09 4.48352e-17 
3.95e-09 4.51573e-17 
4e-09 4.54708e-17 
4.05e-09 4.5776e-17 
4.1e-09 4.60732e-17 
4.15e-09 4.63629e-17 
4.2e-09 4.66452e-17 
4.25e-09 4.69206e-17 
4.3e-09 4.71891e-17 
4.35e-09 4.74513e-17 
4.4e-09 4.77071e-17 
4.45e-09 4.79569e-17 
4.5e-09 4.8201e-17 
4.55e-09 4.84394e-17 
4.6e-09 4.86724e-17 
4.65e-09 4.89002e-17 
4.7e-09 4.9123e-17 
4.75e-09 4.93409e-17 
4.8e-09 4.95541e-17 
4.85e-09 4.97628e-17 
4.9e-09 4.99671e-17 
4.95e-09 5.01671e-17 
5e-09 5.0363e-17 
5.05e-09 5.05549e-17 
5.1e-09 5.07429e-17 
5.15e-09 5.09272e-17 
5.2e-09 5.11079e-17 
5.25e-09 5.12851e-17 
5.3e-09 5.14589e-17 
5.35e-09 5.16295e-17 
5.4e-09 5.17968e-17 
5.45e-09 5.1961e-17 
5.5e-09 5.21222e-17 
5.55e-09 5.22806e-17 
5.6e-09 5.24361e-17 
5.65e-09 5.25888e-17 
5.7e-09 5.27389e-17 
5.75e-09 5.28864e-17 
5.8e-09 5.30315e-17 
5.85e-09 5.3174e-17 
5.9e-09 5.33143e-17 
5.95e-09 5.34522e-17 
6e-09 5.35879e-17 
6.05e-09 5.37214e-17 
6.1e-09 5.38529e-17 
6.15e-09 5.39823e-17 
6.2e-09 5.41097e-17 
6.25e-09 5.42352e-17 
6.3e-09 5.43587e-17 
6.35e-09 5.44805e-17 
6.4e-09 5.46005e-17 
6.45e-09 5.47188e-17 
6.5e-09 5.48354e-17 
6.55e-09 5.49503e-17 
6.6e-09 5.50636e-17 
6.65e-09 5.51754e-17 
6.7e-09 5.52857e-17 
6.75e-09 5.53945e-17 
6.8e-09 5.55019e-17 
6.85e-09 5.56079e-17 
6.9e-09 5.57126e-17 
6.95e-09 5.58159e-17 
7e-09 5.59179e-17 
7.05e-09 5.60186e-17 
7.1e-09 5.61182e-17 
7.15e-09 5.62165e-17 
7.2e-09 5.63137e-17 
7.25e-09 5.64097e-17 
7.3e-09 5.65046e-17 
7.35e-09 5.65984e-17 
7.4e-09 5.66912e-17 
7.45e-09 5.67829e-17 
7.5e-09 5.68737e-17 
7.55e-09 5.69634e-17 
7.6e-09 5.70522e-17 
7.65e-09 5.71401e-17 
7.7e-09 5.7227e-17 
7.75e-09 5.73131e-17 
7.8e-09 5.73982e-17 
7.85e-09 5.74825e-17 
7.9e-09 5.7566e-17 
7.95e-09 5.76487e-17 
8e-09 5.77305e-17 
8.05e-09 5.78116e-17 
8.1e-09 5.78919e-17 
8.15e-09 5.79714e-17 
8.2e-09 5.80503e-17 
8.25e-09 5.81284e-17 
8.3e-09 5.82058e-17 
8.35e-09 5.82825e-17 
8.4e-09 5.83585e-17 
8.45e-09 5.84339e-17 
8.5e-09 5.85087e-17 
8.55e-09 5.85828e-17 
8.6e-09 5.86563e-17 
8.65e-09 5.87291e-17 
8.7e-09 5.88014e-17 
8.75e-09 5.88731e-17 
8.8e-09 5.89443e-17 
8.85e-09 5.90148e-17 
8.9e-09 5.90848e-17 
8.95e-09 5.91543e-17 
9e-09 5.92232e-17 
9.05e-09 5.92917e-17 
9.1e-09 5.93596e-17 
9.15e-09 5.9427e-17 
9.2e-09 5.94939e-17 
9.25e-09 5.95603e-17 
9.3e-09 5.96263e-17 
9.35e-09 5.96918e-17 
9.4e-09 5.97568e-17 
9.45e-09 5.98214e-17 
9.5e-09 5.98855e-17 
9.55e-09 5.99492e-17 
9.6e-09 6.00125e-17 
9.65e-09 6.00753e-17 
9.7e-09 6.01378e-17 
9.75e-09 6.01998e-17 
9.8e-09 6.02614e-17 
9.85e-09 6.03226e-17 
9.9e-09 6.03835e-17 
9.95e-09 6.04439e-17 
1e-08 6.0504e-17 
