0 0 
5e-11 2.825e-28 
1e-10 6.8e-28 
1.5e-10 8.325e-28 
2e-10 8.725e-28 
2.5e-10 9.425e-28 
3e-10 1.075e-27 
3.5e-10 1.24e-27 
4e-10 1.4075e-27 
4.5e-10 1.54e-27 
5e-10 1.7075e-27 
5.5e-10 1.94e-27 
6e-10 2.08e-27 
6.5e-10 2.1275e-27 
7e-10 2.215e-27 
7.5e-10 2.3175e-27 
8e-10 2.39e-27 
8.5e-10 2.4525e-27 
9e-10 2.5225e-27 
9.5e-10 2.565e-27 
1e-09 2.5975e-27 
1.05e-09 2.7575e-27 
1.1e-09 2.92e-27 
1.15e-09 3.01e-27 
1.2e-09 3.115e-27 
1.25e-09 3.1725e-27 
1.3e-09 3.2075e-27 
1.35e-09 3.24e-27 
1.4e-09 3.2825e-27 
1.45e-09 3.315e-27 
1.5e-09 3.425e-27 
1.55e-09 3.6275e-27 
1.6e-09 3.7425e-27 
1.65e-09 3.775e-27 
1.7e-09 3.8125e-27 
1.75e-09 3.835e-27 
1.8e-09 3.8775e-27 
1.85e-09 3.95e-27 
1.9e-09 3.995e-27 
1.95e-09 4.035e-27 
2e-09 2.54552e-18 
2.05e-09 1.02781e-17 
2.1e-09 1.93162e-17 
2.15e-09 2.61804e-17 
2.2e-09 3.16536e-17 
2.25e-09 3.61755e-17 
2.3e-09 3.99904e-17 
2.35e-09 4.32449e-17 
2.4e-09 4.60369e-17 
2.45e-09 4.84392e-17 
2.5e-09 5.05105e-17 
2.55e-09 5.22994e-17 
2.6e-09 5.38477e-17 
2.65e-09 5.51911e-17 
2.7e-09 5.63604e-17 
2.75e-09 5.73822e-17 
2.8e-09 5.82795e-17 
2.85e-09 5.90716e-17 
2.9e-09 5.97749e-17 
2.95e-09 6.04032e-17 
3e-09 6.09678e-17 
3.05e-09 6.14783e-17 
3.1e-09 6.19423e-17 
3.15e-09 6.23663e-17 
3.2e-09 6.27558e-17 
3.25e-09 6.31151e-17 
3.3e-09 6.3448e-17 
3.35e-09 6.37577e-17 
3.4e-09 6.40469e-17 
3.45e-09 6.43179e-17 
3.5e-09 6.45727e-17 
3.55e-09 6.4813e-17 
3.6e-09 6.50403e-17 
3.65e-09 6.52559e-17 
3.7e-09 6.54609e-17 
3.75e-09 6.56564e-17 
3.8e-09 6.58432e-17 
3.85e-09 6.60221e-17 
3.9e-09 6.61937e-17 
3.95e-09 6.63588e-17 
4e-09 6.65178e-17 
4.05e-09 6.66713e-17 
4.1e-09 6.68196e-17 
4.15e-09 6.69632e-17 
4.2e-09 6.71023e-17 
4.25e-09 6.72374e-17 
4.3e-09 6.73687e-17 
4.35e-09 6.74965e-17 
4.4e-09 6.76209e-17 
4.45e-09 6.77422e-17 
4.5e-09 6.78607e-17 
4.55e-09 6.79764e-17 
4.6e-09 6.80895e-17 
4.65e-09 6.82002e-17 
4.7e-09 6.83086e-17 
4.75e-09 6.84148e-17 
4.8e-09 6.8519e-17 
4.85e-09 6.86212e-17 
4.9e-09 6.87215e-17 
4.95e-09 6.88201e-17 
5e-09 6.89169e-17 
5.05e-09 6.90122e-17 
5.1e-09 6.91059e-17 
5.15e-09 6.91981e-17 
5.2e-09 6.92889e-17 
5.25e-09 6.93784e-17 
5.3e-09 6.94665e-17 
5.35e-09 6.95534e-17 
5.4e-09 6.96391e-17 
5.45e-09 6.97236e-17 
5.5e-09 6.98069e-17 
5.55e-09 6.98892e-17 
5.6e-09 6.99705e-17 
5.65e-09 7.00507e-17 
5.7e-09 7.01299e-17 
5.75e-09 7.02082e-17 
5.8e-09 7.02856e-17 
5.85e-09 7.03621e-17 
5.9e-09 7.04377e-17 
5.95e-09 7.05125e-17 
6e-09 7.05864e-17 
6.05e-09 7.06596e-17 
6.1e-09 7.0732e-17 
6.15e-09 7.08036e-17 
6.2e-09 7.08745e-17 
6.25e-09 7.09447e-17 
6.3e-09 7.10142e-17 
6.35e-09 7.10831e-17 
6.4e-09 7.11512e-17 
6.45e-09 7.12187e-17 
6.5e-09 7.12856e-17 
6.55e-09 7.13519e-17 
6.6e-09 7.14176e-17 
6.65e-09 7.14826e-17 
6.7e-09 7.15472e-17 
6.75e-09 7.16111e-17 
6.8e-09 7.16745e-17 
6.85e-09 7.17374e-17 
6.9e-09 7.17997e-17 
6.95e-09 7.18615e-17 
7e-09 7.19228e-17 
7.05e-09 7.19836e-17 
7.1e-09 7.20439e-17 
7.15e-09 7.21038e-17 
7.2e-09 7.21632e-17 
7.25e-09 7.22221e-17 
7.3e-09 7.22806e-17 
7.35e-09 7.23386e-17 
7.4e-09 7.23962e-17 
7.45e-09 7.24533e-17 
7.5e-09 7.25101e-17 
7.55e-09 7.25664e-17 
7.6e-09 7.26223e-17 
7.65e-09 7.26779e-17 
7.7e-09 7.2733e-17 
7.75e-09 7.27878e-17 
7.8e-09 7.28421e-17 
7.85e-09 7.28961e-17 
7.9e-09 7.29498e-17 
7.95e-09 7.3003e-17 
8e-09 7.30559e-17 
8.05e-09 7.31085e-17 
8.1e-09 7.31607e-17 
8.15e-09 7.32126e-17 
8.2e-09 7.32641e-17 
8.25e-09 7.33153e-17 
8.3e-09 7.33662e-17 
8.35e-09 7.34168e-17 
8.4e-09 7.3467e-17 
8.45e-09 7.3517e-17 
8.5e-09 7.35666e-17 
8.55e-09 7.36159e-17 
8.6e-09 7.36649e-17 
8.65e-09 7.37137e-17 
8.7e-09 7.37621e-17 
8.75e-09 7.38103e-17 
8.8e-09 7.38581e-17 
8.85e-09 7.39057e-17 
8.9e-09 7.3953e-17 
8.95e-09 7.4e-17 
9e-09 7.40468e-17 
9.05e-09 7.40933e-17 
9.1e-09 7.41396e-17 
9.15e-09 7.41855e-17 
9.2e-09 7.42313e-17 
9.25e-09 7.42767e-17 
9.3e-09 7.43219e-17 
9.35e-09 7.43669e-17 
9.4e-09 7.44116e-17 
9.45e-09 7.44561e-17 
9.5e-09 7.45004e-17 
9.55e-09 7.45444e-17 
9.6e-09 7.45882e-17 
9.65e-09 7.46317e-17 
9.7e-09 7.4675e-17 
9.75e-09 7.47181e-17 
9.8e-09 7.4761e-17 
9.85e-09 7.48036e-17 
9.9e-09 7.4846e-17 
9.95e-09 7.48883e-17 
1e-08 7.49303e-17 
