0 0 
5e-11 2.25e-28 
1e-10 5.6e-28 
1.5e-10 7.2e-28 
2e-10 8.725e-28 
2.5e-10 1.0775e-27 
3e-10 1.2025e-27 
3.5e-10 1.2725e-27 
4e-10 1.3325e-27 
4.5e-10 1.4325e-27 
5e-10 1.5225e-27 
5.5e-10 1.64e-27 
6e-10 1.79e-27 
6.5e-10 1.825e-27 
7e-10 1.83e-27 
7.5e-10 1.8675e-27 
8e-10 1.9175e-27 
8.5e-10 1.9625e-27 
9e-10 2.0175e-27 
9.5e-10 2.0925e-27 
1e-09 2.2025e-27 
1.05e-09 2.45e-27 
1.1e-09 2.66e-27 
1.15e-09 2.745e-27 
1.2e-09 2.805e-27 
1.25e-09 2.86e-27 
1.3e-09 2.9275e-27 
1.35e-09 2.9875e-27 
1.4e-09 3.07e-27 
1.45e-09 3.115e-27 
1.5e-09 3.2375e-27 
1.55e-09 3.4375e-27 
1.6e-09 3.5275e-27 
1.65e-09 3.545e-27 
1.7e-09 3.575e-27 
1.75e-09 3.5925e-27 
1.8e-09 3.63e-27 
1.85e-09 3.675e-27 
1.9e-09 3.7225e-27 
1.95e-09 3.775e-27 
2e-09 1.70116e-18 
2.05e-09 7.08385e-18 
2.1e-09 1.35799e-17 
2.15e-09 1.86374e-17 
2.2e-09 2.27328e-17 
2.25e-09 2.61511e-17 
2.3e-09 2.9058e-17 
2.35e-09 3.15585e-17 
2.4e-09 3.37271e-17 
2.45e-09 3.56202e-17 
2.5e-09 3.72831e-17 
2.55e-09 3.87526e-17 
2.6e-09 4.00596e-17 
2.65e-09 4.12298e-17 
2.7e-09 4.22848e-17 
2.75e-09 4.32426e-17 
2.8e-09 4.41182e-17 
2.85e-09 4.49241e-17 
2.9e-09 4.56704e-17 
2.95e-09 4.63657e-17 
3e-09 4.7017e-17 
3.05e-09 4.76302e-17 
3.1e-09 4.82099e-17 
3.15e-09 4.87604e-17 
3.2e-09 4.9285e-17 
3.25e-09 4.97865e-17 
3.3e-09 5.02675e-17 
3.35e-09 5.073e-17 
3.4e-09 5.11758e-17 
3.45e-09 5.16063e-17 
3.5e-09 5.2023e-17 
3.55e-09 5.2427e-17 
3.6e-09 5.28193e-17 
3.65e-09 5.32007e-17 
3.7e-09 5.35721e-17 
3.75e-09 5.39341e-17 
3.8e-09 5.42874e-17 
3.85e-09 5.46324e-17 
3.9e-09 5.49696e-17 
3.95e-09 5.52995e-17 
4e-09 5.56225e-17 
4.05e-09 5.59389e-17 
4.1e-09 5.62491e-17 
4.15e-09 5.65532e-17 
4.2e-09 5.68517e-17 
4.25e-09 5.71446e-17 
4.3e-09 5.74323e-17 
4.35e-09 5.7715e-17 
4.4e-09 5.79927e-17 
4.45e-09 5.82658e-17 
4.5e-09 5.85344e-17 
4.55e-09 5.87985e-17 
4.6e-09 5.90585e-17 
4.65e-09 5.93143e-17 
4.7e-09 5.95661e-17 
4.75e-09 5.9814e-17 
4.8e-09 6.00582e-17 
4.85e-09 6.02988e-17 
4.9e-09 6.05357e-17 
4.95e-09 6.07692e-17 
5e-09 6.09993e-17 
5.05e-09 6.12262e-17 
5.1e-09 6.14498e-17 
5.15e-09 6.16702e-17 
5.2e-09 6.18876e-17 
5.25e-09 6.2102e-17 
5.3e-09 6.23135e-17 
5.35e-09 6.25221e-17 
5.4e-09 6.2728e-17 
5.45e-09 6.2931e-17 
5.5e-09 6.31314e-17 
5.55e-09 6.33292e-17 
5.6e-09 6.35244e-17 
5.65e-09 6.37171e-17 
5.7e-09 6.39073e-17 
5.75e-09 6.40951e-17 
5.8e-09 6.42805e-17 
5.85e-09 6.44636e-17 
5.9e-09 6.46444e-17 
5.95e-09 6.4823e-17 
6e-09 6.49994e-17 
6.05e-09 6.51736e-17 
6.1e-09 6.53457e-17 
6.15e-09 6.55157e-17 
6.2e-09 6.56837e-17 
6.25e-09 6.58497e-17 
6.3e-09 6.60137e-17 
6.35e-09 6.61758e-17 
6.4e-09 6.63359e-17 
6.45e-09 6.64943e-17 
6.5e-09 6.66507e-17 
6.55e-09 6.68054e-17 
6.6e-09 6.69583e-17 
6.65e-09 6.71095e-17 
6.7e-09 6.7259e-17 
6.75e-09 6.74067e-17 
6.8e-09 6.75529e-17 
6.85e-09 6.76974e-17 
6.9e-09 6.78403e-17 
6.95e-09 6.79816e-17 
7e-09 6.81214e-17 
7.05e-09 6.82596e-17 
7.1e-09 6.83964e-17 
7.15e-09 6.85317e-17 
7.2e-09 6.86655e-17 
7.25e-09 6.87979e-17 
7.3e-09 6.8929e-17 
7.35e-09 6.90586e-17 
7.4e-09 6.91869e-17 
7.45e-09 6.93138e-17 
7.5e-09 6.94394e-17 
7.55e-09 6.95637e-17 
7.6e-09 6.96868e-17 
7.65e-09 6.98086e-17 
7.7e-09 6.99291e-17 
7.75e-09 7.00485e-17 
7.8e-09 7.01666e-17 
7.85e-09 7.02836e-17 
7.9e-09 7.03994e-17 
7.95e-09 7.0514e-17 
8e-09 7.06275e-17 
8.05e-09 7.07399e-17 
8.1e-09 7.08513e-17 
8.15e-09 7.09615e-17 
8.2e-09 7.10707e-17 
8.25e-09 7.11788e-17 
8.3e-09 7.1286e-17 
8.35e-09 7.1392e-17 
8.4e-09 7.14971e-17 
8.45e-09 7.16013e-17 
8.5e-09 7.17044e-17 
8.55e-09 7.18066e-17 
8.6e-09 7.19078e-17 
8.65e-09 7.20082e-17 
8.7e-09 7.21076e-17 
8.75e-09 7.22061e-17 
8.8e-09 7.23037e-17 
8.85e-09 7.24004e-17 
8.9e-09 7.24963e-17 
8.95e-09 7.25913e-17 
9e-09 7.26855e-17 
9.05e-09 7.27789e-17 
9.1e-09 7.28714e-17 
9.15e-09 7.29632e-17 
9.2e-09 7.30541e-17 
9.25e-09 7.31443e-17 
9.3e-09 7.32337e-17 
9.35e-09 7.33223e-17 
9.4e-09 7.34102e-17 
9.45e-09 7.34974e-17 
9.5e-09 7.35838e-17 
9.55e-09 7.36695e-17 
9.6e-09 7.37545e-17 
9.65e-09 7.38388e-17 
9.7e-09 7.39225e-17 
9.75e-09 7.40054e-17 
9.8e-09 7.40877e-17 
9.85e-09 7.41693e-17 
9.9e-09 7.42502e-17 
9.95e-09 7.43306e-17 
1e-08 7.44102e-17 
