0 0 
5e-11 2.65e-28 
1e-10 6.1e-28 
1.5e-10 6.95e-28 
2e-10 7.175e-28 
2.5e-10 7.375e-28 
3e-10 8.7e-28 
3.5e-10 1.0925e-27 
4e-10 1.3025e-27 
4.5e-10 1.495e-27 
5e-10 1.605e-27 
5.5e-10 1.7775e-27 
6e-10 2.005e-27 
6.5e-10 2.1125e-27 
7e-10 2.2e-27 
7.5e-10 2.2725e-27 
8e-10 2.3225e-27 
8.5e-10 2.41e-27 
9e-10 2.4575e-27 
9.5e-10 2.4875e-27 
1e-09 2.5725e-27 
1.05e-09 2.745e-27 
1.1e-09 2.92e-27 
1.15e-09 3.0625e-27 
1.2e-09 3.195e-27 
1.25e-09 3.3125e-27 
1.3e-09 3.4325e-27 
1.35e-09 3.535e-27 
1.4e-09 3.615e-27 
1.45e-09 3.7025e-27 
1.5e-09 3.925e-27 
1.55e-09 4.1325e-27 
1.6e-09 4.2225e-27 
1.65e-09 4.3275e-27 
1.7e-09 4.41e-27 
1.75e-09 4.4675e-27 
1.8e-09 4.53e-27 
1.85e-09 4.6425e-27 
1.9e-09 4.7675e-27 
1.95e-09 4.8475e-27 
2e-09 1.52742e-18 
2.05e-09 6.41736e-18 
2.1e-09 1.23766e-17 
2.15e-09 1.70571e-17 
2.2e-09 2.08714e-17 
2.25e-09 2.40712e-17 
2.3e-09 2.68039e-17 
2.35e-09 2.91648e-17 
2.4e-09 3.12221e-17 
2.45e-09 3.30281e-17 
2.5e-09 3.46242e-17 
2.55e-09 3.60445e-17 
2.6e-09 3.7317e-17 
2.65e-09 3.84653e-17 
2.7e-09 3.95086e-17 
2.75e-09 4.04632e-17 
2.8e-09 4.13424e-17 
2.85e-09 4.21573e-17 
2.9e-09 4.29169e-17 
2.95e-09 4.36287e-17 
3e-09 4.4299e-17 
3.05e-09 4.49329e-17 
3.1e-09 4.55348e-17 
3.15e-09 4.61082e-17 
3.2e-09 4.66561e-17 
3.25e-09 4.71813e-17 
3.3e-09 4.76858e-17 
3.35e-09 4.81716e-17 
3.4e-09 4.86402e-17 
3.45e-09 4.90931e-17 
3.5e-09 4.95314e-17 
3.55e-09 4.99563e-17 
3.6e-09 5.03687e-17 
3.65e-09 5.07693e-17 
3.7e-09 5.1159e-17 
3.75e-09 5.15383e-17 
3.8e-09 5.19079e-17 
3.85e-09 5.22682e-17 
3.9e-09 5.26198e-17 
3.95e-09 5.29631e-17 
4e-09 5.32984e-17 
4.05e-09 5.36261e-17 
4.1e-09 5.39466e-17 
4.15e-09 5.42601e-17 
4.2e-09 5.45669e-17 
4.25e-09 5.48672e-17 
4.3e-09 5.51614e-17 
4.35e-09 5.54496e-17 
4.4e-09 5.5732e-17 
4.45e-09 5.60089e-17 
4.5e-09 5.62804e-17 
4.55e-09 5.65466e-17 
4.6e-09 5.68079e-17 
4.65e-09 5.70642e-17 
4.7e-09 5.73157e-17 
4.75e-09 5.75627e-17 
4.8e-09 5.78051e-17 
4.85e-09 5.80433e-17 
4.9e-09 5.82772e-17 
4.95e-09 5.85069e-17 
5e-09 5.87327e-17 
5.05e-09 5.89546e-17 
5.1e-09 5.91727e-17 
5.15e-09 5.9387e-17 
5.2e-09 5.95978e-17 
5.25e-09 5.98051e-17 
5.3e-09 6.0009e-17 
5.35e-09 6.02095e-17 
5.4e-09 6.04067e-17 
5.45e-09 6.06008e-17 
5.5e-09 6.07918e-17 
5.55e-09 6.09798e-17 
5.6e-09 6.11648e-17 
5.65e-09 6.13469e-17 
5.7e-09 6.15262e-17 
5.75e-09 6.17027e-17 
5.8e-09 6.18766e-17 
5.85e-09 6.20478e-17 
5.9e-09 6.22165e-17 
5.95e-09 6.23827e-17 
6e-09 6.25464e-17 
6.05e-09 6.27077e-17 
6.1e-09 6.28667e-17 
6.15e-09 6.30234e-17 
6.2e-09 6.31778e-17 
6.25e-09 6.33301e-17 
6.3e-09 6.34802e-17 
6.35e-09 6.36282e-17 
6.4e-09 6.37742e-17 
6.45e-09 6.39181e-17 
6.5e-09 6.40601e-17 
6.55e-09 6.42002e-17 
6.6e-09 6.43384e-17 
6.65e-09 6.44747e-17 
6.7e-09 6.46092e-17 
6.75e-09 6.4742e-17 
6.8e-09 6.4873e-17 
6.85e-09 6.50024e-17 
6.9e-09 6.51301e-17 
6.95e-09 6.52561e-17 
7e-09 6.53806e-17 
7.05e-09 6.55035e-17 
7.1e-09 6.56249e-17 
7.15e-09 6.57448e-17 
7.2e-09 6.58632e-17 
7.25e-09 6.59802e-17 
7.3e-09 6.60958e-17 
7.35e-09 6.621e-17 
7.4e-09 6.63229e-17 
7.45e-09 6.64344e-17 
7.5e-09 6.65447e-17 
7.55e-09 6.66536e-17 
7.6e-09 6.67613e-17 
7.65e-09 6.68678e-17 
7.7e-09 6.69731e-17 
7.75e-09 6.70772e-17 
7.8e-09 6.71802e-17 
7.85e-09 6.7282e-17 
7.9e-09 6.73827e-17 
7.95e-09 6.74823e-17 
8e-09 6.75809e-17 
8.05e-09 6.76784e-17 
8.1e-09 6.77749e-17 
8.15e-09 6.78704e-17 
8.2e-09 6.79649e-17 
8.25e-09 6.80584e-17 
8.3e-09 6.81509e-17 
8.35e-09 6.82425e-17 
8.4e-09 6.83333e-17 
8.45e-09 6.84231e-17 
8.5e-09 6.8512e-17 
8.55e-09 6.86e-17 
8.6e-09 6.86872e-17 
8.65e-09 6.87736e-17 
8.7e-09 6.88591e-17 
8.75e-09 6.89439e-17 
8.8e-09 6.90278e-17 
8.85e-09 6.91109e-17 
8.9e-09 6.91933e-17 
8.95e-09 6.9275e-17 
9e-09 6.93559e-17 
9.05e-09 6.94361e-17 
9.1e-09 6.95155e-17 
9.15e-09 6.95943e-17 
9.2e-09 6.96723e-17 
9.25e-09 6.97497e-17 
9.3e-09 6.98265e-17 
9.35e-09 6.99025e-17 
9.4e-09 6.9978e-17 
9.45e-09 7.00528e-17 
9.5e-09 7.0127e-17 
9.55e-09 7.02005e-17 
9.6e-09 7.02735e-17 
9.65e-09 7.03459e-17 
9.7e-09 7.04177e-17 
9.75e-09 7.04889e-17 
9.8e-09 7.05595e-17 
9.85e-09 7.06297e-17 
9.9e-09 7.06992e-17 
9.95e-09 7.07682e-17 
1e-08 7.08367e-17 
