0 0 
2e-10 2.6e-28 
4e-10 5.2e-28 
6e-10 5.5e-28 
8e-10 6.9e-28 
1e-09 8.4e-28 
1.2e-09 9.7e-28 
1.4e-09 1.16e-27 
1.6e-09 1.34e-27 
1.8e-09 1.51e-27 
2e-09 2.92742e-18 
2.2e-09 1.15759e-17 
2.4e-09 2.16589e-17 
2.6e-09 2.86397e-17 
2.8e-09 3.30585e-17 
3e-09 3.62185e-17 
3.2e-09 3.86809e-17 
3.4e-09 4.07158e-17 
3.6e-09 4.24582e-17 
3.8e-09 4.39826e-17 
4e-09 4.53343e-17 
4.2e-09 4.65447e-17 
4.4e-09 4.76364e-17 
4.6e-09 4.86268e-17 
4.8e-09 4.95299e-17 
5e-09 5.0357e-17 
5.2e-09 5.11177e-17 
5.4e-09 5.182e-17 
5.6e-09 5.2471e-17 
5.8e-09 5.30765e-17 
6e-09 5.36417e-17 
6.2e-09 5.4171e-17 
6.4e-09 5.46684e-17 
6.6e-09 5.51372e-17 
6.8e-09 5.55805e-17 
7e-09 5.60006e-17 
7.2e-09 5.64001e-17 
7.4e-09 5.67808e-17 
7.6e-09 5.71445e-17 
7.8e-09 5.74928e-17 
8e-09 5.7827e-17 
8.2e-09 5.81485e-17 
8.4e-09 5.84582e-17 
8.6e-09 5.8757e-17 
8.8e-09 5.9046e-17 
9e-09 5.93258e-17 
9.2e-09 5.9597e-17 
9.4e-09 5.98604e-17 
9.6e-09 6.01165e-17 
9.8e-09 6.03657e-17 
1e-08 6.06084e-17 
