0 0 
5e-11 2.25e-29 
1e-10 8.75e-29 
1.5e-10 1.625e-28 
2e-10 2.1e-28 
2.5e-10 2.725e-28 
3e-10 4.175e-28 
3.5e-10 6.175e-28 
4e-10 8.45e-28 
4.5e-10 1.115e-27 
5e-10 1.2625e-27 
5.5e-10 1.4025e-27 
6e-10 1.5725e-27 
6.5e-10 1.6425e-27 
7e-10 1.74e-27 
7.5e-10 1.84e-27 
8e-10 1.9375e-27 
8.5e-10 2.02e-27 
9e-10 2.065e-27 
9.5e-10 2.1125e-27 
1e-09 2.17e-27 
1.05e-09 2.3375e-27 
1.1e-09 2.495e-27 
1.15e-09 2.545e-27 
1.2e-09 2.63e-27 
1.25e-09 2.735e-27 
1.3e-09 2.83e-27 
1.35e-09 2.9025e-27 
1.4e-09 2.955e-27 
1.45e-09 3.015e-27 
1.5e-09 3.2e-27 
1.55e-09 3.3575e-27 
1.6e-09 3.3725e-27 
1.65e-09 3.42e-27 
1.7e-09 3.52e-27 
1.75e-09 3.6125e-27 
1.8e-09 3.67e-27 
1.85e-09 3.7475e-27 
1.9e-09 3.865e-27 
1.95e-09 3.96e-27 
2e-09 3.15107e-18 
2.05e-09 1.25538e-17 
2.1e-09 2.34205e-17 
2.15e-09 3.16524e-17 
2.2e-09 3.82373e-17 
2.25e-09 4.37087e-17 
2.3e-09 4.83555e-17 
2.35e-09 5.23461e-17 
2.4e-09 5.57903e-17 
2.45e-09 5.87683e-17 
2.5e-09 6.13441e-17 
2.55e-09 6.35726e-17 
2.6e-09 6.55011e-17 
2.65e-09 6.71716e-17 
2.7e-09 6.86206e-17 
2.75e-09 6.98807e-17 
2.8e-09 7.098e-17 
2.85e-09 7.19433e-17 
2.9e-09 7.27915e-17 
2.95e-09 7.35428e-17 
3e-09 7.42124e-17 
3.05e-09 7.48129e-17 
3.1e-09 7.53547e-17 
3.15e-09 7.58466e-17 
3.2e-09 7.62955e-17 
3.25e-09 7.67074e-17 
3.3e-09 7.70869e-17 
3.35e-09 7.74382e-17 
3.4e-09 7.77646e-17 
3.45e-09 7.80689e-17 
3.5e-09 7.83537e-17 
3.55e-09 7.86211e-17 
3.6e-09 7.88728e-17 
3.65e-09 7.91104e-17 
3.7e-09 7.93354e-17 
3.75e-09 7.95489e-17 
3.8e-09 7.97521e-17 
3.85e-09 7.99459e-17 
3.9e-09 8.01311e-17 
3.95e-09 8.03085e-17 
4e-09 8.04787e-17 
4.05e-09 8.06424e-17 
4.1e-09 8.08001e-17 
4.15e-09 8.09522e-17 
4.2e-09 8.10992e-17 
4.25e-09 8.12415e-17 
4.3e-09 8.13794e-17 
4.35e-09 8.15132e-17 
4.4e-09 8.16433e-17 
4.45e-09 8.17698e-17 
4.5e-09 8.1893e-17 
4.55e-09 8.20132e-17 
4.6e-09 8.21304e-17 
4.65e-09 8.22449e-17 
4.7e-09 8.23569e-17 
4.75e-09 8.24664e-17 
4.8e-09 8.25737e-17 
4.85e-09 8.26788e-17 
4.9e-09 8.27819e-17 
4.95e-09 8.2883e-17 
5e-09 8.29822e-17 
5.05e-09 8.30798e-17 
5.1e-09 8.31756e-17 
5.15e-09 8.32698e-17 
5.2e-09 8.33626e-17 
5.25e-09 8.34538e-17 
5.3e-09 8.35437e-17 
5.35e-09 8.36322e-17 
5.4e-09 8.37194e-17 
5.45e-09 8.38054e-17 
5.5e-09 8.38903e-17 
5.55e-09 8.39739e-17 
5.6e-09 8.40565e-17 
5.65e-09 8.4138e-17 
5.7e-09 8.42185e-17 
5.75e-09 8.4298e-17 
5.8e-09 8.43765e-17 
5.85e-09 8.44541e-17 
5.9e-09 8.45308e-17 
5.95e-09 8.46067e-17 
6e-09 8.46817e-17 
6.05e-09 8.47559e-17 
6.1e-09 8.48293e-17 
6.15e-09 8.49019e-17 
6.2e-09 8.49738e-17 
6.25e-09 8.50449e-17 
6.3e-09 8.51153e-17 
6.35e-09 8.51851e-17 
6.4e-09 8.52542e-17 
6.45e-09 8.53226e-17 
6.5e-09 8.53904e-17 
6.55e-09 8.54576e-17 
6.6e-09 8.55242e-17 
6.65e-09 8.55901e-17 
6.7e-09 8.56555e-17 
6.75e-09 8.57204e-17 
6.8e-09 8.57847e-17 
6.85e-09 8.58484e-17 
6.9e-09 8.59116e-17 
6.95e-09 8.59743e-17 
7e-09 8.60365e-17 
7.05e-09 8.60983e-17 
7.1e-09 8.61595e-17 
7.15e-09 8.62202e-17 
7.2e-09 8.62805e-17 
7.25e-09 8.63404e-17 
7.3e-09 8.63997e-17 
7.35e-09 8.64587e-17 
7.4e-09 8.65172e-17 
7.45e-09 8.65753e-17 
7.5e-09 8.6633e-17 
7.55e-09 8.66903e-17 
7.6e-09 8.67472e-17 
7.65e-09 8.68037e-17 
7.7e-09 8.68598e-17 
7.75e-09 8.69155e-17 
7.8e-09 8.69709e-17 
7.85e-09 8.70259e-17 
7.9e-09 8.70805e-17 
7.95e-09 8.71348e-17 
8e-09 8.71887e-17 
8.05e-09 8.72423e-17 
8.1e-09 8.72956e-17 
8.15e-09 8.73485e-17 
8.2e-09 8.74011e-17 
8.25e-09 8.74534e-17 
8.3e-09 8.75054e-17 
8.35e-09 8.7557e-17 
8.4e-09 8.76084e-17 
8.45e-09 8.76594e-17 
8.5e-09 8.77102e-17 
8.55e-09 8.77606e-17 
8.6e-09 8.78108e-17 
8.65e-09 8.78607e-17 
8.7e-09 8.79103e-17 
8.75e-09 8.79596e-17 
8.8e-09 8.80086e-17 
8.85e-09 8.80574e-17 
8.9e-09 8.81059e-17 
8.95e-09 8.81541e-17 
9e-09 8.82021e-17 
9.05e-09 8.82499e-17 
9.1e-09 8.82973e-17 
9.15e-09 8.83446e-17 
9.2e-09 8.83915e-17 
9.25e-09 8.84383e-17 
9.3e-09 8.84848e-17 
9.35e-09 8.8531e-17 
9.4e-09 8.85771e-17 
9.45e-09 8.86228e-17 
9.5e-09 8.86684e-17 
9.55e-09 8.87137e-17 
9.6e-09 8.87589e-17 
9.65e-09 8.88037e-17 
9.7e-09 8.88484e-17 
9.75e-09 8.88929e-17 
9.8e-09 8.89371e-17 
9.85e-09 8.89811e-17 
9.9e-09 8.9025e-17 
9.95e-09 8.90686e-17 
1e-08 8.9112e-17 
