0 0 
5e-11 7.925e-28 
1e-10 1.7225e-27 
1.5e-10 1.94e-27 
2e-10 2.135e-27 
2.5e-10 2.3825e-27 
3e-10 2.55e-27 
3.5e-10 2.6225e-27 
4e-10 2.685e-27 
4.5e-10 2.755e-27 
5e-10 2.94e-27 
5.5e-10 3.155e-27 
6e-10 3.2575e-27 
6.5e-10 3.345e-27 
7e-10 3.4275e-27 
7.5e-10 3.5225e-27 
8e-10 3.68e-27 
8.5e-10 3.7875e-27 
9e-10 3.835e-27 
9.5e-10 3.9e-27 
1e-09 4.0575e-27 
1.05e-09 4.3875e-27 
1.1e-09 4.6625e-27 
1.15e-09 4.7875e-27 
1.2e-09 4.9075e-27 
1.25e-09 5.025e-27 
1.3e-09 5.135e-27 
1.35e-09 5.23e-27 
1.4e-09 5.305e-27 
1.45e-09 5.395e-27 
1.5e-09 5.51e-27 
1.55e-09 5.7725e-27 
1.6e-09 6.0525e-27 
1.65e-09 6.1925e-27 
1.7e-09 6.2925e-27 
1.75e-09 6.37e-27 
1.8e-09 6.4425e-27 
1.85e-09 6.58e-27 
1.9e-09 6.72e-27 
1.95e-09 6.775e-27 
2e-09 4.13265e-18 
2.05e-09 1.62221e-17 
2.1e-09 3.00648e-17 
2.15e-09 4.06241e-17 
2.2e-09 4.91912e-17 
2.25e-09 5.64177e-17 
2.3e-09 6.26418e-17 
2.35e-09 6.80546e-17 
2.4e-09 7.27777e-17 
2.45e-09 7.68987e-17 
2.5e-09 8.04888e-17 
2.55e-09 8.36098e-17 
2.6e-09 8.63177e-17 
2.65e-09 8.8664e-17 
2.7e-09 9.06954e-17 
2.75e-09 9.24542e-17 
2.8e-09 9.39787e-17 
2.85e-09 9.53026e-17 
2.9e-09 9.6456e-17 
2.95e-09 9.74652e-17 
3e-09 9.83527e-17 
3.05e-09 9.91382e-17 
3.1e-09 9.98379e-17 
3.15e-09 1.00466e-16 
3.2e-09 1.01032e-16 
3.25e-09 1.01547e-16 
3.3e-09 1.02018e-16 
3.35e-09 1.02451e-16 
3.4e-09 1.0285e-16 
3.45e-09 1.0322e-16 
3.5e-09 1.03564e-16 
3.55e-09 1.03885e-16 
3.6e-09 1.04186e-16 
3.65e-09 1.04468e-16 
3.7e-09 1.04734e-16 
3.75e-09 1.04984e-16 
3.8e-09 1.05221e-16 
3.85e-09 1.05446e-16 
3.9e-09 1.0566e-16 
3.95e-09 1.05863e-16 
4e-09 1.06058e-16 
4.05e-09 1.06243e-16 
4.1e-09 1.06422e-16 
4.15e-09 1.06593e-16 
4.2e-09 1.06757e-16 
4.25e-09 1.06916e-16 
4.3e-09 1.07069e-16 
4.35e-09 1.07217e-16 
4.4e-09 1.07361e-16 
4.45e-09 1.075e-16 
4.5e-09 1.07635e-16 
4.55e-09 1.07766e-16 
4.6e-09 1.07894e-16 
4.65e-09 1.08018e-16 
4.7e-09 1.0814e-16 
4.75e-09 1.08258e-16 
4.8e-09 1.08374e-16 
4.85e-09 1.08488e-16 
4.9e-09 1.08599e-16 
4.95e-09 1.08708e-16 
5e-09 1.08815e-16 
5.05e-09 1.08919e-16 
5.1e-09 1.09022e-16 
5.15e-09 1.09123e-16 
5.2e-09 1.09222e-16 
5.25e-09 1.0932e-16 
5.3e-09 1.09416e-16 
5.35e-09 1.09511e-16 
5.4e-09 1.09604e-16 
5.45e-09 1.09696e-16 
5.5e-09 1.09787e-16 
5.55e-09 1.09876e-16 
5.6e-09 1.09965e-16 
5.65e-09 1.10052e-16 
5.7e-09 1.10138e-16 
5.75e-09 1.10223e-16 
5.8e-09 1.10307e-16 
5.85e-09 1.1039e-16 
5.9e-09 1.10472e-16 
5.95e-09 1.10553e-16 
6e-09 1.10633e-16 
6.05e-09 1.10712e-16 
6.1e-09 1.10791e-16 
6.15e-09 1.10869e-16 
6.2e-09 1.10946e-16 
6.25e-09 1.11022e-16 
6.3e-09 1.11097e-16 
6.35e-09 1.11172e-16 
6.4e-09 1.11246e-16 
6.45e-09 1.1132e-16 
6.5e-09 1.11393e-16 
6.55e-09 1.11465e-16 
6.6e-09 1.11537e-16 
6.65e-09 1.11608e-16 
6.7e-09 1.11678e-16 
6.75e-09 1.11748e-16 
6.8e-09 1.11817e-16 
6.85e-09 1.11886e-16 
6.9e-09 1.11954e-16 
6.95e-09 1.12022e-16 
7e-09 1.1209e-16 
7.05e-09 1.12156e-16 
7.1e-09 1.12223e-16 
7.15e-09 1.12289e-16 
7.2e-09 1.12354e-16 
7.25e-09 1.12419e-16 
7.3e-09 1.12484e-16 
7.35e-09 1.12548e-16 
7.4e-09 1.12611e-16 
7.45e-09 1.12675e-16 
7.5e-09 1.12738e-16 
7.55e-09 1.128e-16 
7.6e-09 1.12862e-16 
7.65e-09 1.12924e-16 
7.7e-09 1.12986e-16 
7.75e-09 1.13047e-16 
7.8e-09 1.13108e-16 
7.85e-09 1.13168e-16 
7.9e-09 1.13228e-16 
7.95e-09 1.13288e-16 
8e-09 1.13347e-16 
8.05e-09 1.13406e-16 
8.1e-09 1.13465e-16 
8.15e-09 1.13523e-16 
8.2e-09 1.13582e-16 
8.25e-09 1.13639e-16 
8.3e-09 1.13697e-16 
8.35e-09 1.13754e-16 
8.4e-09 1.13811e-16 
8.45e-09 1.13868e-16 
8.5e-09 1.13924e-16 
8.55e-09 1.13981e-16 
8.6e-09 1.14036e-16 
8.65e-09 1.14092e-16 
8.7e-09 1.14147e-16 
8.75e-09 1.14203e-16 
8.8e-09 1.14258e-16 
8.85e-09 1.14312e-16 
8.9e-09 1.14367e-16 
8.95e-09 1.14421e-16 
9e-09 1.14475e-16 
9.05e-09 1.14528e-16 
9.1e-09 1.14582e-16 
9.15e-09 1.14635e-16 
9.2e-09 1.14688e-16 
9.25e-09 1.14741e-16 
9.3e-09 1.14794e-16 
9.35e-09 1.14846e-16 
9.4e-09 1.14898e-16 
9.45e-09 1.1495e-16 
9.5e-09 1.15002e-16 
9.55e-09 1.15053e-16 
9.6e-09 1.15105e-16 
9.65e-09 1.15156e-16 
9.7e-09 1.15207e-16 
9.75e-09 1.15258e-16 
9.8e-09 1.15308e-16 
9.85e-09 1.15359e-16 
9.9e-09 1.15409e-16 
9.95e-09 1.15459e-16 
1e-08 1.15509e-16 
