0 0 
5e-11 2.275e-28 
1e-10 4.7e-28 
1.5e-10 4.9e-28 
2e-10 5.1e-28 
2.5e-10 5.525e-28 
3e-10 6.725e-28 
3.5e-10 8.775e-28 
4e-10 1.0725e-27 
4.5e-10 1.2275e-27 
5e-10 1.3075e-27 
5.5e-10 1.45e-27 
6e-10 1.605e-27 
6.5e-10 1.655e-27 
7e-10 1.7475e-27 
7.5e-10 1.8225e-27 
8e-10 1.9125e-27 
8.5e-10 2.0825e-27 
9e-10 2.1975e-27 
9.5e-10 2.2425e-27 
1e-09 2.2825e-27 
1.05e-09 2.42e-27 
1.1e-09 2.575e-27 
1.15e-09 2.6375e-27 
1.2e-09 2.6875e-27 
1.25e-09 2.7675e-27 
1.3e-09 2.8525e-27 
1.35e-09 2.9125e-27 
1.4e-09 3.0225e-27 
1.45e-09 3.1525e-27 
1.5e-09 3.3575e-27 
1.55e-09 3.5375e-27 
1.6e-09 3.62e-27 
1.65e-09 3.6825e-27 
1.7e-09 3.72e-27 
1.75e-09 3.7875e-27 
1.8e-09 3.85e-27 
1.85e-09 3.8775e-27 
1.9e-09 3.9475e-27 
1.95e-09 4.0325e-27 
2e-09 2.35453e-18 
2.05e-09 9.55829e-18 
2.1e-09 1.80208e-17 
2.15e-09 2.44641e-17 
2.2e-09 2.96038e-17 
2.25e-09 3.38466e-17 
2.3e-09 3.74211e-17 
2.35e-09 4.04662e-17 
2.4e-09 4.30751e-17 
2.45e-09 4.53177e-17 
2.5e-09 4.72503e-17 
2.55e-09 4.89196e-17 
2.6e-09 5.03653e-17 
2.65e-09 5.1621e-17 
2.7e-09 5.27159e-17 
2.75e-09 5.36748e-17 
2.8e-09 5.45189e-17 
2.85e-09 5.52661e-17 
2.9e-09 5.59314e-17 
2.95e-09 5.65274e-17 
3e-09 5.70643e-17 
3.05e-09 5.7551e-17 
3.1e-09 5.79943e-17 
3.15e-09 5.84003e-17 
3.2e-09 5.8774e-17 
3.25e-09 5.91193e-17 
3.3e-09 5.94398e-17 
3.35e-09 5.97385e-17 
3.4e-09 6.00178e-17 
3.45e-09 6.028e-17 
3.5e-09 6.05269e-17 
3.55e-09 6.07601e-17 
3.6e-09 6.09809e-17 
3.65e-09 6.11907e-17 
3.7e-09 6.13905e-17 
3.75e-09 6.15812e-17 
3.8e-09 6.17637e-17 
3.85e-09 6.19387e-17 
3.9e-09 6.21068e-17 
3.95e-09 6.22687e-17 
4e-09 6.24247e-17 
4.05e-09 6.25755e-17 
4.1e-09 6.27213e-17 
4.15e-09 6.28627e-17 
4.2e-09 6.29998e-17 
4.25e-09 6.3133e-17 
4.3e-09 6.32625e-17 
4.35e-09 6.33887e-17 
4.4e-09 6.35116e-17 
4.45e-09 6.36316e-17 
4.5e-09 6.37488e-17 
4.55e-09 6.38633e-17 
4.6e-09 6.39753e-17 
4.65e-09 6.4085e-17 
4.7e-09 6.41925e-17 
4.75e-09 6.42978e-17 
4.8e-09 6.44012e-17 
4.85e-09 6.45026e-17 
4.9e-09 6.46023e-17 
4.95e-09 6.47002e-17 
5e-09 6.47964e-17 
5.05e-09 6.48911e-17 
5.1e-09 6.49842e-17 
5.15e-09 6.50759e-17 
5.2e-09 6.51663e-17 
5.25e-09 6.52553e-17 
5.3e-09 6.5343e-17 
5.35e-09 6.54294e-17 
5.4e-09 6.55147e-17 
5.45e-09 6.55988e-17 
5.5e-09 6.56819e-17 
5.55e-09 6.57638e-17 
5.6e-09 6.58447e-17 
5.65e-09 6.59247e-17 
5.7e-09 6.60036e-17 
5.75e-09 6.60816e-17 
5.8e-09 6.61587e-17 
5.85e-09 6.6235e-17 
5.9e-09 6.63103e-17 
5.95e-09 6.63849e-17 
6e-09 6.64586e-17 
6.05e-09 6.65315e-17 
6.1e-09 6.66037e-17 
6.15e-09 6.66751e-17 
6.2e-09 6.67458e-17 
6.25e-09 6.68158e-17 
6.3e-09 6.68851e-17 
6.35e-09 6.69537e-17 
6.4e-09 6.70217e-17 
6.45e-09 6.7089e-17 
6.5e-09 6.71557e-17 
6.55e-09 6.72218e-17 
6.6e-09 6.72873e-17 
6.65e-09 6.73522e-17 
6.7e-09 6.74165e-17 
6.75e-09 6.74803e-17 
6.8e-09 6.75435e-17 
6.85e-09 6.76062e-17 
6.9e-09 6.76683e-17 
6.95e-09 6.773e-17 
7e-09 6.77911e-17 
7.05e-09 6.78517e-17 
7.1e-09 6.79119e-17 
7.15e-09 6.79716e-17 
7.2e-09 6.80308e-17 
7.25e-09 6.80895e-17 
7.3e-09 6.81478e-17 
7.35e-09 6.82057e-17 
7.4e-09 6.82631e-17 
7.45e-09 6.832e-17 
7.5e-09 6.83766e-17 
7.55e-09 6.84328e-17 
7.6e-09 6.84885e-17 
7.65e-09 6.85439e-17 
7.7e-09 6.85988e-17 
7.75e-09 6.86534e-17 
7.8e-09 6.87076e-17 
7.85e-09 6.87614e-17 
7.9e-09 6.88148e-17 
7.95e-09 6.88679e-17 
8e-09 6.89206e-17 
8.05e-09 6.8973e-17 
8.1e-09 6.9025e-17 
8.15e-09 6.90767e-17 
8.2e-09 6.9128e-17 
8.25e-09 6.9179e-17 
8.3e-09 6.92297e-17 
8.35e-09 6.928e-17 
8.4e-09 6.93301e-17 
8.45e-09 6.93798e-17 
8.5e-09 6.94292e-17 
8.55e-09 6.94783e-17 
8.6e-09 6.95272e-17 
8.65e-09 6.95757e-17 
8.7e-09 6.96239e-17 
8.75e-09 6.96718e-17 
8.8e-09 6.97195e-17 
8.85e-09 6.97668e-17 
8.9e-09 6.98139e-17 
8.95e-09 6.98607e-17 
9e-09 6.99073e-17 
9.05e-09 6.99535e-17 
9.1e-09 6.99995e-17 
9.15e-09 7.00453e-17 
9.2e-09 7.00908e-17 
9.25e-09 7.0136e-17 
9.3e-09 7.0181e-17 
9.35e-09 7.02257e-17 
9.4e-09 7.02702e-17 
9.45e-09 7.03144e-17 
9.5e-09 7.03584e-17 
9.55e-09 7.04022e-17 
9.6e-09 7.04457e-17 
9.65e-09 7.0489e-17 
9.7e-09 7.05321e-17 
9.75e-09 7.05749e-17 
9.8e-09 7.06175e-17 
9.85e-09 7.06599e-17 
9.9e-09 7.07021e-17 
9.95e-09 7.0744e-17 
1e-08 7.07858e-17 
