0 0 
5e-11 2.2e-28 
1e-10 4.975e-28 
1.5e-10 6e-28 
2e-10 6.775e-28 
2.5e-10 7.425e-28 
3e-10 9e-28 
3.5e-10 1.095e-27 
4e-10 1.2275e-27 
4.5e-10 1.3575e-27 
5e-10 1.4525e-27 
5.5e-10 1.635e-27 
6e-10 1.9e-27 
6.5e-10 2.04e-27 
7e-10 2.095e-27 
7.5e-10 2.1725e-27 
8e-10 2.235e-27 
8.5e-10 2.2925e-27 
9e-10 2.4225e-27 
9.5e-10 2.5775e-27 
1e-09 2.6775e-27 
1.05e-09 2.8025e-27 
1.1e-09 2.9775e-27 
1.15e-09 3.1025e-27 
1.2e-09 3.16e-27 
1.25e-09 3.2475e-27 
1.3e-09 3.3375e-27 
1.35e-09 3.4075e-27 
1.4e-09 3.5125e-27 
1.45e-09 3.5975e-27 
1.5e-09 3.7925e-27 
1.55e-09 3.95e-27 
1.6e-09 4.0025e-27 
1.65e-09 4.1525e-27 
1.7e-09 4.2625e-27 
1.75e-09 4.3625e-27 
1.8e-09 4.4625e-27 
1.85e-09 4.5575e-27 
1.9e-09 4.6975e-27 
1.95e-09 4.7925e-27 
2e-09 3.97162e-18 
2.05e-09 1.56219e-17 
2.1e-09 2.89744e-17 
2.15e-09 3.91405e-17 
2.2e-09 4.73652e-17 
2.25e-09 5.42837e-17 
2.3e-09 6.02275e-17 
2.35e-09 6.53857e-17 
2.4e-09 6.98784e-17 
2.45e-09 7.37926e-17 
2.5e-09 7.71984e-17 
2.55e-09 8.01566e-17 
2.6e-09 8.27219e-17 
2.65e-09 8.49441e-17 
2.7e-09 8.68682e-17 
2.75e-09 8.8535e-17 
2.8e-09 8.99807e-17 
2.85e-09 9.12378e-17 
2.9e-09 9.23347e-17 
2.95e-09 9.32961e-17 
3e-09 9.41435e-17 
3.05e-09 9.4895e-17 
3.1e-09 9.55659e-17 
3.15e-09 9.61689e-17 
3.2e-09 9.67145e-17 
3.25e-09 9.72111e-17 
3.3e-09 9.76656e-17 
3.35e-09 9.80836e-17 
3.4e-09 9.84698e-17 
3.45e-09 9.88281e-17 
3.5e-09 9.91615e-17 
3.55e-09 9.94729e-17 
3.6e-09 9.97646e-17 
3.65e-09 1.00039e-16 
3.7e-09 1.00297e-16 
3.75e-09 1.0054e-16 
3.8e-09 1.00771e-16 
3.85e-09 1.0099e-16 
3.9e-09 1.01198e-16 
3.95e-09 1.01397e-16 
4e-09 1.01586e-16 
4.05e-09 1.01767e-16 
4.1e-09 1.01941e-16 
4.15e-09 1.02109e-16 
4.2e-09 1.0227e-16 
4.25e-09 1.02425e-16 
4.3e-09 1.02575e-16 
4.35e-09 1.0272e-16 
4.4e-09 1.0286e-16 
4.45e-09 1.02996e-16 
4.5e-09 1.03129e-16 
4.55e-09 1.03257e-16 
4.6e-09 1.03382e-16 
4.65e-09 1.03505e-16 
4.7e-09 1.03624e-16 
4.75e-09 1.0374e-16 
4.8e-09 1.03854e-16 
4.85e-09 1.03965e-16 
4.9e-09 1.04074e-16 
4.95e-09 1.04181e-16 
5e-09 1.04286e-16 
5.05e-09 1.04388e-16 
5.1e-09 1.04489e-16 
5.15e-09 1.04588e-16 
5.2e-09 1.04686e-16 
5.25e-09 1.04782e-16 
5.3e-09 1.04876e-16 
5.35e-09 1.04969e-16 
5.4e-09 1.0506e-16 
5.45e-09 1.0515e-16 
5.5e-09 1.05239e-16 
5.55e-09 1.05327e-16 
5.6e-09 1.05413e-16 
5.65e-09 1.05499e-16 
5.7e-09 1.05583e-16 
5.75e-09 1.05666e-16 
5.8e-09 1.05748e-16 
5.85e-09 1.05829e-16 
5.9e-09 1.0591e-16 
5.95e-09 1.05989e-16 
6e-09 1.06068e-16 
6.05e-09 1.06145e-16 
6.1e-09 1.06222e-16 
6.15e-09 1.06298e-16 
6.2e-09 1.06374e-16 
6.25e-09 1.06448e-16 
6.3e-09 1.06522e-16 
6.35e-09 1.06595e-16 
6.4e-09 1.06668e-16 
6.45e-09 1.06739e-16 
6.5e-09 1.06811e-16 
6.55e-09 1.06881e-16 
6.6e-09 1.06951e-16 
6.65e-09 1.0702e-16 
6.7e-09 1.07089e-16 
6.75e-09 1.07157e-16 
6.8e-09 1.07225e-16 
6.85e-09 1.07292e-16 
6.9e-09 1.07359e-16 
6.95e-09 1.07425e-16 
7e-09 1.07491e-16 
7.05e-09 1.07556e-16 
7.1e-09 1.0762e-16 
7.15e-09 1.07684e-16 
7.2e-09 1.07748e-16 
7.25e-09 1.07812e-16 
7.3e-09 1.07874e-16 
7.35e-09 1.07937e-16 
7.4e-09 1.07999e-16 
7.45e-09 1.0806e-16 
7.5e-09 1.08122e-16 
7.55e-09 1.08183e-16 
7.6e-09 1.08243e-16 
7.65e-09 1.08303e-16 
7.7e-09 1.08363e-16 
7.75e-09 1.08422e-16 
7.8e-09 1.08481e-16 
7.85e-09 1.0854e-16 
7.9e-09 1.08598e-16 
7.95e-09 1.08656e-16 
8e-09 1.08714e-16 
8.05e-09 1.08771e-16 
8.1e-09 1.08828e-16 
8.15e-09 1.08885e-16 
8.2e-09 1.08941e-16 
8.25e-09 1.08997e-16 
8.3e-09 1.09053e-16 
8.35e-09 1.09109e-16 
8.4e-09 1.09164e-16 
8.45e-09 1.09219e-16 
8.5e-09 1.09273e-16 
8.55e-09 1.09328e-16 
8.6e-09 1.09382e-16 
8.65e-09 1.09436e-16 
8.7e-09 1.09489e-16 
8.75e-09 1.09543e-16 
8.8e-09 1.09596e-16 
8.85e-09 1.09649e-16 
8.9e-09 1.09701e-16 
8.95e-09 1.09754e-16 
9e-09 1.09806e-16 
9.05e-09 1.09858e-16 
9.1e-09 1.09909e-16 
9.15e-09 1.09961e-16 
9.2e-09 1.10012e-16 
9.25e-09 1.10063e-16 
9.3e-09 1.10114e-16 
9.35e-09 1.10164e-16 
9.4e-09 1.10214e-16 
9.45e-09 1.10265e-16 
9.5e-09 1.10314e-16 
9.55e-09 1.10364e-16 
9.6e-09 1.10414e-16 
9.65e-09 1.10463e-16 
9.7e-09 1.10512e-16 
9.75e-09 1.10561e-16 
9.8e-09 1.1061e-16 
9.85e-09 1.10658e-16 
9.9e-09 1.10707e-16 
9.95e-09 1.10755e-16 
1e-08 1.10803e-16 
