0 0 
5e-11 1.25e-29 
1e-10 1.2e-28 
1.5e-10 2.475e-28 
2e-10 3.9e-28 
2.5e-10 6.075e-28 
3e-10 7.975e-28 
3.5e-10 9.575e-28 
4e-10 1.075e-27 
4.5e-10 1.19e-27 
5e-10 1.2925e-27 
5.5e-10 1.4525e-27 
6e-10 1.665e-27 
6.5e-10 1.8375e-27 
7e-10 1.9875e-27 
7.5e-10 2.0775e-27 
8e-10 2.13e-27 
8.5e-10 2.1975e-27 
9e-10 2.2625e-27 
9.5e-10 2.3075e-27 
1e-09 2.3875e-27 
1.05e-09 2.6125e-27 
1.1e-09 2.8e-27 
1.15e-09 2.825e-27 
1.2e-09 2.835e-27 
1.25e-09 2.855e-27 
1.3e-09 2.9075e-27 
1.35e-09 2.9875e-27 
1.4e-09 3.0375e-27 
1.45e-09 3.0625e-27 
1.5e-09 3.21e-27 
1.55e-09 3.445e-27 
1.6e-09 3.5625e-27 
1.65e-09 3.61e-27 
1.7e-09 3.6775e-27 
1.75e-09 3.7625e-27 
1.8e-09 3.83e-27 
1.85e-09 3.8625e-27 
1.9e-09 3.8975e-27 
1.95e-09 3.94e-27 
2e-09 3.51392e-18 
2.05e-09 1.39125e-17 
2.1e-09 2.58761e-17 
2.15e-09 3.49505e-17 
2.2e-09 4.22402e-17 
2.25e-09 4.83273e-17 
2.3e-09 5.35222e-17 
2.35e-09 5.80038e-17 
2.4e-09 6.18873e-17 
2.45e-09 6.52564e-17 
2.5e-09 6.81781e-17 
2.55e-09 7.07098e-17 
2.6e-09 7.29023e-17 
2.65e-09 7.4801e-17 
2.7e-09 7.64462e-17 
2.75e-09 7.7874e-17 
2.8e-09 7.9116e-17 
2.85e-09 8.02002e-17 
2.9e-09 8.11507e-17 
2.95e-09 8.19886e-17 
3e-09 8.27316e-17 
3.05e-09 8.33947e-17 
3.1e-09 8.39902e-17 
3.15e-09 8.45285e-17 
3.2e-09 8.5018e-17 
3.25e-09 8.54655e-17 
3.3e-09 8.58766e-17 
3.35e-09 8.6256e-17 
3.4e-09 8.66076e-17 
3.45e-09 8.69346e-17 
3.5e-09 8.72398e-17 
3.55e-09 8.75256e-17 
3.6e-09 8.7794e-17 
3.65e-09 8.80467e-17 
3.7e-09 8.82854e-17 
3.75e-09 8.85114e-17 
3.8e-09 8.87259e-17 
3.85e-09 8.89299e-17 
3.9e-09 8.91245e-17 
3.95e-09 8.93104e-17 
4e-09 8.94884e-17 
4.05e-09 8.96592e-17 
4.1e-09 8.98234e-17 
4.15e-09 8.99815e-17 
4.2e-09 9.01339e-17 
4.25e-09 9.02813e-17 
4.3e-09 9.04238e-17 
4.35e-09 9.05619e-17 
4.4e-09 9.06959e-17 
4.45e-09 9.08261e-17 
4.5e-09 9.09527e-17 
4.55e-09 9.1076e-17 
4.6e-09 9.11962e-17 
4.65e-09 9.13134e-17 
4.7e-09 9.1428e-17 
4.75e-09 9.15399e-17 
4.8e-09 9.16494e-17 
4.85e-09 9.17567e-17 
4.9e-09 9.18617e-17 
4.95e-09 9.19647e-17 
5e-09 9.20658e-17 
5.05e-09 9.2165e-17 
5.1e-09 9.22625e-17 
5.15e-09 9.23583e-17 
5.2e-09 9.24525e-17 
5.25e-09 9.25452e-17 
5.3e-09 9.26364e-17 
5.35e-09 9.27262e-17 
5.4e-09 9.28147e-17 
5.45e-09 9.2902e-17 
5.5e-09 9.2988e-17 
5.55e-09 9.30728e-17 
5.6e-09 9.31565e-17 
5.65e-09 9.32391e-17 
5.7e-09 9.33206e-17 
5.75e-09 9.34011e-17 
5.8e-09 9.34807e-17 
5.85e-09 9.35593e-17 
5.9e-09 9.36369e-17 
5.95e-09 9.37137e-17 
6e-09 9.37897e-17 
6.05e-09 9.38648e-17 
6.1e-09 9.39391e-17 
6.15e-09 9.40126e-17 
6.2e-09 9.40854e-17 
6.25e-09 9.41575e-17 
6.3e-09 9.42288e-17 
6.35e-09 9.42994e-17 
6.4e-09 9.43694e-17 
6.45e-09 9.44387e-17 
6.5e-09 9.45074e-17 
6.55e-09 9.45754e-17 
6.6e-09 9.46428e-17 
6.65e-09 9.47097e-17 
6.7e-09 9.4776e-17 
6.75e-09 9.48417e-17 
6.8e-09 9.49068e-17 
6.85e-09 9.49714e-17 
6.9e-09 9.50355e-17 
6.95e-09 9.50991e-17 
7e-09 9.51622e-17 
7.05e-09 9.52248e-17 
7.1e-09 9.52869e-17 
7.15e-09 9.53486e-17 
7.2e-09 9.54098e-17 
7.25e-09 9.54705e-17 
7.3e-09 9.55308e-17 
7.35e-09 9.55907e-17 
7.4e-09 9.56501e-17 
7.45e-09 9.57092e-17 
7.5e-09 9.57678e-17 
7.55e-09 9.5826e-17 
7.6e-09 9.58838e-17 
7.65e-09 9.59413e-17 
7.7e-09 9.59984e-17 
7.75e-09 9.60551e-17 
7.8e-09 9.61114e-17 
7.85e-09 9.61674e-17 
7.9e-09 9.6223e-17 
7.95e-09 9.62783e-17 
8e-09 9.63333e-17 
8.05e-09 9.63879e-17 
8.1e-09 9.64422e-17 
8.15e-09 9.64961e-17 
8.2e-09 9.65498e-17 
8.25e-09 9.66031e-17 
8.3e-09 9.66561e-17 
8.35e-09 9.67089e-17 
8.4e-09 9.67613e-17 
8.45e-09 9.68134e-17 
8.5e-09 9.68653e-17 
8.55e-09 9.69168e-17 
8.6e-09 9.69681e-17 
8.65e-09 9.70191e-17 
8.7e-09 9.70698e-17 
8.75e-09 9.71203e-17 
8.8e-09 9.71705e-17 
8.85e-09 9.72204e-17 
8.9e-09 9.72701e-17 
8.95e-09 9.73195e-17 
9e-09 9.73687e-17 
9.05e-09 9.74176e-17 
9.1e-09 9.74663e-17 
9.15e-09 9.75148e-17 
9.2e-09 9.7563e-17 
9.25e-09 9.76109e-17 
9.3e-09 9.76587e-17 
9.35e-09 9.77062e-17 
9.4e-09 9.77535e-17 
9.45e-09 9.78005e-17 
9.5e-09 9.78474e-17 
9.55e-09 9.7894e-17 
9.6e-09 9.79404e-17 
9.65e-09 9.79866e-17 
9.7e-09 9.80326e-17 
9.75e-09 9.80784e-17 
9.8e-09 9.81239e-17 
9.85e-09 9.81693e-17 
9.9e-09 9.82145e-17 
9.95e-09 9.82594e-17 
1e-08 9.83042e-17 
