0 0 
5e-11 2.775e-28 
1e-10 7.325e-28 
1.5e-10 1.005e-27 
2e-10 1.2875e-27 
2.5e-10 1.6375e-27 
3e-10 1.8225e-27 
3.5e-10 1.8525e-27 
4e-10 1.8625e-27 
4.5e-10 1.915e-27 
5e-10 2.115e-27 
5.5e-10 2.3175e-27 
6e-10 2.42e-27 
6.5e-10 2.51e-27 
7e-10 2.57e-27 
7.5e-10 2.64e-27 
8e-10 2.7675e-27 
8.5e-10 2.865e-27 
9e-10 2.9125e-27 
9.5e-10 2.965e-27 
1e-09 3.0925e-27 
1.05e-09 3.3475e-27 
1.1e-09 3.5325e-27 
1.15e-09 3.645e-27 
1.2e-09 3.78e-27 
1.25e-09 3.84e-27 
1.3e-09 3.8725e-27 
1.35e-09 3.935e-27 
1.4e-09 3.9725e-27 
1.45e-09 3.98e-27 
1.5e-09 4.0675e-27 
1.55e-09 4.255e-27 
1.6e-09 4.4075e-27 
1.65e-09 4.465e-27 
1.7e-09 4.5025e-27 
1.75e-09 4.5375e-27 
1.8e-09 4.5875e-27 
1.85e-09 4.6375e-27 
1.9e-09 4.7125e-27 
1.95e-09 4.8325e-27 
2e-09 1.75526e-18 
2.05e-09 7.29039e-18 
2.1e-09 1.39517e-17 
2.15e-09 1.91247e-17 
2.2e-09 2.33058e-17 
2.25e-09 2.67903e-17 
2.3e-09 2.97496e-17 
2.35e-09 3.22916e-17 
2.4e-09 3.44925e-17 
2.45e-09 3.64102e-17 
2.5e-09 3.80908e-17 
2.55e-09 3.95722e-17 
2.6e-09 4.08861e-17 
2.65e-09 4.20589e-17 
2.7e-09 4.3113e-17 
2.75e-09 4.40669e-17 
2.8e-09 4.49361e-17 
2.85e-09 4.57337e-17 
2.9e-09 4.64701e-17 
2.95e-09 4.71543e-17 
3e-09 4.77936e-17 
3.05e-09 4.83939e-17 
3.1e-09 4.89604e-17 
3.15e-09 4.94972e-17 
3.2e-09 5.00079e-17 
3.25e-09 5.04954e-17 
3.3e-09 5.09624e-17 
3.35e-09 5.14108e-17 
3.4e-09 5.18427e-17 
3.45e-09 5.22595e-17 
3.5e-09 5.26626e-17 
3.55e-09 5.30533e-17 
3.6e-09 5.34325e-17 
3.65e-09 5.38012e-17 
3.7e-09 5.41602e-17 
3.75e-09 5.45101e-17 
3.8e-09 5.48516e-17 
3.85e-09 5.51852e-17 
3.9e-09 5.55114e-17 
3.95e-09 5.58307e-17 
4e-09 5.61435e-17 
4.05e-09 5.645e-17 
4.1e-09 5.67506e-17 
4.15e-09 5.70456e-17 
4.2e-09 5.73353e-17 
4.25e-09 5.76199e-17 
4.3e-09 5.78996e-17 
4.35e-09 5.81747e-17 
4.4e-09 5.84452e-17 
4.45e-09 5.87114e-17 
4.5e-09 5.89734e-17 
4.55e-09 5.92314e-17 
4.6e-09 5.94855e-17 
4.65e-09 5.97358e-17 
4.7e-09 5.99824e-17 
4.75e-09 6.02256e-17 
4.8e-09 6.04652e-17 
4.85e-09 6.07016e-17 
4.9e-09 6.09346e-17 
4.95e-09 6.11646e-17 
5e-09 6.13914e-17 
5.05e-09 6.16152e-17 
5.1e-09 6.18361e-17 
5.15e-09 6.20541e-17 
5.2e-09 6.22694e-17 
5.25e-09 6.24819e-17 
5.3e-09 6.26917e-17 
5.35e-09 6.28989e-17 
5.4e-09 6.31036e-17 
5.45e-09 6.33057e-17 
5.5e-09 6.35054e-17 
5.55e-09 6.37027e-17 
5.6e-09 6.38977e-17 
5.65e-09 6.40903e-17 
5.7e-09 6.42807e-17 
5.75e-09 6.44689e-17 
5.8e-09 6.46549e-17 
5.85e-09 6.48387e-17 
5.9e-09 6.50205e-17 
5.95e-09 6.52002e-17 
6e-09 6.53779e-17 
6.05e-09 6.55536e-17 
6.1e-09 6.57273e-17 
6.15e-09 6.58991e-17 
6.2e-09 6.60691e-17 
6.25e-09 6.62371e-17 
6.3e-09 6.64034e-17 
6.35e-09 6.65679e-17 
6.4e-09 6.67306e-17 
6.45e-09 6.68916e-17 
6.5e-09 6.70508e-17 
6.55e-09 6.72084e-17 
6.6e-09 6.73644e-17 
6.65e-09 6.75187e-17 
6.7e-09 6.76714e-17 
6.75e-09 6.78225e-17 
6.8e-09 6.79721e-17 
6.85e-09 6.81202e-17 
6.9e-09 6.82668e-17 
6.95e-09 6.84118e-17 
7e-09 6.85555e-17 
7.05e-09 6.86977e-17 
7.1e-09 6.88384e-17 
7.15e-09 6.89778e-17 
7.2e-09 6.91158e-17 
7.25e-09 6.92525e-17 
7.3e-09 6.93878e-17 
7.35e-09 6.95218e-17 
7.4e-09 6.96545e-17 
7.45e-09 6.9786e-17 
7.5e-09 6.99162e-17 
7.55e-09 7.00451e-17 
7.6e-09 7.01728e-17 
7.65e-09 7.02993e-17 
7.7e-09 7.04247e-17 
7.75e-09 7.05488e-17 
7.8e-09 7.06718e-17 
7.85e-09 7.07937e-17 
7.9e-09 7.09144e-17 
7.95e-09 7.10341e-17 
8e-09 7.11526e-17 
8.05e-09 7.12701e-17 
8.1e-09 7.13865e-17 
8.15e-09 7.15018e-17 
8.2e-09 7.16161e-17 
8.25e-09 7.17294e-17 
8.3e-09 7.18417e-17 
8.35e-09 7.1953e-17 
8.4e-09 7.20633e-17 
8.45e-09 7.21727e-17 
8.5e-09 7.22811e-17 
8.55e-09 7.23885e-17 
8.6e-09 7.24951e-17 
8.65e-09 7.26007e-17 
8.7e-09 7.27054e-17 
8.75e-09 7.28092e-17 
8.8e-09 7.29121e-17 
8.85e-09 7.30142e-17 
8.9e-09 7.31154e-17 
8.95e-09 7.32158e-17 
9e-09 7.33153e-17 
9.05e-09 7.3414e-17 
9.1e-09 7.35118e-17 
9.15e-09 7.36089e-17 
9.2e-09 7.37052e-17 
9.25e-09 7.38007e-17 
9.3e-09 7.38954e-17 
9.35e-09 7.39894e-17 
9.4e-09 7.40826e-17 
9.45e-09 7.4175e-17 
9.5e-09 7.42667e-17 
9.55e-09 7.43577e-17 
9.6e-09 7.4448e-17 
9.65e-09 7.45376e-17 
9.7e-09 7.46264e-17 
9.75e-09 7.47146e-17 
9.8e-09 7.48021e-17 
9.85e-09 7.48889e-17 
9.9e-09 7.49751e-17 
9.95e-09 7.50606e-17 
1e-08 7.51454e-17 
