0 0 
5e-11 1.525e-28 
1e-10 4.5e-28 
1.5e-10 6.2e-28 
2e-10 7.625e-28 
2.5e-10 9.4e-28 
3e-10 1.0125e-27 
3.5e-10 1.0575e-27 
4e-10 1.095e-27 
4.5e-10 1.1125e-27 
5e-10 1.1475e-27 
5.5e-10 1.3025e-27 
6e-10 1.4525e-27 
6.5e-10 1.475e-27 
7e-10 1.515e-27 
7.5e-10 1.55e-27 
8e-10 1.595e-27 
8.5e-10 1.6625e-27 
9e-10 1.725e-27 
9.5e-10 1.7975e-27 
1e-09 1.8725e-27 
1.05e-09 2.055e-27 
1.1e-09 2.1975e-27 
1.15e-09 2.22e-27 
1.2e-09 2.2675e-27 
1.25e-09 2.365e-27 
1.3e-09 2.5075e-27 
1.35e-09 2.615e-27 
1.4e-09 2.6825e-27 
1.45e-09 2.7425e-27 
1.5e-09 2.8775e-27 
1.55e-09 3.0925e-27 
1.6e-09 3.23e-27 
1.65e-09 3.2725e-27 
1.7e-09 3.2925e-27 
1.75e-09 3.3575e-27 
1.8e-09 3.4725e-27 
1.85e-09 3.535e-27 
1.9e-09 3.555e-27 
1.95e-09 3.57e-27 
2e-09 1.64524e-18 
2.05e-09 6.86986e-18 
2.1e-09 1.31942e-17 
2.15e-09 1.81315e-17 
2.2e-09 2.21377e-17 
2.25e-09 2.54866e-17 
2.3e-09 2.83384e-17 
2.35e-09 3.0795e-17 
2.4e-09 3.29289e-17 
2.45e-09 3.47954e-17 
2.5e-09 3.64383e-17 
2.55e-09 3.78938e-17 
2.6e-09 3.91916e-17 
2.65e-09 4.03569e-17 
2.7e-09 4.14104e-17 
2.75e-09 4.23697e-17 
2.8e-09 4.32491e-17 
2.85e-09 4.40606e-17 
2.9e-09 4.48141e-17 
2.95e-09 4.55176e-17 
3e-09 4.61781e-17 
3.05e-09 4.6801e-17 
3.1e-09 4.7391e-17 
3.15e-09 4.7952e-17 
3.2e-09 4.84873e-17 
3.25e-09 4.89997e-17 
3.3e-09 4.94915e-17 
3.35e-09 4.99647e-17 
3.4e-09 5.0421e-17 
3.45e-09 5.0862e-17 
3.5e-09 5.12889e-17 
3.55e-09 5.17028e-17 
3.6e-09 5.21047e-17 
3.65e-09 5.24955e-17 
3.7e-09 5.28759e-17 
3.75e-09 5.32465e-17 
3.8e-09 5.36081e-17 
3.85e-09 5.39611e-17 
3.9e-09 5.43059e-17 
3.95e-09 5.46431e-17 
4e-09 5.49729e-17 
4.05e-09 5.52958e-17 
4.1e-09 5.56121e-17 
4.15e-09 5.5922e-17 
4.2e-09 5.62259e-17 
4.25e-09 5.65239e-17 
4.3e-09 5.68162e-17 
4.35e-09 5.71032e-17 
4.4e-09 5.7385e-17 
4.45e-09 5.76618e-17 
4.5e-09 5.79337e-17 
4.55e-09 5.82008e-17 
4.6e-09 5.84635e-17 
4.65e-09 5.87217e-17 
4.7e-09 5.89756e-17 
4.75e-09 5.92253e-17 
4.8e-09 5.9471e-17 
4.85e-09 5.97128e-17 
4.9e-09 5.99507e-17 
4.95e-09 6.01849e-17 
5e-09 6.04155e-17 
5.05e-09 6.06425e-17 
5.1e-09 6.08661e-17 
5.15e-09 6.10863e-17 
5.2e-09 6.13031e-17 
5.25e-09 6.15168e-17 
5.3e-09 6.17274e-17 
5.35e-09 6.19348e-17 
5.4e-09 6.21393e-17 
5.45e-09 6.23409e-17 
5.5e-09 6.25395e-17 
5.55e-09 6.27354e-17 
5.6e-09 6.29285e-17 
5.65e-09 6.31189e-17 
5.7e-09 6.33067e-17 
5.75e-09 6.3492e-17 
5.8e-09 6.36747e-17 
5.85e-09 6.38549e-17 
5.9e-09 6.40327e-17 
5.95e-09 6.42081e-17 
6e-09 6.43813e-17 
6.05e-09 6.45521e-17 
6.1e-09 6.47207e-17 
6.15e-09 6.48871e-17 
6.2e-09 6.50513e-17 
6.25e-09 6.52135e-17 
6.3e-09 6.53736e-17 
6.35e-09 6.55316e-17 
6.4e-09 6.56877e-17 
6.45e-09 6.58418e-17 
6.5e-09 6.5994e-17 
6.55e-09 6.61443e-17 
6.6e-09 6.62928e-17 
6.65e-09 6.64395e-17 
6.7e-09 6.65843e-17 
6.75e-09 6.67275e-17 
6.8e-09 6.68689e-17 
6.85e-09 6.70086e-17 
6.9e-09 6.71467e-17 
6.95e-09 6.72832e-17 
7e-09 6.74181e-17 
7.05e-09 6.75514e-17 
7.1e-09 6.76831e-17 
7.15e-09 6.78134e-17 
7.2e-09 6.79422e-17 
7.25e-09 6.80695e-17 
7.3e-09 6.81954e-17 
7.35e-09 6.83198e-17 
7.4e-09 6.84429e-17 
7.45e-09 6.85647e-17 
7.5e-09 6.86851e-17 
7.55e-09 6.88041e-17 
7.6e-09 6.89219e-17 
7.65e-09 6.90384e-17 
7.7e-09 6.91537e-17 
7.75e-09 6.92677e-17 
7.8e-09 6.93806e-17 
7.85e-09 6.94922e-17 
7.9e-09 6.96027e-17 
7.95e-09 6.9712e-17 
8e-09 6.98202e-17 
8.05e-09 6.99273e-17 
8.1e-09 7.00333e-17 
8.15e-09 7.01383e-17 
8.2e-09 7.02421e-17 
8.25e-09 7.0345e-17 
8.3e-09 7.04468e-17 
8.35e-09 7.05476e-17 
8.4e-09 7.06474e-17 
8.45e-09 7.07463e-17 
8.5e-09 7.08442e-17 
8.55e-09 7.09411e-17 
8.6e-09 7.10371e-17 
8.65e-09 7.11323e-17 
8.7e-09 7.12265e-17 
8.75e-09 7.13198e-17 
8.8e-09 7.14123e-17 
8.85e-09 7.15039e-17 
8.9e-09 7.15946e-17 
8.95e-09 7.16846e-17 
9e-09 7.17737e-17 
9.05e-09 7.1862e-17 
9.1e-09 7.19495e-17 
9.15e-09 7.20363e-17 
9.2e-09 7.21222e-17 
9.25e-09 7.22075e-17 
9.3e-09 7.22919e-17 
9.35e-09 7.23757e-17 
9.4e-09 7.24587e-17 
9.45e-09 7.2541e-17 
9.5e-09 7.26227e-17 
9.55e-09 7.27036e-17 
9.6e-09 7.27838e-17 
9.65e-09 7.28634e-17 
9.7e-09 7.29423e-17 
9.75e-09 7.30206e-17 
9.8e-09 7.30982e-17 
9.85e-09 7.31753e-17 
9.9e-09 7.32516e-17 
9.95e-09 7.33274e-17 
1e-08 7.34026e-17 
