0 0 
5e-11 2.725e-28 
1e-10 6.1e-28 
1.5e-10 6.925e-28 
2e-10 8.025e-28 
2.5e-10 9.025e-28 
3e-10 9.95e-28 
3.5e-10 1.1e-27 
4e-10 1.2025e-27 
4.5e-10 1.41e-27 
5e-10 1.565e-27 
5.5e-10 1.79e-27 
6e-10 2.05e-27 
6.5e-10 2.215e-27 
7e-10 2.39e-27 
7.5e-10 2.5525e-27 
8e-10 2.68e-27 
8.5e-10 2.7725e-27 
9e-10 2.87e-27 
9.5e-10 2.96e-27 
1e-09 3.06e-27 
1.05e-09 3.1975e-27 
1.1e-09 3.3125e-27 
1.15e-09 3.3875e-27 
1.2e-09 3.4875e-27 
1.25e-09 3.595e-27 
1.3e-09 3.665e-27 
1.35e-09 3.695e-27 
1.4e-09 3.72e-27 
1.45e-09 3.7775e-27 
1.5e-09 3.9625e-27 
1.55e-09 4.1775e-27 
1.6e-09 4.335e-27 
1.65e-09 4.495e-27 
1.7e-09 4.6175e-27 
1.75e-09 4.7e-27 
1.8e-09 4.8125e-27 
1.85e-09 4.965e-27 
1.9e-09 5.11e-27 
1.95e-09 5.1825e-27 
2e-09 1.58737e-18 
2.05e-09 6.6479e-18 
2.1e-09 1.27934e-17 
2.15e-09 1.76046e-17 
2.2e-09 2.15163e-17 
2.25e-09 2.47922e-17 
2.3e-09 2.75859e-17 
2.35e-09 2.9996e-17 
2.4e-09 3.20929e-17 
2.45e-09 3.39303e-17 
2.5e-09 3.5551e-17 
2.55e-09 3.69901e-17 
2.6e-09 3.82764e-17 
2.65e-09 3.94344e-17 
2.7e-09 4.0484e-17 
2.75e-09 4.14422e-17 
2.8e-09 4.23228e-17 
2.85e-09 4.31373e-17 
2.9e-09 4.38951e-17 
2.95e-09 4.46041e-17 
3e-09 4.52709e-17 
3.05e-09 4.59006e-17 
3.1e-09 4.64979e-17 
3.15e-09 4.70665e-17 
3.2e-09 4.76096e-17 
3.25e-09 4.81297e-17 
3.3e-09 4.86293e-17 
3.35e-09 4.91101e-17 
3.4e-09 4.9574e-17 
3.45e-09 5.00223e-17 
3.5e-09 5.04563e-17 
3.55e-09 5.08771e-17 
3.6e-09 5.12855e-17 
3.65e-09 5.16826e-17 
3.7e-09 5.20689e-17 
3.75e-09 5.24452e-17 
3.8e-09 5.28121e-17 
3.85e-09 5.317e-17 
3.9e-09 5.35195e-17 
3.95e-09 5.38609e-17 
4e-09 5.41947e-17 
4.05e-09 5.45212e-17 
4.1e-09 5.48408e-17 
4.15e-09 5.51536e-17 
4.2e-09 5.54601e-17 
4.25e-09 5.57604e-17 
4.3e-09 5.60547e-17 
4.35e-09 5.63434e-17 
4.4e-09 5.66265e-17 
4.45e-09 5.69044e-17 
4.5e-09 5.7177e-17 
4.55e-09 5.74447e-17 
4.6e-09 5.77076e-17 
4.65e-09 5.79657e-17 
4.7e-09 5.82194e-17 
4.75e-09 5.84686e-17 
4.8e-09 5.87135e-17 
4.85e-09 5.89543e-17 
4.9e-09 5.9191e-17 
4.95e-09 5.94237e-17 
5e-09 5.96526e-17 
5.05e-09 5.98778e-17 
5.1e-09 6.00993e-17 
5.15e-09 6.03172e-17 
5.2e-09 6.05317e-17 
5.25e-09 6.07428e-17 
5.3e-09 6.09506e-17 
5.35e-09 6.11552e-17 
5.4e-09 6.13566e-17 
5.45e-09 6.15549e-17 
5.5e-09 6.17502e-17 
5.55e-09 6.19426e-17 
5.6e-09 6.21322e-17 
5.65e-09 6.23189e-17 
5.7e-09 6.25028e-17 
5.75e-09 6.26841e-17 
5.8e-09 6.28628e-17 
5.85e-09 6.30388e-17 
5.9e-09 6.32124e-17 
5.95e-09 6.33835e-17 
6e-09 6.35522e-17 
6.05e-09 6.37186e-17 
6.1e-09 6.38826e-17 
6.15e-09 6.40444e-17 
6.2e-09 6.42039e-17 
6.25e-09 6.43613e-17 
6.3e-09 6.45166e-17 
6.35e-09 6.46698e-17 
6.4e-09 6.48209e-17 
6.45e-09 6.49701e-17 
6.5e-09 6.51173e-17 
6.55e-09 6.52625e-17 
6.6e-09 6.54059e-17 
6.65e-09 6.55475e-17 
6.7e-09 6.56872e-17 
6.75e-09 6.58252e-17 
6.8e-09 6.59614e-17 
6.85e-09 6.6096e-17 
6.9e-09 6.62289e-17 
6.95e-09 6.63601e-17 
7e-09 6.64897e-17 
7.05e-09 6.66178e-17 
7.1e-09 6.67443e-17 
7.15e-09 6.68693e-17 
7.2e-09 6.69928e-17 
7.25e-09 6.71148e-17 
7.3e-09 6.72354e-17 
7.35e-09 6.73546e-17 
7.4e-09 6.74725e-17 
7.45e-09 6.75889e-17 
7.5e-09 6.77041e-17 
7.55e-09 6.78179e-17 
7.6e-09 6.79305e-17 
7.65e-09 6.80418e-17 
7.7e-09 6.81519e-17 
7.75e-09 6.82607e-17 
7.8e-09 6.83684e-17 
7.85e-09 6.84749e-17 
7.9e-09 6.85803e-17 
7.95e-09 6.86845e-17 
8e-09 6.87877e-17 
8.05e-09 6.88897e-17 
8.1e-09 6.89907e-17 
8.15e-09 6.90906e-17 
8.2e-09 6.91895e-17 
8.25e-09 6.92874e-17 
8.3e-09 6.93843e-17 
8.35e-09 6.94802e-17 
8.4e-09 6.95752e-17 
8.45e-09 6.96692e-17 
8.5e-09 6.97623e-17 
8.55e-09 6.98545e-17 
8.6e-09 6.99458e-17 
8.65e-09 7.00362e-17 
8.7e-09 7.01258e-17 
8.75e-09 7.02145e-17 
8.8e-09 7.03023e-17 
8.85e-09 7.03894e-17 
8.9e-09 7.04756e-17 
8.95e-09 7.0561e-17 
9e-09 7.06457e-17 
9.05e-09 7.07296e-17 
9.1e-09 7.08127e-17 
9.15e-09 7.08951e-17 
9.2e-09 7.09768e-17 
9.25e-09 7.10578e-17 
9.3e-09 7.1138e-17 
9.35e-09 7.12175e-17 
9.4e-09 7.12964e-17 
9.45e-09 7.13746e-17 
9.5e-09 7.14521e-17 
9.55e-09 7.1529e-17 
9.6e-09 7.16052e-17 
9.65e-09 7.16808e-17 
9.7e-09 7.17558e-17 
9.75e-09 7.18302e-17 
9.8e-09 7.1904e-17 
9.85e-09 7.19772e-17 
9.9e-09 7.20498e-17 
9.95e-09 7.21218e-17 
1e-08 7.21933e-17 
