0 0 
5e-11 1.275e-28 
1e-10 3.55e-28 
1.5e-10 4.575e-28 
2e-10 5.5e-28 
2.5e-10 7.425e-28 
3e-10 9e-28 
3.5e-10 9.825e-28 
4e-10 1.0275e-27 
4.5e-10 1.0825e-27 
5e-10 1.18e-27 
5.5e-10 1.35e-27 
6e-10 1.5375e-27 
6.5e-10 1.6225e-27 
7e-10 1.64e-27 
7.5e-10 1.7125e-27 
8e-10 1.8325e-27 
8.5e-10 1.925e-27 
9e-10 2.005e-27 
9.5e-10 2.09e-27 
1e-09 2.205e-27 
1.05e-09 2.445e-27 
1.1e-09 2.64e-27 
1.15e-09 2.705e-27 
1.2e-09 2.765e-27 
1.25e-09 2.815e-27 
1.3e-09 2.845e-27 
1.35e-09 2.8775e-27 
1.4e-09 2.93e-27 
1.45e-09 2.9825e-27 
1.5e-09 3.0925e-27 
1.55e-09 3.26e-27 
1.6e-09 3.3675e-27 
1.65e-09 3.3925e-27 
1.7e-09 3.4275e-27 
1.75e-09 3.5e-27 
1.8e-09 3.5675e-27 
1.85e-09 3.6325e-27 
1.9e-09 3.7175e-27 
1.95e-09 3.7975e-27 
2e-09 3.77232e-18 
2.05e-09 1.48782e-17 
2.1e-09 2.76247e-17 
2.15e-09 3.73106e-17 
2.2e-09 4.51211e-17 
2.25e-09 5.16694e-17 
2.3e-09 5.72785e-17 
2.35e-09 6.21337e-17 
2.4e-09 6.63532e-17 
2.45e-09 7.00226e-17 
2.5e-09 7.32106e-17 
2.55e-09 7.59766e-17 
2.6e-09 7.83737e-17 
2.65e-09 8.04498e-17 
2.7e-09 8.22479e-17 
2.75e-09 8.38066e-17 
2.8e-09 8.51601e-17 
2.85e-09 8.63388e-17 
2.9e-09 8.73694e-17 
2.95e-09 8.82749e-17 
3e-09 8.9075e-17 
3.05e-09 8.97865e-17 
3.1e-09 9.04234e-17 
3.15e-09 9.09974e-17 
3.2e-09 9.15177e-17 
3.25e-09 9.19923e-17 
3.3e-09 9.24274e-17 
3.35e-09 9.28282e-17 
3.4e-09 9.31989e-17 
3.45e-09 9.35432e-17 
3.5e-09 9.3864e-17 
3.55e-09 9.41639e-17 
3.6e-09 9.44451e-17 
3.65e-09 9.47095e-17 
3.7e-09 9.49588e-17 
3.75e-09 9.51944e-17 
3.8e-09 9.54177e-17 
3.85e-09 9.56298e-17 
3.9e-09 9.58317e-17 
3.95e-09 9.60244e-17 
4e-09 9.62086e-17 
4.05e-09 9.63851e-17 
4.1e-09 9.65546e-17 
4.15e-09 9.67175e-17 
4.2e-09 9.68744e-17 
4.25e-09 9.70259e-17 
4.3e-09 9.71723e-17 
4.35e-09 9.7314e-17 
4.4e-09 9.74513e-17 
4.45e-09 9.75846e-17 
4.5e-09 9.77141e-17 
4.55e-09 9.78402e-17 
4.6e-09 9.79629e-17 
4.65e-09 9.80827e-17 
4.7e-09 9.81995e-17 
4.75e-09 9.83136e-17 
4.8e-09 9.84253e-17 
4.85e-09 9.85345e-17 
4.9e-09 9.86415e-17 
4.95e-09 9.87463e-17 
5e-09 9.88491e-17 
5.05e-09 9.895e-17 
5.1e-09 9.90491e-17 
5.15e-09 9.91465e-17 
5.2e-09 9.92422e-17 
5.25e-09 9.93364e-17 
5.3e-09 9.94291e-17 
5.35e-09 9.95203e-17 
5.4e-09 9.96102e-17 
5.45e-09 9.96988e-17 
5.5e-09 9.97861e-17 
5.55e-09 9.98722e-17 
5.6e-09 9.99571e-17 
5.65e-09 1.00041e-16 
5.7e-09 1.00124e-16 
5.75e-09 1.00205e-16 
5.8e-09 1.00286e-16 
5.85e-09 1.00366e-16 
5.9e-09 1.00445e-16 
5.95e-09 1.00523e-16 
6e-09 1.006e-16 
6.05e-09 1.00676e-16 
6.1e-09 1.00752e-16 
6.15e-09 1.00826e-16 
6.2e-09 1.009e-16 
6.25e-09 1.00973e-16 
6.3e-09 1.01046e-16 
6.35e-09 1.01117e-16 
6.4e-09 1.01189e-16 
6.45e-09 1.01259e-16 
6.5e-09 1.01329e-16 
6.55e-09 1.01398e-16 
6.6e-09 1.01466e-16 
6.65e-09 1.01534e-16 
6.7e-09 1.01602e-16 
6.75e-09 1.01668e-16 
6.8e-09 1.01735e-16 
6.85e-09 1.018e-16 
6.9e-09 1.01866e-16 
6.95e-09 1.0193e-16 
7e-09 1.01995e-16 
7.05e-09 1.02058e-16 
7.1e-09 1.02122e-16 
7.15e-09 1.02184e-16 
7.2e-09 1.02247e-16 
7.25e-09 1.02308e-16 
7.3e-09 1.0237e-16 
7.35e-09 1.02431e-16 
7.4e-09 1.02492e-16 
7.45e-09 1.02552e-16 
7.5e-09 1.02611e-16 
7.55e-09 1.02671e-16 
7.6e-09 1.0273e-16 
7.65e-09 1.02788e-16 
7.7e-09 1.02847e-16 
7.75e-09 1.02905e-16 
7.8e-09 1.02962e-16 
7.85e-09 1.03019e-16 
7.9e-09 1.03076e-16 
7.95e-09 1.03133e-16 
8e-09 1.03189e-16 
8.05e-09 1.03245e-16 
8.1e-09 1.033e-16 
8.15e-09 1.03355e-16 
8.2e-09 1.0341e-16 
8.25e-09 1.03465e-16 
8.3e-09 1.03519e-16 
8.35e-09 1.03573e-16 
8.4e-09 1.03627e-16 
8.45e-09 1.0368e-16 
8.5e-09 1.03733e-16 
8.55e-09 1.03786e-16 
8.6e-09 1.03839e-16 
8.65e-09 1.03891e-16 
8.7e-09 1.03943e-16 
8.75e-09 1.03995e-16 
8.8e-09 1.04046e-16 
8.85e-09 1.04098e-16 
8.9e-09 1.04149e-16 
8.95e-09 1.04199e-16 
9e-09 1.0425e-16 
9.05e-09 1.043e-16 
9.1e-09 1.0435e-16 
9.15e-09 1.044e-16 
9.2e-09 1.0445e-16 
9.25e-09 1.04499e-16 
9.3e-09 1.04548e-16 
9.35e-09 1.04597e-16 
9.4e-09 1.04646e-16 
9.45e-09 1.04694e-16 
9.5e-09 1.04743e-16 
9.55e-09 1.04791e-16 
9.6e-09 1.04838e-16 
9.65e-09 1.04886e-16 
9.7e-09 1.04934e-16 
9.75e-09 1.04981e-16 
9.8e-09 1.05028e-16 
9.85e-09 1.05075e-16 
9.9e-09 1.05121e-16 
9.95e-09 1.05168e-16 
1e-08 1.05214e-16 
