0 0 
2e-10 1.2e-28 
4e-10 3.3e-28 
6e-10 4.4e-28 
8e-10 5.6e-28 
1e-09 7.9e-28 
1.2e-09 9.3e-28 
1.4e-09 9.9e-28 
1.6e-09 1.08e-27 
1.8e-09 1.13e-27 
2e-09 4.01906e-18 
2.2e-09 1.56517e-17 
2.4e-09 2.87315e-17 
2.6e-09 3.72699e-17 
2.8e-09 4.23211e-17 
3e-09 4.57196e-17 
3.2e-09 4.82582e-17 
3.4e-09 5.03169e-17 
3.6e-09 5.20773e-17 
3.8e-09 5.36323e-17 
4e-09 5.50339e-17 
4.2e-09 5.63148e-17 
4.4e-09 5.74961e-17 
4.6e-09 5.85927e-17 
4.8e-09 5.96158e-17 
5e-09 6.05735e-17 
5.2e-09 6.14728e-17 
5.4e-09 6.23192e-17 
5.6e-09 6.31175e-17 
5.8e-09 6.38718e-17 
6e-09 6.45857e-17 
6.2e-09 6.52624e-17 
6.4e-09 6.59047e-17 
6.6e-09 6.65152e-17 
6.8e-09 6.70962e-17 
7e-09 6.76499e-17 
7.2e-09 6.8178e-17 
7.4e-09 6.86824e-17 
7.6e-09 6.91647e-17 
7.8e-09 6.96264e-17 
8e-09 7.00688e-17 
8.2e-09 7.04931e-17 
8.4e-09 7.09006e-17 
8.6e-09 7.12923e-17 
8.8e-09 7.16693e-17 
9e-09 7.20323e-17 
9.2e-09 7.23823e-17 
9.4e-09 7.27201e-17 
9.6e-09 7.30463e-17 
9.8e-09 7.33617e-17 
1e-08 7.36669e-17 
