0 0 
2e-10 1.9e-28 
4e-10 5.5e-28 
6e-10 9.6e-28 
8e-10 1.3e-27 
1e-09 1.41e-27 
1.2e-09 1.53e-27 
1.4e-09 1.79e-27 
1.6e-09 2.04e-27 
1.8e-09 2.2e-27 
2e-09 5.79246e-18 
2.2e-09 2.22964e-17 
2.4e-09 4.03164e-17 
2.6e-09 5.1442e-17 
2.8e-09 5.74177e-17 
3e-09 6.08737e-17 
3.2e-09 6.30292e-17 
3.4e-09 6.45084e-17 
3.6e-09 6.56103e-17 
3.8e-09 6.64815e-17 
4e-09 6.72005e-17 
4.2e-09 6.78152e-17 
4.4e-09 6.8355e-17 
4.6e-09 6.88392e-17 
4.8e-09 6.92804e-17 
5e-09 6.96874e-17 
5.2e-09 7.00666e-17 
5.4e-09 7.04225e-17 
5.6e-09 7.07586e-17 
5.8e-09 7.10776e-17 
6e-09 7.13816e-17 
6.2e-09 7.16725e-17 
6.4e-09 7.19514e-17 
6.6e-09 7.22197e-17 
6.8e-09 7.24783e-17 
7e-09 7.27281e-17 
7.2e-09 7.29696e-17 
7.4e-09 7.32037e-17 
7.6e-09 7.34307e-17 
7.8e-09 7.36513e-17 
8e-09 7.38657e-17 
8.2e-09 7.40744e-17 
8.4e-09 7.42777e-17 
8.6e-09 7.4476e-17 
8.8e-09 7.46695e-17 
9e-09 7.48584e-17 
9.2e-09 7.5043e-17 
9.4e-09 7.52235e-17 
9.6e-09 7.54001e-17 
9.8e-09 7.55729e-17 
1e-08 7.57422e-17 
