0 0 
2e-10 1.3e-28 
4e-10 4.4e-28 
6e-10 6.6e-28 
8e-10 8.9e-28 
1e-09 1.35e-27 
1.2e-09 1.64e-27 
1.4e-09 1.66e-27 
1.6e-09 1.78e-27 
1.8e-09 1.91e-27 
2e-09 4.811e-18 
2.2e-09 1.85872e-17 
2.4e-09 3.37492e-17 
2.6e-09 4.32215e-17 
2.8e-09 4.84087e-17 
3e-09 5.15341e-17 
3.2e-09 5.35991e-17 
3.4e-09 5.51007e-17 
3.6e-09 5.62794e-17 
3.8e-09 5.72574e-17 
4e-09 5.81021e-17 
4.2e-09 5.88542e-17 
4.4e-09 5.95392e-17 
4.6e-09 6.01734e-17 
4.8e-09 6.07677e-17 
5e-09 6.13298e-17 
5.2e-09 6.18651e-17 
5.4e-09 6.23776e-17 
5.6e-09 6.28703e-17 
5.8e-09 6.33457e-17 
6e-09 6.38057e-17 
6.2e-09 6.42517e-17 
6.4e-09 6.4685e-17 
6.6e-09 6.51067e-17 
6.8e-09 6.55177e-17 
7e-09 6.59187e-17 
7.2e-09 6.63104e-17 
7.4e-09 6.66934e-17 
7.6e-09 6.70682e-17 
7.8e-09 6.74352e-17 
8e-09 6.77949e-17 
8.2e-09 6.81476e-17 
8.4e-09 6.84936e-17 
8.6e-09 6.88333e-17 
8.8e-09 6.91669e-17 
9e-09 6.94947e-17 
9.2e-09 6.98168e-17 
9.4e-09 7.01336e-17 
9.6e-09 7.04453e-17 
9.8e-09 7.07519e-17 
1e-08 7.10537e-17 
