0 0 
2e-10 1.7e-28 
4e-10 3.7e-28 
6e-10 6.5e-28 
8e-10 9.6e-28 
1e-09 1.04e-27 
1.2e-09 1.2e-27 
1.4e-09 1.4e-27 
1.6e-09 1.48e-27 
1.8e-09 1.6e-27 
2e-09 5.41412e-18 
2.2e-09 2.08534e-17 
2.4e-09 3.77245e-17 
2.6e-09 4.81369e-17 
2.8e-09 5.37269e-17 
3e-09 5.69783e-17 
3.2e-09 5.90272e-17 
3.4e-09 6.04467e-17 
3.6e-09 6.15117e-17 
3.8e-09 6.23587e-17 
4e-09 6.30615e-17 
4.2e-09 6.3665e-17 
4.4e-09 6.4197e-17 
4.6e-09 6.46756e-17 
4.8e-09 6.51127e-17 
5e-09 6.55166e-17 
5.2e-09 6.58934e-17 
5.4e-09 6.62474e-17 
5.6e-09 6.6582e-17 
5.8e-09 6.68997e-17 
6e-09 6.72027e-17 
6.2e-09 6.74926e-17 
6.4e-09 6.77708e-17 
6.6e-09 6.80383e-17 
6.8e-09 6.82961e-17 
7e-09 6.85451e-17 
7.2e-09 6.8786e-17 
7.4e-09 6.90193e-17 
7.6e-09 6.92457e-17 
7.8e-09 6.94655e-17 
8e-09 6.96791e-17 
8.2e-09 6.98871e-17 
8.4e-09 7.00896e-17 
8.6e-09 7.0287e-17 
8.8e-09 7.04796e-17 
9e-09 7.06677e-17 
9.2e-09 7.08514e-17 
9.4e-09 7.10309e-17 
9.6e-09 7.12065e-17 
9.8e-09 7.13783e-17 
1e-08 7.15466e-17 
