0 0 
5e-11 1.8e-28 
1e-10 5.525e-28 
1.5e-10 7.95e-28 
2e-10 9.825e-28 
2.5e-10 1.235e-27 
3e-10 1.385e-27 
3.5e-10 1.45e-27 
4e-10 1.5075e-27 
4.5e-10 1.545e-27 
5e-10 1.61e-27 
5.5e-10 1.7675e-27 
6e-10 1.9e-27 
6.5e-10 2e-27 
7e-10 2.1025e-27 
7.5e-10 2.1725e-27 
8e-10 2.2225e-27 
8.5e-10 2.2775e-27 
9e-10 2.3675e-27 
9.5e-10 2.4275e-27 
1e-09 2.5075e-27 
1.05e-09 2.8075e-27 
1.1e-09 3.0575e-27 
1.15e-09 3.135e-27 
1.2e-09 3.2125e-27 
1.25e-09 3.2425e-27 
1.3e-09 3.29e-27 
1.35e-09 3.3525e-27 
1.4e-09 3.41e-27 
1.45e-09 3.4875e-27 
1.5e-09 3.66e-27 
1.55e-09 3.895e-27 
1.6e-09 4.0375e-27 
1.65e-09 4.0975e-27 
1.7e-09 4.17e-27 
1.75e-09 4.255e-27 
1.8e-09 4.3575e-27 
1.85e-09 4.4875e-27 
1.9e-09 4.59e-27 
1.95e-09 4.665e-27 
2e-09 2.04695e-18 
2.05e-09 8.39778e-18 
2.1e-09 1.59394e-17 
2.15e-09 2.17271e-17 
2.2e-09 2.63642e-17 
2.25e-09 3.02017e-17 
2.3e-09 3.34402e-17 
2.35e-09 3.62025e-17 
2.4e-09 3.85733e-17 
2.45e-09 4.06172e-17 
2.5e-09 4.23857e-17 
2.55e-09 4.39213e-17 
2.6e-09 4.52599e-17 
2.65e-09 4.64318e-17 
2.7e-09 4.74629e-17 
2.75e-09 4.8375e-17 
2.8e-09 4.91866e-17 
2.85e-09 4.99132e-17 
2.9e-09 5.05678e-17 
2.95e-09 5.1161e-17 
3e-09 5.17018e-17 
3.05e-09 5.21975e-17 
3.1e-09 5.26544e-17 
3.15e-09 5.30775e-17 
3.2e-09 5.34713e-17 
3.25e-09 5.38394e-17 
3.3e-09 5.41848e-17 
3.35e-09 5.45103e-17 
3.4e-09 5.4818e-17 
3.45e-09 5.511e-17 
3.5e-09 5.53879e-17 
3.55e-09 5.56532e-17 
3.6e-09 5.59071e-17 
3.65e-09 5.61508e-17 
3.7e-09 5.63853e-17 
3.75e-09 5.66114e-17 
3.8e-09 5.68299e-17 
3.85e-09 5.70413e-17 
3.9e-09 5.72464e-17 
3.95e-09 5.74457e-17 
4e-09 5.76395e-17 
4.05e-09 5.78284e-17 
4.1e-09 5.80127e-17 
4.15e-09 5.81927e-17 
4.2e-09 5.83687e-17 
4.25e-09 5.85411e-17 
4.3e-09 5.871e-17 
4.35e-09 5.88757e-17 
4.4e-09 5.90383e-17 
4.45e-09 5.91981e-17 
4.5e-09 5.93551e-17 
4.55e-09 5.95097e-17 
4.6e-09 5.96618e-17 
4.65e-09 5.98117e-17 
4.7e-09 5.99594e-17 
4.75e-09 6.01051e-17 
4.8e-09 6.02488e-17 
4.85e-09 6.03906e-17 
4.9e-09 6.05306e-17 
4.95e-09 6.0669e-17 
5e-09 6.08057e-17 
5.05e-09 6.09408e-17 
5.1e-09 6.10744e-17 
5.15e-09 6.12066e-17 
5.2e-09 6.13374e-17 
5.25e-09 6.14668e-17 
5.3e-09 6.15949e-17 
5.35e-09 6.17218e-17 
5.4e-09 6.18474e-17 
5.45e-09 6.19719e-17 
5.5e-09 6.20952e-17 
5.55e-09 6.22174e-17 
5.6e-09 6.23386e-17 
5.65e-09 6.24587e-17 
5.7e-09 6.25778e-17 
5.75e-09 6.26959e-17 
5.8e-09 6.28131e-17 
5.85e-09 6.29293e-17 
5.9e-09 6.30446e-17 
5.95e-09 6.31591e-17 
6e-09 6.32726e-17 
6.05e-09 6.33854e-17 
6.1e-09 6.34973e-17 
6.15e-09 6.36083e-17 
6.2e-09 6.37186e-17 
6.25e-09 6.38282e-17 
6.3e-09 6.39369e-17 
6.35e-09 6.4045e-17 
6.4e-09 6.41523e-17 
6.45e-09 6.42589e-17 
6.5e-09 6.43648e-17 
6.55e-09 6.447e-17 
6.6e-09 6.45746e-17 
6.65e-09 6.46785e-17 
6.7e-09 6.47817e-17 
6.75e-09 6.48843e-17 
6.8e-09 6.49863e-17 
6.85e-09 6.50877e-17 
6.9e-09 6.51885e-17 
6.95e-09 6.52887e-17 
7e-09 6.53883e-17 
7.05e-09 6.54874e-17 
7.1e-09 6.55858e-17 
7.15e-09 6.56837e-17 
7.2e-09 6.57811e-17 
7.25e-09 6.5878e-17 
7.3e-09 6.59743e-17 
7.35e-09 6.607e-17 
7.4e-09 6.61653e-17 
7.45e-09 6.62601e-17 
7.5e-09 6.63543e-17 
7.55e-09 6.64481e-17 
7.6e-09 6.65414e-17 
7.65e-09 6.66342e-17 
7.7e-09 6.67265e-17 
7.75e-09 6.68184e-17 
7.8e-09 6.69098e-17 
7.85e-09 6.70007e-17 
7.9e-09 6.70912e-17 
7.95e-09 6.71813e-17 
8e-09 6.72709e-17 
8.05e-09 6.73601e-17 
8.1e-09 6.74488e-17 
8.15e-09 6.75371e-17 
8.2e-09 6.7625e-17 
8.25e-09 6.77125e-17 
8.3e-09 6.77996e-17 
8.35e-09 6.78863e-17 
8.4e-09 6.79726e-17 
8.45e-09 6.80585e-17 
8.5e-09 6.8144e-17 
8.55e-09 6.82291e-17 
8.6e-09 6.83138e-17 
8.65e-09 6.83982e-17 
8.7e-09 6.84822e-17 
8.75e-09 6.85658e-17 
8.8e-09 6.8649e-17 
8.85e-09 6.87319e-17 
8.9e-09 6.88144e-17 
8.95e-09 6.88966e-17 
9e-09 6.89784e-17 
9.05e-09 6.90598e-17 
9.1e-09 6.9141e-17 
9.15e-09 6.92217e-17 
9.2e-09 6.93022e-17 
9.25e-09 6.93823e-17 
9.3e-09 6.94621e-17 
9.35e-09 6.95415e-17 
9.4e-09 6.96206e-17 
9.45e-09 6.96994e-17 
9.5e-09 6.97779e-17 
9.55e-09 6.9856e-17 
9.6e-09 6.99339e-17 
9.65e-09 7.00114e-17 
9.7e-09 7.00886e-17 
9.75e-09 7.01655e-17 
9.8e-09 7.02422e-17 
9.85e-09 7.03185e-17 
9.9e-09 7.03945e-17 
9.95e-09 7.04702e-17 
1e-08 7.05456e-17 
