0 0 
5e-11 0 
1e-10 2.5e-28 
1.5e-10 5e-28 
2e-10 7.5e-28 
2.5e-10 1.25e-27 
3e-10 1.5e-27 
3.5e-10 1.5e-27 
4e-10 1.5e-27 
4.5e-10 1.5e-27 
5e-10 1.5e-27 
5.5e-10 1.75e-27 
6e-10 2e-27 
6.5e-10 2e-27 
7e-10 2e-27 
7.5e-10 2e-27 
8e-10 2e-27 
8.5e-10 2e-27 
9e-10 2e-27 
9.5e-10 2e-27 
1e-09 2e-27 
1.05e-09 2.25e-27 
1.1e-09 2.5e-27 
1.15e-09 2.5e-27 
1.2e-09 2.5e-27 
1.25e-09 2.5e-27 
1.3e-09 2.5e-27 
1.35e-09 2.5e-27 
1.4e-09 2.5e-27 
1.45e-09 2.5e-27 
1.5e-09 2.5e-27 
1.55e-09 2.75e-27 
1.6e-09 3e-27 
1.65e-09 3e-27 
1.7e-09 3e-27 
1.75e-09 3e-27 
1.8e-09 3e-27 
1.85e-09 3e-27 
1.9e-09 3e-27 
1.95e-09 3e-27 
2e-09 3.54144e-18 
2.05e-09 1.38469e-17 
2.1e-09 2.54836e-17 
2.15e-09 3.40964e-17 
2.2e-09 4.08465e-17 
2.25e-09 4.63526e-17 
2.3e-09 5.09566e-17 
2.35e-09 5.48628e-17 
2.4e-09 5.8205e-17 
2.45e-09 6.10774e-17 
2.5e-09 6.35513e-17 
2.55e-09 6.56835e-17 
2.6e-09 6.75212e-17 
2.65e-09 6.91047e-17 
2.7e-09 7.04691e-17 
2.75e-09 7.16455e-17 
2.8e-09 7.26611e-17 
2.85e-09 7.354e-17 
2.9e-09 7.43033e-17 
2.95e-09 7.49691e-17 
3e-09 7.5553e-17 
3.05e-09 7.60682e-17 
3.1e-09 7.65258e-17 
3.15e-09 7.69348e-17 
3.2e-09 7.73029e-17 
3.25e-09 7.76361e-17 
3.3e-09 7.79395e-17 
3.35e-09 7.82174e-17 
3.4e-09 7.84729e-17 
3.45e-09 7.87091e-17 
3.5e-09 7.89283e-17 
3.55e-09 7.91323e-17 
3.6e-09 7.93229e-17 
3.65e-09 7.95014e-17 
3.7e-09 7.96691e-17 
3.75e-09 7.9827e-17 
3.8e-09 7.9976e-17 
3.85e-09 8.01168e-17 
3.9e-09 8.02501e-17 
3.95e-09 8.03765e-17 
4e-09 8.04966e-17 
4.05e-09 8.06109e-17 
4.1e-09 8.07197e-17 
4.15e-09 8.08234e-17 
4.2e-09 8.09225e-17 
4.25e-09 8.10171e-17 
4.3e-09 8.11076e-17 
4.35e-09 8.11943e-17 
4.4e-09 8.12773e-17 
4.45e-09 8.1357e-17 
4.5e-09 8.14334e-17 
4.55e-09 8.15068e-17 
4.6e-09 8.15774e-17 
4.65e-09 8.16453e-17 
4.7e-09 8.17106e-17 
4.75e-09 8.17735e-17 
4.8e-09 8.18341e-17 
4.85e-09 8.18925e-17 
4.9e-09 8.19489e-17 
4.95e-09 8.20032e-17 
5e-09 8.20558e-17 
5.05e-09 8.21065e-17 
5.1e-09 8.21555e-17 
5.15e-09 8.22028e-17 
5.2e-09 8.22487e-17 
5.25e-09 8.2293e-17 
5.3e-09 8.23359e-17 
5.35e-09 8.23775e-17 
5.4e-09 8.24177e-17 
5.45e-09 8.24567e-17 
5.5e-09 8.24945e-17 
5.55e-09 8.25311e-17 
5.6e-09 8.25667e-17 
5.65e-09 8.26012e-17 
5.7e-09 8.26347e-17 
5.75e-09 8.26672e-17 
5.8e-09 8.26987e-17 
5.85e-09 8.27294e-17 
5.9e-09 8.27592e-17 
5.95e-09 8.27881e-17 
6e-09 8.28163e-17 
6.05e-09 8.28437e-17 
6.1e-09 8.28703e-17 
6.15e-09 8.28962e-17 
6.2e-09 8.29214e-17 
6.25e-09 8.2946e-17 
6.3e-09 8.29699e-17 
6.35e-09 8.29932e-17 
6.4e-09 8.30159e-17 
6.45e-09 8.30381e-17 
6.5e-09 8.30596e-17 
6.55e-09 8.30807e-17 
6.6e-09 8.31012e-17 
6.65e-09 8.31213e-17 
6.7e-09 8.31408e-17 
6.75e-09 8.31599e-17 
6.8e-09 8.31785e-17 
6.85e-09 8.31967e-17 
6.9e-09 8.32145e-17 
6.95e-09 8.32319e-17 
7e-09 8.32489e-17 
7.05e-09 8.32656e-17 
7.1e-09 8.32819e-17 
7.15e-09 8.32978e-17 
7.2e-09 8.33134e-17 
7.25e-09 8.33287e-17 
7.3e-09 8.33436e-17 
7.35e-09 8.33583e-17 
7.4e-09 8.33727e-17 
7.45e-09 8.33868e-17 
7.5e-09 8.34006e-17 
7.55e-09 8.34142e-17 
7.6e-09 8.34276e-17 
7.65e-09 8.34407e-17 
7.7e-09 8.34535e-17 
7.75e-09 8.34662e-17 
7.8e-09 8.34786e-17 
7.85e-09 8.34909e-17 
7.9e-09 8.35029e-17 
7.95e-09 8.35148e-17 
8e-09 8.35265e-17 
8.05e-09 8.3538e-17 
8.1e-09 8.35493e-17 
8.15e-09 8.35605e-17 
8.2e-09 8.35716e-17 
8.25e-09 8.35825e-17 
8.3e-09 8.35933e-17 
8.35e-09 8.36039e-17 
8.4e-09 8.36145e-17 
8.45e-09 8.36249e-17 
8.5e-09 8.36352e-17 
8.55e-09 8.36454e-17 
8.6e-09 8.36555e-17 
8.65e-09 8.36655e-17 
8.7e-09 8.36754e-17 
8.75e-09 8.36852e-17 
8.8e-09 8.3695e-17 
8.85e-09 8.37047e-17 
8.9e-09 8.37143e-17 
8.95e-09 8.37239e-17 
9e-09 8.37334e-17 
9.05e-09 8.37428e-17 
9.1e-09 8.37522e-17 
9.15e-09 8.37616e-17 
9.2e-09 8.37709e-17 
9.25e-09 8.37802e-17 
9.3e-09 8.37894e-17 
9.35e-09 8.37987e-17 
9.4e-09 8.38078e-17 
9.45e-09 8.3817e-17 
9.5e-09 8.38262e-17 
9.55e-09 8.38353e-17 
9.6e-09 8.38444e-17 
9.65e-09 8.38536e-17 
9.7e-09 8.38627e-17 
9.75e-09 8.38718e-17 
9.8e-09 8.38809e-17 
9.85e-09 8.389e-17 
9.9e-09 8.38991e-17 
9.95e-09 8.39082e-17 
1e-08 8.39173e-17 
