0 0 
5e-11 0 
1e-10 0 
1.5e-10 0 
2e-10 0 
2.5e-10 0 
3e-10 0 
3.5e-10 0 
4e-10 0 
4.5e-10 0 
5e-10 0 
5.5e-10 0 
6e-10 0 
6.5e-10 0 
7e-10 0 
7.5e-10 0 
8e-10 0 
8.5e-10 0 
9e-10 0 
9.5e-10 0 
1e-09 0 
1.05e-09 0 
1.1e-09 0 
1.15e-09 0 
1.2e-09 0 
1.25e-09 0 
1.3e-09 0 
1.35e-09 0 
1.4e-09 0 
1.45e-09 0 
1.5e-09 0 
1.55e-09 0 
1.6e-09 0 
1.65e-09 0 
1.7e-09 0 
1.75e-09 0 
1.8e-09 0 
1.85e-09 0 
1.9e-09 0 
1.95e-09 0 
2e-09 1.43999e-07 
2.05e-09 2.78117e-07 
2.1e-09 2.03959e-07 
2.15e-09 1.5953e-07 
2.2e-09 1.30992e-07 
2.25e-09 1.11024e-07 
2.3e-09 9.6019e-08 
2.35e-09 8.41276e-08 
2.4e-09 7.43638e-08 
2.45e-09 6.61466e-08 
2.5e-09 5.91164e-08 
2.55e-09 5.30534e-08 
2.6e-09 4.77968e-08 
2.65e-09 4.32313e-08 
2.7e-09 3.92685e-08 
2.75e-09 3.58356e-08 
2.8e-09 3.28696e-08 
2.85e-09 3.03141e-08 
2.9e-09 2.81178e-08 
2.95e-09 2.62334e-08 
3e-09 2.46176e-08 
3.05e-09 2.32309e-08 
3.1e-09 2.20378e-08 
3.15e-09 2.1007e-08 
3.2e-09 2.01114e-08 
3.25e-09 1.93282e-08 
3.3e-09 1.86382e-08 
3.35e-09 1.80257e-08 
3.4e-09 1.74776e-08 
3.45e-09 1.69834e-08 
3.5e-09 1.65344e-08 
3.55e-09 1.61236e-08 
3.6e-09 1.57453e-08 
3.65e-09 1.53946e-08 
3.7e-09 1.50678e-08 
3.75e-09 1.47618e-08 
3.8e-09 1.44738e-08 
3.85e-09 1.42018e-08 
3.9e-09 1.39438e-08 
3.95e-09 1.36983e-08 
4e-09 1.34641e-08 
4.05e-09 1.324e-08 
4.1e-09 1.3025e-08 
4.15e-09 1.28184e-08 
4.2e-09 1.26193e-08 
4.25e-09 1.24272e-08 
4.3e-09 1.22415e-08 
4.35e-09 1.20617e-08 
4.4e-09 1.18873e-08 
4.45e-09 1.1718e-08 
4.5e-09 1.15535e-08 
4.55e-09 1.13933e-08 
4.6e-09 1.12373e-08 
4.65e-09 1.10852e-08 
4.7e-09 1.09367e-08 
4.75e-09 1.07916e-08 
4.8e-09 1.06498e-08 
4.85e-09 1.0511e-08 
4.9e-09 1.03752e-08 
4.95e-09 1.02421e-08 
5e-09 1.01117e-08 
5.05e-09 9.98377e-09 
5.1e-09 9.85826e-09 
5.15e-09 9.73505e-09 
5.2e-09 9.61404e-09 
5.25e-09 9.49514e-09 
5.3e-09 9.37828e-09 
5.35e-09 9.26337e-09 
5.4e-09 9.15035e-09 
5.45e-09 9.03915e-09 
5.5e-09 8.9297e-09 
5.55e-09 8.82196e-09 
5.6e-09 8.71587e-09 
5.65e-09 8.61138e-09 
5.7e-09 8.50845e-09 
5.75e-09 8.40703e-09 
5.8e-09 8.30708e-09 
5.85e-09 8.20856e-09 
5.9e-09 8.11144e-09 
5.95e-09 8.01569e-09 
6e-09 7.92127e-09 
6.05e-09 7.82816e-09 
6.1e-09 7.73633e-09 
6.15e-09 7.64575e-09 
6.2e-09 7.5564e-09 
6.25e-09 7.46825e-09 
6.3e-09 7.38129e-09 
6.35e-09 7.29548e-09 
6.4e-09 7.21082e-09 
6.45e-09 7.12728e-09 
6.5e-09 7.04484e-09 
6.55e-09 6.96349e-09 
6.6e-09 6.8832e-09 
6.65e-09 6.80396e-09 
6.7e-09 6.72575e-09 
6.75e-09 6.64855e-09 
6.8e-09 6.57235e-09 
6.85e-09 6.49714e-09 
6.9e-09 6.42289e-09 
6.95e-09 6.34959e-09 
7e-09 6.27721e-09 
7.05e-09 6.20576e-09 
7.1e-09 6.1352e-09 
7.15e-09 6.06553e-09 
7.2e-09 5.99672e-09 
7.25e-09 5.92877e-09 
7.3e-09 5.86165e-09 
7.35e-09 5.79534e-09 
7.4e-09 5.72984e-09 
7.45e-09 5.66512e-09 
7.5e-09 5.60116e-09 
7.55e-09 5.53796e-09 
7.6e-09 5.4755e-09 
7.65e-09 5.41375e-09 
7.7e-09 5.35271e-09 
7.75e-09 5.29235e-09 
7.8e-09 5.23266e-09 
7.85e-09 5.17363e-09 
7.9e-09 5.11524e-09 
7.95e-09 5.05748e-09 
8e-09 5.00032e-09 
8.05e-09 4.94376e-09 
8.1e-09 4.88778e-09 
8.15e-09 4.83237e-09 
8.2e-09 4.77751e-09 
8.25e-09 4.7232e-09 
8.3e-09 4.66941e-09 
8.35e-09 4.61613e-09 
8.4e-09 4.56336e-09 
8.45e-09 4.51108e-09 
8.5e-09 4.45928e-09 
8.55e-09 4.40795e-09 
8.6e-09 4.35708e-09 
8.65e-09 4.30665e-09 
8.7e-09 4.25666e-09 
8.75e-09 4.20711e-09 
8.8e-09 4.15797e-09 
8.85e-09 4.10925e-09 
8.9e-09 4.06093e-09 
8.95e-09 4.01301e-09 
9e-09 3.96547e-09 
9.05e-09 3.91832e-09 
9.1e-09 3.87154e-09 
9.15e-09 3.82514e-09 
9.2e-09 3.77909e-09 
9.25e-09 3.7334e-09 
9.3e-09 3.68807e-09 
9.35e-09 3.64308e-09 
9.4e-09 3.59844e-09 
9.45e-09 3.55413e-09 
9.5e-09 3.51016e-09 
9.55e-09 3.46652e-09 
9.6e-09 3.42321e-09 
9.65e-09 3.38022e-09 
9.7e-09 3.33754e-09 
9.75e-09 3.29519e-09 
9.8e-09 3.25315e-09 
9.85e-09 3.21142e-09 
9.9e-09 3.17e-09 
9.95e-09 3.12888e-09 
1e-08 3.08807e-09 
