0 0 
5e-11 0 
1e-10 0 
1.5e-10 0 
2e-10 0 
2.5e-10 0 
3e-10 0 
3.5e-10 1e-17 
4e-10 1e-17 
4.5e-10 1e-17 
5e-10 0 
5.5e-10 0 
6e-10 0 
6.5e-10 0 
7e-10 0 
7.5e-10 0 
8e-10 0 
8.5e-10 0 
9e-10 0 
9.5e-10 0 
1e-09 0 
1.05e-09 1e-17 
1.1e-09 0 
1.15e-09 0 
1.2e-09 0 
1.25e-09 0 
1.3e-09 0 
1.35e-09 0 
1.4e-09 0 
1.45e-09 0 
1.5e-09 0 
1.55e-09 0 
1.6e-09 0 
1.65e-09 0 
1.7e-09 0 
1.75e-09 0 
1.8e-09 0 
1.85e-09 0 
1.9e-09 0 
1.95e-09 0 
2e-09 1.42961e-07 
2.05e-09 2.7475e-07 
2.1e-09 1.99949e-07 
2.15e-09 1.55126e-07 
2.2e-09 1.26326e-07 
2.25e-09 1.06124e-07 
2.3e-09 9.09095e-08 
2.35e-09 7.88318e-08 
2.4e-09 6.8904e-08 
2.45e-09 6.05482e-08 
2.5e-09 5.34051e-08 
2.55e-09 4.72547e-08 
2.6e-09 4.19358e-08 
2.65e-09 3.73327e-08 
2.7e-09 3.33557e-08 
2.75e-09 2.99304e-08 
2.8e-09 2.69914e-08 
2.85e-09 2.44797e-08 
2.9e-09 2.2341e-08 
2.95e-09 2.05252e-08 
3e-09 1.89861e-08 
3.05e-09 1.76816e-08 
3.1e-09 1.6574e-08 
3.15e-09 1.56303e-08 
3.2e-09 1.48223e-08 
3.25e-09 1.41264e-08 
3.3e-09 1.35228e-08 
3.35e-09 1.29954e-08 
3.4e-09 1.25312e-08 
3.45e-09 1.21194e-08 
3.5e-09 1.17515e-08 
3.55e-09 1.14204e-08 
3.6e-09 1.11203e-08 
3.65e-09 1.08468e-08 
3.7e-09 1.0596e-08 
3.75e-09 1.03647e-08 
3.8e-09 1.01505e-08 
3.85e-09 9.95116e-09 
3.9e-09 9.76493e-09 
3.95e-09 9.59031e-09 
4e-09 9.42603e-09 
4.05e-09 9.271e-09 
4.1e-09 9.12428e-09 
4.15e-09 8.98506e-09 
4.2e-09 8.85265e-09 
4.25e-09 8.72641e-09 
4.3e-09 8.60581e-09 
4.35e-09 8.49036e-09 
4.4e-09 8.37965e-09 
4.45e-09 8.2733e-09 
4.5e-09 8.17096e-09 
4.55e-09 8.07233e-09 
4.6e-09 7.97715e-09 
4.65e-09 7.88516e-09 
4.7e-09 7.79615e-09 
4.75e-09 7.70991e-09 
4.8e-09 7.62627e-09 
4.85e-09 7.54505e-09 
4.9e-09 7.46611e-09 
4.95e-09 7.38931e-09 
5e-09 7.31452e-09 
5.05e-09 7.24162e-09 
5.1e-09 7.17052e-09 
5.15e-09 7.10111e-09 
5.2e-09 7.0333e-09 
5.25e-09 6.96701e-09 
5.3e-09 6.90216e-09 
5.35e-09 6.83868e-09 
5.4e-09 6.77651e-09 
5.45e-09 6.71559e-09 
5.5e-09 6.65585e-09 
5.55e-09 6.59724e-09 
5.6e-09 6.53973e-09 
5.65e-09 6.48325e-09 
5.7e-09 6.42777e-09 
5.75e-09 6.37325e-09 
5.8e-09 6.31965e-09 
5.85e-09 6.26694e-09 
5.9e-09 6.21508e-09 
5.95e-09 6.16404e-09 
6e-09 6.11381e-09 
6.05e-09 6.06434e-09 
6.1e-09 6.01562e-09 
6.15e-09 5.96762e-09 
6.2e-09 5.92033e-09 
6.25e-09 5.87371e-09 
6.3e-09 5.82776e-09 
6.35e-09 5.78245e-09 
6.4e-09 5.73777e-09 
6.45e-09 5.6937e-09 
6.5e-09 5.65023e-09 
6.55e-09 5.60734e-09 
6.6e-09 5.56503e-09 
6.65e-09 5.52327e-09 
6.7e-09 5.48206e-09 
6.75e-09 5.44139e-09 
6.8e-09 5.40124e-09 
6.85e-09 5.3616e-09 
6.9e-09 5.32247e-09 
6.95e-09 5.28384e-09 
7e-09 5.2457e-09 
7.05e-09 5.20804e-09 
7.1e-09 5.17085e-09 
7.15e-09 5.13412e-09 
7.2e-09 5.09785e-09 
7.25e-09 5.06202e-09 
7.3e-09 5.02664e-09 
7.35e-09 4.99169e-09 
7.4e-09 4.95717e-09 
7.45e-09 4.92306e-09 
7.5e-09 4.88937e-09 
7.55e-09 4.85608e-09 
7.6e-09 4.82318e-09 
7.65e-09 4.79068e-09 
7.7e-09 4.75856e-09 
7.75e-09 4.72681e-09 
7.8e-09 4.69544e-09 
7.85e-09 4.66442e-09 
7.9e-09 4.63375e-09 
7.95e-09 4.60343e-09 
8e-09 4.57345e-09 
8.05e-09 4.5438e-09 
8.1e-09 4.51447e-09 
8.15e-09 4.48545e-09 
8.2e-09 4.45675e-09 
8.25e-09 4.42834e-09 
8.3e-09 4.40022e-09 
8.35e-09 4.37239e-09 
8.4e-09 4.34484e-09 
8.45e-09 4.31755e-09 
8.5e-09 4.29053e-09 
8.55e-09 4.26376e-09 
8.6e-09 4.23724e-09 
8.65e-09 4.21095e-09 
8.7e-09 4.1849e-09 
8.75e-09 4.15907e-09 
8.8e-09 4.13346e-09 
8.85e-09 4.10806e-09 
8.9e-09 4.08287e-09 
8.95e-09 4.05787e-09 
9e-09 4.03306e-09 
9.05e-09 4.00843e-09 
9.1e-09 3.98399e-09 
9.15e-09 3.95971e-09 
9.2e-09 3.9356e-09 
9.25e-09 3.91165e-09 
9.3e-09 3.88785e-09 
9.35e-09 3.86421e-09 
9.4e-09 3.8407e-09 
9.45e-09 3.81734e-09 
9.5e-09 3.79411e-09 
9.55e-09 3.77101e-09 
9.6e-09 3.74803e-09 
9.65e-09 3.72517e-09 
9.7e-09 3.70243e-09 
9.75e-09 3.6798e-09 
9.8e-09 3.65728e-09 
9.85e-09 3.63487e-09 
9.9e-09 3.61255e-09 
9.95e-09 3.59034e-09 
1e-08 3.56822e-09 
