0 0 
5e-11 0 
1e-10 0 
1.5e-10 0 
2e-10 0 
2.5e-10 0 
3e-10 0 
3.5e-10 0 
4e-10 0 
4.5e-10 0 
5e-10 0 
5.5e-10 0 
6e-10 0 
6.5e-10 0 
7e-10 0 
7.5e-10 0 
8e-10 0 
8.5e-10 0 
9e-10 0 
9.5e-10 0 
1e-09 0 
1.05e-09 0 
1.1e-09 0 
1.15e-09 0 
1.2e-09 0 
1.25e-09 0 
1.3e-09 0 
1.35e-09 0 
1.4e-09 0 
1.45e-09 0 
1.5e-09 0 
1.55e-09 0 
1.6e-09 0 
1.65e-09 0 
1.7e-09 0 
1.75e-09 0 
1.8e-09 0 
1.85e-09 0 
1.9e-09 0 
1.95e-09 0 
2e-09 2.56482e-18 
2.05e-09 1.02389e-17 
2.1e-09 1.90819e-17 
2.15e-09 2.56928e-17 
2.2e-09 3.08936e-17 
2.25e-09 3.51607e-17 
2.3e-09 3.87712e-17 
2.35e-09 4.18958e-17 
2.4e-09 4.46442e-17 
2.45e-09 4.70916e-17 
2.5e-09 4.92919e-17 
2.55e-09 5.12853e-17 
2.6e-09 5.31033e-17 
2.65e-09 5.47715e-17 
2.7e-09 5.63114e-17 
2.75e-09 5.77414e-17 
2.8e-09 5.90769e-17 
2.85e-09 6.03313e-17 
2.9e-09 6.1516e-17 
2.95e-09 6.26404e-17 
3e-09 6.37127e-17 
3.05e-09 6.47395e-17 
3.1e-09 6.57264e-17 
3.15e-09 6.66781e-17 
3.2e-09 6.75985e-17 
3.25e-09 6.84908e-17 
3.3e-09 6.93576e-17 
3.35e-09 7.02013e-17 
3.4e-09 7.10239e-17 
3.45e-09 7.18269e-17 
3.5e-09 7.26117e-17 
3.55e-09 7.33797e-17 
3.6e-09 7.41317e-17 
3.65e-09 7.48689e-17 
3.7e-09 7.5592e-17 
3.75e-09 7.63016e-17 
3.8e-09 7.69985e-17 
3.85e-09 7.76833e-17 
3.9e-09 7.83564e-17 
3.95e-09 7.90183e-17 
4e-09 7.96695e-17 
4.05e-09 8.03103e-17 
4.1e-09 8.09411e-17 
4.15e-09 8.15623e-17 
4.2e-09 8.21741e-17 
4.25e-09 8.27767e-17 
4.3e-09 8.33706e-17 
4.35e-09 8.39559e-17 
4.4e-09 8.45328e-17 
4.45e-09 8.51015e-17 
4.5e-09 8.56623e-17 
4.55e-09 8.62153e-17 
4.6e-09 8.67608e-17 
4.65e-09 8.72988e-17 
4.7e-09 8.78296e-17 
4.75e-09 8.83532e-17 
4.8e-09 8.88699e-17 
4.85e-09 8.93797e-17 
4.9e-09 8.98829e-17 
4.95e-09 9.03794e-17 
5e-09 9.08695e-17 
5.05e-09 9.13533e-17 
5.1e-09 9.18308e-17 
5.15e-09 9.23022e-17 
5.2e-09 9.27676e-17 
5.25e-09 9.3227e-17 
5.3e-09 9.36806e-17 
5.35e-09 9.41284e-17 
5.4e-09 9.45706e-17 
5.45e-09 9.50072e-17 
5.5e-09 9.54383e-17 
5.55e-09 9.5864e-17 
5.6e-09 9.62843e-17 
5.65e-09 9.66994e-17 
5.7e-09 9.71093e-17 
5.75e-09 9.75141e-17 
5.8e-09 9.79139e-17 
5.85e-09 9.83086e-17 
5.9e-09 9.86985e-17 
5.95e-09 9.90835e-17 
6e-09 9.94638e-17 
6.05e-09 9.98393e-17 
6.1e-09 1.0021e-16 
6.15e-09 1.00576e-16 
6.2e-09 1.00938e-16 
6.25e-09 1.01295e-16 
6.3e-09 1.01648e-16 
6.35e-09 1.01996e-16 
6.4e-09 1.02341e-16 
6.45e-09 1.0268e-16 
6.5e-09 1.03016e-16 
6.55e-09 1.03347e-16 
6.6e-09 1.03675e-16 
6.65e-09 1.03998e-16 
6.7e-09 1.04317e-16 
6.75e-09 1.04632e-16 
6.8e-09 1.04943e-16 
6.85e-09 1.05251e-16 
6.9e-09 1.05554e-16 
6.95e-09 1.05854e-16 
7e-09 1.0615e-16 
7.05e-09 1.06442e-16 
7.1e-09 1.06731e-16 
7.15e-09 1.07016e-16 
7.2e-09 1.07297e-16 
7.25e-09 1.07575e-16 
7.3e-09 1.07849e-16 
7.35e-09 1.0812e-16 
7.4e-09 1.08388e-16 
7.45e-09 1.08652e-16 
7.5e-09 1.08912e-16 
7.55e-09 1.0917e-16 
7.6e-09 1.09424e-16 
7.65e-09 1.09675e-16 
7.7e-09 1.09922e-16 
7.75e-09 1.10167e-16 
7.8e-09 1.10408e-16 
7.85e-09 1.10646e-16 
7.9e-09 1.10881e-16 
7.95e-09 1.11113e-16 
8e-09 1.11342e-16 
8.05e-09 1.11568e-16 
8.1e-09 1.11791e-16 
8.15e-09 1.12011e-16 
8.2e-09 1.12229e-16 
8.25e-09 1.12443e-16 
8.3e-09 1.12655e-16 
8.35e-09 1.12864e-16 
8.4e-09 1.1307e-16 
8.45e-09 1.13273e-16 
8.5e-09 1.13474e-16 
8.55e-09 1.13671e-16 
8.6e-09 1.13867e-16 
8.65e-09 1.14059e-16 
8.7e-09 1.14249e-16 
8.75e-09 1.14437e-16 
8.8e-09 1.14622e-16 
8.85e-09 1.14804e-16 
8.9e-09 1.14984e-16 
8.95e-09 1.15162e-16 
9e-09 1.15337e-16 
9.05e-09 1.15509e-16 
9.1e-09 1.15679e-16 
9.15e-09 1.15847e-16 
9.2e-09 1.16013e-16 
9.25e-09 1.16176e-16 
9.3e-09 1.16336e-16 
9.35e-09 1.16495e-16 
9.4e-09 1.16651e-16 
9.45e-09 1.16805e-16 
9.5e-09 1.16957e-16 
9.55e-09 1.17107e-16 
9.6e-09 1.17254e-16 
9.65e-09 1.174e-16 
9.7e-09 1.17543e-16 
9.75e-09 1.17684e-16 
9.8e-09 1.17823e-16 
9.85e-09 1.1796e-16 
9.9e-09 1.18095e-16 
9.95e-09 1.18228e-16 
1e-08 1.18359e-16 
