0 0 
5e-11 0 
1e-10 0 
1.5e-10 0 
2e-10 0 
2.5e-10 0 
3e-10 1e-17 
3.5e-10 1e-17 
4e-10 1e-17 
4.5e-10 1e-17 
5e-10 1e-17 
5.5e-10 1e-17 
6e-10 1e-17 
6.5e-10 1e-17 
7e-10 1e-17 
7.5e-10 1e-17 
8e-10 1e-17 
8.5e-10 1e-17 
9e-10 1e-17 
9.5e-10 1e-17 
1e-09 0 
1.05e-09 0 
1.1e-09 1e-17 
1.15e-09 1e-17 
1.2e-09 1e-17 
1.25e-09 1e-17 
1.3e-09 1e-17 
1.35e-09 1e-17 
1.4e-09 1e-17 
1.45e-09 1e-17 
1.5e-09 1e-17 
1.55e-09 0 
1.6e-09 1e-17 
1.65e-09 1e-17 
1.7e-09 1e-17 
1.75e-09 1e-17 
1.8e-09 1e-17 
1.85e-09 1e-17 
1.9e-09 1e-17 
1.95e-09 1e-17 
2e-09 1.41815e-07 
2.05e-09 2.71184e-07 
2.1e-09 1.95722e-07 
2.15e-09 1.50537e-07 
2.2e-09 1.21419e-07 
2.25e-09 1.00946e-07 
2.3e-09 8.54836e-08 
2.35e-09 7.3185e-08 
2.4e-09 6.3052e-08 
2.45e-09 5.45169e-08 
2.5e-09 4.72209e-08 
2.55e-09 4.09437e-08 
2.6e-09 3.55242e-08 
2.65e-09 3.08461e-08 
2.7e-09 2.68187e-08 
2.75e-09 2.33654e-08 
2.8e-09 2.04185e-08 
2.85e-09 1.79161e-08 
2.9e-09 1.58007e-08 
2.95e-09 1.4019e-08 
3e-09 1.25217e-08 
3.05e-09 1.12639e-08 
3.1e-09 1.02058e-08 
3.15e-09 9.31267e-09 
3.2e-09 8.55538e-09 
3.25e-09 7.90955e-09 
3.3e-09 7.35517e-09 
3.35e-09 6.87601e-09 
3.4e-09 6.45892e-09 
3.45e-09 6.09327e-09 
3.5e-09 5.7705e-09 
3.55e-09 5.48368e-09 
3.6e-09 5.22722e-09 
3.65e-09 4.99657e-09 
3.7e-09 4.78802e-09 
3.75e-09 4.59854e-09 
3.8e-09 4.42563e-09 
3.85e-09 4.26719e-09 
3.9e-09 4.12151e-09 
3.95e-09 3.98709e-09 
4e-09 3.8627e-09 
4.05e-09 3.74727e-09 
4.1e-09 3.63987e-09 
4.15e-09 3.53971e-09 
4.2e-09 3.4461e-09 
4.25e-09 3.35842e-09 
4.3e-09 3.27614e-09 
4.35e-09 3.19878e-09 
4.4e-09 3.12594e-09 
4.45e-09 3.05722e-09 
4.5e-09 2.9923e-09 
4.55e-09 2.93088e-09 
4.6e-09 2.8727e-09 
4.65e-09 2.8175e-09 
4.7e-09 2.76506e-09 
4.75e-09 2.71521e-09 
4.8e-09 2.66774e-09 
4.85e-09 2.6225e-09 
4.9e-09 2.57934e-09 
4.95e-09 2.53812e-09 
5e-09 2.49872e-09 
5.05e-09 2.46102e-09 
5.1e-09 2.42492e-09 
5.15e-09 2.39033e-09 
5.2e-09 2.35715e-09 
5.25e-09 2.3253e-09 
5.3e-09 2.29471e-09 
5.35e-09 2.2653e-09 
5.4e-09 2.23701e-09 
5.45e-09 2.20979e-09 
5.5e-09 2.18357e-09 
5.55e-09 2.1583e-09 
5.6e-09 2.13394e-09 
5.65e-09 2.11044e-09 
5.7e-09 2.08775e-09 
5.75e-09 2.06584e-09 
5.8e-09 2.04467e-09 
5.85e-09 2.02421e-09 
5.9e-09 2.00442e-09 
5.95e-09 1.98527e-09 
6e-09 1.96674e-09 
6.05e-09 1.9488e-09 
6.1e-09 1.93142e-09 
6.15e-09 1.91458e-09 
6.2e-09 1.89826e-09 
6.25e-09 1.88243e-09 
6.3e-09 1.86708e-09 
6.35e-09 1.85219e-09 
6.4e-09 1.83774e-09 
6.45e-09 1.82371e-09 
6.5e-09 1.8101e-09 
6.55e-09 1.79687e-09 
6.6e-09 1.78403e-09 
6.65e-09 1.77155e-09 
6.7e-09 1.75943e-09 
6.75e-09 1.74764e-09 
6.8e-09 1.73619e-09 
6.85e-09 1.72507e-09 
6.9e-09 1.71425e-09 
6.95e-09 1.70373e-09 
7e-09 1.69351e-09 
7.05e-09 1.68356e-09 
7.1e-09 1.6739e-09 
7.15e-09 1.6645e-09 
7.2e-09 1.65537e-09 
7.25e-09 1.64648e-09 
7.3e-09 1.63785e-09 
7.35e-09 1.62946e-09 
7.4e-09 1.6213e-09 
7.45e-09 1.61337e-09 
7.5e-09 1.60566e-09 
7.55e-09 1.59817e-09 
7.6e-09 1.5909e-09 
7.65e-09 1.58383e-09 
7.7e-09 1.57697e-09 
7.75e-09 1.57031e-09 
7.8e-09 1.56384e-09 
7.85e-09 1.55756e-09 
7.9e-09 1.55147e-09 
7.95e-09 1.54556e-09 
8e-09 1.53983e-09 
8.05e-09 1.53428e-09 
8.1e-09 1.52889e-09 
8.15e-09 1.52367e-09 
8.2e-09 1.51862e-09 
8.25e-09 1.51372e-09 
8.3e-09 1.50898e-09 
8.35e-09 1.5044e-09 
8.4e-09 1.49996e-09 
8.45e-09 1.49567e-09 
8.5e-09 1.49152e-09 
8.55e-09 1.48751e-09 
8.6e-09 1.48364e-09 
8.65e-09 1.47989e-09 
8.7e-09 1.47628e-09 
8.75e-09 1.47279e-09 
8.8e-09 1.46942e-09 
8.85e-09 1.46617e-09 
8.9e-09 1.46304e-09 
8.95e-09 1.46002e-09 
9e-09 1.45711e-09 
9.05e-09 1.4543e-09 
9.1e-09 1.4516e-09 
9.15e-09 1.44899e-09 
9.2e-09 1.44648e-09 
9.25e-09 1.44406e-09 
9.3e-09 1.44173e-09 
9.35e-09 1.43948e-09 
9.4e-09 1.43732e-09 
9.45e-09 1.43524e-09 
9.5e-09 1.43323e-09 
9.55e-09 1.4313e-09 
9.6e-09 1.42943e-09 
9.65e-09 1.42763e-09 
9.7e-09 1.4259e-09 
9.75e-09 1.42422e-09 
9.8e-09 1.42261e-09 
9.85e-09 1.42104e-09 
9.9e-09 1.41953e-09 
9.95e-09 1.41807e-09 
1e-08 1.41665e-09 
