0 0 
5e-11 2.5e-28 
1e-10 5.5e-28 
1.5e-10 7.25e-28 
2e-10 8.5e-28 
2.5e-10 8.75e-28 
3e-10 1.025e-27 
3.5e-10 1.25e-27 
4e-10 1.45e-27 
4.5e-10 1.675e-27 
5e-10 1.9e-27 
5.5e-10 2.275e-27 
6e-10 2.775e-27 
6.5e-10 3.175e-27 
7e-10 3.575e-27 
7.5e-10 3.975e-27 
8e-10 4.325e-27 
8.5e-10 4.7e-27 
9e-10 5.125e-27 
9.5e-10 5.55e-27 
1e-09 5.775e-27 
1.05e-09 5.875e-27 
1.1e-09 6.1e-27 
1.15e-09 6.45e-27 
1.2e-09 6.85e-27 
1.25e-09 7.275e-27 
1.3e-09 7.7e-27 
1.35e-09 8.1e-27 
1.4e-09 8.475e-27 
1.45e-09 8.825e-27 
1.5e-09 9.225e-27 
1.55e-09 9.5e-27 
1.6e-09 9.75e-27 
1.65e-09 1.0175e-26 
1.7e-09 1.0625e-26 
1.75e-09 1.1075e-26 
1.8e-09 1.15e-26 
1.85e-09 1.1875e-26 
1.9e-09 1.225e-26 
1.95e-09 1.265e-26 
2e-09 2.52683e-18 
2.05e-09 9.9964e-18 
2.1e-09 1.84419e-17 
2.15e-09 2.45543e-17 
2.2e-09 2.91976e-17 
2.25e-09 3.28679e-17 
2.3e-09 3.58534e-17 
2.35e-09 3.83316e-17 
2.4e-09 4.04173e-17 
2.45e-09 4.2189e-17 
2.5e-09 4.37038e-17 
2.55e-09 4.50044e-17 
2.6e-09 4.61248e-17 
2.65e-09 4.70927e-17 
2.7e-09 4.79319e-17 
2.75e-09 4.86624e-17 
2.8e-09 4.93014e-17 
2.85e-09 4.98633e-17 
2.9e-09 5.03604e-17 
2.95e-09 5.0803e-17 
3e-09 5.11994e-17 
3.05e-09 5.15568e-17 
3.1e-09 5.18807e-17 
3.15e-09 5.2176e-17 
3.2e-09 5.24464e-17 
3.25e-09 5.26953e-17 
3.3e-09 5.29253e-17 
3.35e-09 5.31385e-17 
3.4e-09 5.33369e-17 
3.45e-09 5.35221e-17 
3.5e-09 5.36953e-17 
3.55e-09 5.38578e-17 
3.6e-09 5.40105e-17 
3.65e-09 5.41543e-17 
3.7e-09 5.429e-17 
3.75e-09 5.44182e-17 
3.8e-09 5.45395e-17 
3.85e-09 5.46545e-17 
3.9e-09 5.47636e-17 
3.95e-09 5.48672e-17 
4e-09 5.49657e-17 
4.05e-09 5.50595e-17 
4.1e-09 5.51488e-17 
4.15e-09 5.52339e-17 
4.2e-09 5.53151e-17 
4.25e-09 5.53926e-17 
4.3e-09 5.54666e-17 
4.35e-09 5.55373e-17 
4.4e-09 5.5605e-17 
4.45e-09 5.56696e-17 
4.5e-09 5.57315e-17 
4.55e-09 5.57908e-17 
4.6e-09 5.58475e-17 
4.65e-09 5.59018e-17 
4.7e-09 5.59538e-17 
4.75e-09 5.60037e-17 
4.8e-09 5.60515e-17 
4.85e-09 5.60972e-17 
4.9e-09 5.61411e-17 
4.95e-09 5.61832e-17 
5e-09 5.62235e-17 
5.05e-09 5.62622e-17 
5.1e-09 5.62992e-17 
5.15e-09 5.63348e-17 
5.2e-09 5.63688e-17 
5.25e-09 5.64014e-17 
5.3e-09 5.64327e-17 
5.35e-09 5.64626e-17 
5.4e-09 5.64913e-17 
5.45e-09 5.65187e-17 
5.5e-09 5.6545e-17 
5.55e-09 5.65701e-17 
5.6e-09 5.65942e-17 
5.65e-09 5.66172e-17 
5.7e-09 5.66391e-17 
5.75e-09 5.66601e-17 
5.8e-09 5.66801e-17 
5.85e-09 5.66993e-17 
5.9e-09 5.67175e-17 
5.95e-09 5.67348e-17 
6e-09 5.67513e-17 
6.05e-09 5.67671e-17 
6.1e-09 5.6782e-17 
6.15e-09 5.67961e-17 
6.2e-09 5.68096e-17 
6.25e-09 5.68223e-17 
6.3e-09 5.68343e-17 
6.35e-09 5.68457e-17 
6.4e-09 5.68564e-17 
6.45e-09 5.68665e-17 
6.5e-09 5.68759e-17 
6.55e-09 5.68848e-17 
6.6e-09 5.68931e-17 
6.65e-09 5.69008e-17 
6.7e-09 5.6908e-17 
6.75e-09 5.69146e-17 
6.8e-09 5.69207e-17 
6.85e-09 5.69264e-17 
6.9e-09 5.69315e-17 
6.95e-09 5.69362e-17 
7e-09 5.69404e-17 
7.05e-09 5.69442e-17 
7.1e-09 5.69475e-17 
7.15e-09 5.69504e-17 
7.2e-09 5.69529e-17 
7.25e-09 5.69549e-17 
7.3e-09 5.69566e-17 
7.35e-09 5.69579e-17 
7.4e-09 5.69589e-17 
7.45e-09 5.69595e-17 
7.5e-09 5.69597e-17 
7.55e-09 5.69598e-17 
7.6e-09 5.69602e-17 
7.65e-09 5.69608e-17 
7.7e-09 5.69618e-17 
7.75e-09 5.69631e-17 
7.8e-09 5.69647e-17 
7.85e-09 5.69666e-17 
7.9e-09 5.69688e-17 
7.95e-09 5.69713e-17 
8e-09 5.6974e-17 
8.05e-09 5.6977e-17 
8.1e-09 5.69802e-17 
8.15e-09 5.69837e-17 
8.2e-09 5.69875e-17 
8.25e-09 5.69914e-17 
8.3e-09 5.69957e-17 
8.35e-09 5.70001e-17 
8.4e-09 5.70047e-17 
8.45e-09 5.70096e-17 
8.5e-09 5.70147e-17 
8.55e-09 5.702e-17 
8.6e-09 5.70254e-17 
8.65e-09 5.70311e-17 
8.7e-09 5.7037e-17 
8.75e-09 5.7043e-17 
8.8e-09 5.70492e-17 
8.85e-09 5.70556e-17 
8.9e-09 5.70622e-17 
8.95e-09 5.70689e-17 
9e-09 5.70758e-17 
9.05e-09 5.70829e-17 
9.1e-09 5.70901e-17 
9.15e-09 5.70974e-17 
9.2e-09 5.71049e-17 
9.25e-09 5.71125e-17 
9.3e-09 5.71203e-17 
9.35e-09 5.71282e-17 
9.4e-09 5.71362e-17 
9.45e-09 5.71444e-17 
9.5e-09 5.71527e-17 
9.55e-09 5.71611e-17 
9.6e-09 5.71696e-17 
9.65e-09 5.71782e-17 
9.7e-09 5.7187e-17 
9.75e-09 5.71958e-17 
9.8e-09 5.72048e-17 
9.85e-09 5.72138e-17 
9.9e-09 5.7223e-17 
9.95e-09 5.72322e-17 
1e-08 5.72415e-17 
