0 0 
5e-11 0 
1e-10 1e-17 
1.5e-10 0 
2e-10 1e-17 
2.5e-10 1e-17 
3e-10 0 
3.5e-10 0 
4e-10 0 
4.5e-10 0 
5e-10 0 
5.5e-10 1e-17 
6e-10 0 
6.5e-10 0 
7e-10 0 
7.5e-10 0 
8e-10 0 
8.5e-10 0 
9e-10 0 
9.5e-10 0 
1e-09 0 
1.05e-09 1e-17 
1.1e-09 0 
1.15e-09 0 
1.2e-09 0 
1.25e-09 0 
1.3e-09 0 
1.35e-09 0 
1.4e-09 0 
1.45e-09 0 
1.5e-09 0 
1.55e-09 1e-17 
1.6e-09 0 
1.65e-09 0 
1.7e-09 0 
1.75e-09 0 
1.8e-09 0 
1.85e-09 0 
1.9e-09 0 
1.95e-09 0 
2e-09 1.41658e-07 
2.05e-09 2.70562e-07 
2.1e-09 1.94907e-07 
2.15e-09 1.49606e-07 
2.2e-09 1.20398e-07 
2.25e-09 9.98472e-08 
2.3e-09 8.4311e-08 
2.35e-09 7.19401e-08 
2.4e-09 6.1745e-08 
2.45e-09 5.31523e-08 
2.5e-09 4.58047e-08 
2.55e-09 3.94823e-08 
2.6e-09 3.40245e-08 
2.65e-09 2.9315e-08 
2.7e-09 2.5263e-08 
2.75e-09 2.17919e-08 
2.8e-09 1.88331e-08 
2.85e-09 1.6324e-08 
2.9e-09 1.42062e-08 
2.95e-09 1.24254e-08 
3e-09 1.09313e-08 
3.05e-09 9.67794e-09 
3.1e-09 8.62495e-09 
3.15e-09 7.73715e-09 
3.2e-09 6.98496e-09 
3.25e-09 6.34384e-09 
3.3e-09 5.79376e-09 
3.35e-09 5.31849e-09 
3.4e-09 4.90492e-09 
3.45e-09 4.54251e-09 
3.5e-09 4.22273e-09 
3.55e-09 3.93875e-09 
3.6e-09 3.685e-09 
3.65e-09 3.45698e-09 
3.7e-09 3.25102e-09 
3.75e-09 3.06411e-09 
3.8e-09 2.89376e-09 
3.85e-09 2.7379e-09 
3.9e-09 2.5948e-09 
3.95e-09 2.46299e-09 
4e-09 2.34122e-09 
4.05e-09 2.22842e-09 
4.1e-09 2.12368e-09 
4.15e-09 2.02619e-09 
4.2e-09 1.93526e-09 
4.25e-09 1.85028e-09 
4.3e-09 1.7707e-09 
4.35e-09 1.69606e-09 
4.4e-09 1.62593e-09 
4.45e-09 1.55994e-09 
4.5e-09 1.49776e-09 
4.55e-09 1.43908e-09 
4.6e-09 1.38363e-09 
4.65e-09 1.33118e-09 
4.7e-09 1.2815e-09 
4.75e-09 1.23439e-09 
4.8e-09 1.18968e-09 
4.85e-09 1.14719e-09 
4.9e-09 1.10679e-09 
4.95e-09 1.06833e-09 
5e-09 1.0317e-09 
5.05e-09 9.96768e-10 
5.1e-09 9.63437e-10 
5.15e-09 9.3161e-10 
5.2e-09 9.01199e-10 
5.25e-09 8.72121e-10 
5.3e-09 8.443e-10 
5.35e-09 8.17666e-10 
5.4e-09 7.92155e-10 
5.45e-09 7.67705e-10 
5.5e-09 7.44261e-10 
5.55e-09 7.2177e-10 
5.6e-09 7.00184e-10 
5.65e-09 6.79458e-10 
5.7e-09 6.59548e-10 
5.75e-09 6.40416e-10 
5.8e-09 6.22023e-10 
5.85e-09 6.04337e-10 
5.9e-09 5.87323e-10 
5.95e-09 5.70951e-10 
6e-09 5.55193e-10 
6.05e-09 5.40022e-10 
6.1e-09 5.25411e-10 
6.15e-09 5.11338e-10 
6.2e-09 4.97779e-10 
6.25e-09 4.84713e-10 
6.3e-09 4.7212e-10 
6.35e-09 4.59981e-10 
6.4e-09 4.48277e-10 
6.45e-09 4.36993e-10 
6.5e-09 4.26111e-10 
6.55e-09 4.15616e-10 
6.6e-09 4.05494e-10 
6.65e-09 3.95732e-10 
6.7e-09 3.86315e-10 
6.75e-09 3.77232e-10 
6.8e-09 3.68471e-10 
6.85e-09 3.6002e-10 
6.9e-09 3.51869e-10 
6.95e-09 3.44008e-10 
7e-09 3.36427e-10 
7.05e-09 3.29117e-10 
7.1e-09 3.22069e-10 
7.15e-09 3.15274e-10 
7.2e-09 3.08725e-10 
7.25e-09 3.02414e-10 
7.3e-09 2.96334e-10 
7.35e-09 2.90477e-10 
7.4e-09 2.84838e-10 
7.45e-09 2.79409e-10 
7.5e-09 2.74184e-10 
7.55e-09 2.69158e-10 
7.6e-09 2.64325e-10 
7.65e-09 2.59679e-10 
7.7e-09 2.55215e-10 
7.75e-09 2.50929e-10 
7.8e-09 2.46815e-10 
7.85e-09 2.42868e-10 
7.9e-09 2.39085e-10 
7.95e-09 2.3546e-10 
8e-09 2.31991e-10 
8.05e-09 2.28671e-10 
8.1e-09 2.25498e-10 
8.15e-09 2.22468e-10 
8.2e-09 2.19577e-10 
8.25e-09 2.16821e-10 
8.3e-09 2.14198e-10 
8.35e-09 2.11702e-10 
8.4e-09 2.09332e-10 
8.45e-09 2.07084e-10 
8.5e-09 2.04954e-10 
8.55e-09 2.0294e-10 
8.6e-09 2.01038e-10 
8.65e-09 1.99246e-10 
8.7e-09 1.97561e-10 
8.75e-09 1.95979e-10 
8.8e-09 1.94499e-10 
8.85e-09 1.93116e-10 
8.9e-09 1.91829e-10 
8.95e-09 1.90635e-10 
9e-09 1.89531e-10 
9.05e-09 1.88514e-10 
9.1e-09 1.87583e-10 
9.15e-09 1.86734e-10 
9.2e-09 1.85965e-10 
9.25e-09 1.85273e-10 
9.3e-09 1.84657e-10 
9.35e-09 1.84114e-10 
9.4e-09 1.83642e-10 
9.45e-09 1.83237e-10 
9.5e-09 1.82899e-10 
9.55e-09 1.82625e-10 
9.6e-09 1.82412e-10 
9.65e-09 1.82258e-10 
9.7e-09 1.82162e-10 
9.75e-09 1.82121e-10 
9.8e-09 1.82134e-10 
9.85e-09 1.82197e-10 
9.9e-09 1.8231e-10 
9.95e-09 1.8247e-10 
1e-08 1.82675e-10 
