0 0 
5e-11 0 
1e-10 0 
1.5e-10 0 
2e-10 0 
2.5e-10 0 
3e-10 0 
3.5e-10 2.5e-28 
4e-10 7.5e-28 
4.5e-10 1.25e-27 
5e-10 1.5e-27 
5.5e-10 1.5e-27 
6e-10 1.5e-27 
6.5e-10 1.5e-27 
7e-10 1.5e-27 
7.5e-10 1.5e-27 
8e-10 1.5e-27 
8.5e-10 1.5e-27 
9e-10 1.5e-27 
9.5e-10 1.5e-27 
1e-09 1.5e-27 
1.05e-09 1.75e-27 
1.1e-09 2e-27 
1.15e-09 2e-27 
1.2e-09 2e-27 
1.25e-09 2e-27 
1.3e-09 2e-27 
1.35e-09 2e-27 
1.4e-09 2e-27 
1.45e-09 2e-27 
1.5e-09 2e-27 
1.55e-09 2e-27 
1.6e-09 2e-27 
1.65e-09 2e-27 
1.7e-09 2e-27 
1.75e-09 2e-27 
1.8e-09 2e-27 
1.85e-09 2e-27 
1.9e-09 2e-27 
1.95e-09 2e-27 
2e-09 3.57403e-18 
2.05e-09 1.40168e-17 
2.1e-09 2.58843e-17 
2.15e-09 3.47612e-17 
2.2e-09 4.17975e-17 
2.25e-09 4.76087e-17 
2.3e-09 5.25345e-17 
2.35e-09 5.67781e-17 
2.4e-09 6.04715e-17 
2.45e-09 6.37078e-17 
2.5e-09 6.65566e-17 
2.55e-09 6.90731e-17 
2.6e-09 7.13029e-17 
2.65e-09 7.32846e-17 
2.7e-09 7.50518e-17 
2.75e-09 7.66339e-17 
2.8e-09 7.8057e-17 
2.85e-09 7.93438e-17 
2.9e-09 8.05143e-17 
2.95e-09 8.15859e-17 
3e-09 8.25737e-17 
3.05e-09 8.34904e-17 
3.1e-09 8.43468e-17 
3.15e-09 8.51519e-17 
3.2e-09 8.59132e-17 
3.25e-09 8.66369e-17 
3.3e-09 8.73282e-17 
3.35e-09 8.79911e-17 
3.4e-09 8.86293e-17 
3.45e-09 8.92456e-17 
3.5e-09 8.98423e-17 
3.55e-09 9.04216e-17 
3.6e-09 9.09852e-17 
3.65e-09 9.15343e-17 
3.7e-09 9.20704e-17 
3.75e-09 9.25944e-17 
3.8e-09 9.31073e-17 
3.85e-09 9.36098e-17 
3.9e-09 9.41027e-17 
3.95e-09 9.45866e-17 
4e-09 9.5062e-17 
4.05e-09 9.55295e-17 
4.1e-09 9.59893e-17 
4.15e-09 9.64421e-17 
4.2e-09 9.6888e-17 
4.25e-09 9.73275e-17 
4.3e-09 9.77608e-17 
4.35e-09 9.81882e-17 
4.4e-09 9.861e-17 
4.45e-09 9.90263e-17 
4.5e-09 9.94374e-17 
4.55e-09 9.98435e-17 
4.6e-09 1.00245e-16 
4.65e-09 1.00641e-16 
4.7e-09 1.01033e-16 
4.75e-09 1.01421e-16 
4.8e-09 1.01804e-16 
4.85e-09 1.02184e-16 
4.9e-09 1.02559e-16 
4.95e-09 1.0293e-16 
5e-09 1.03298e-16 
5.05e-09 1.03662e-16 
5.1e-09 1.04022e-16 
5.15e-09 1.04379e-16 
5.2e-09 1.04732e-16 
5.25e-09 1.05082e-16 
5.3e-09 1.05429e-16 
5.35e-09 1.05773e-16 
5.4e-09 1.06113e-16 
5.45e-09 1.0645e-16 
5.5e-09 1.06784e-16 
5.55e-09 1.07116e-16 
5.6e-09 1.07444e-16 
5.65e-09 1.0777e-16 
5.7e-09 1.08093e-16 
5.75e-09 1.08413e-16 
5.8e-09 1.0873e-16 
5.85e-09 1.09045e-16 
5.9e-09 1.09357e-16 
5.95e-09 1.09666e-16 
6e-09 1.09973e-16 
6.05e-09 1.10278e-16 
6.1e-09 1.1058e-16 
6.15e-09 1.10879e-16 
6.2e-09 1.11176e-16 
6.25e-09 1.11471e-16 
6.3e-09 1.11764e-16 
6.35e-09 1.12054e-16 
6.4e-09 1.12342e-16 
6.45e-09 1.12628e-16 
6.5e-09 1.12911e-16 
6.55e-09 1.13193e-16 
6.6e-09 1.13472e-16 
6.65e-09 1.13749e-16 
6.7e-09 1.14024e-16 
6.75e-09 1.14298e-16 
6.8e-09 1.14569e-16 
6.85e-09 1.14838e-16 
6.9e-09 1.15105e-16 
6.95e-09 1.1537e-16 
7e-09 1.15633e-16 
7.05e-09 1.15894e-16 
7.1e-09 1.16154e-16 
7.15e-09 1.16412e-16 
7.2e-09 1.16667e-16 
7.25e-09 1.16921e-16 
7.3e-09 1.17174e-16 
7.35e-09 1.17424e-16 
7.4e-09 1.17673e-16 
7.45e-09 1.1792e-16 
7.5e-09 1.18165e-16 
7.55e-09 1.18409e-16 
7.6e-09 1.18651e-16 
7.65e-09 1.18891e-16 
7.7e-09 1.1913e-16 
7.75e-09 1.19367e-16 
7.8e-09 1.19602e-16 
7.85e-09 1.19836e-16 
7.9e-09 1.20069e-16 
7.95e-09 1.203e-16 
8e-09 1.20529e-16 
8.05e-09 1.20757e-16 
8.1e-09 1.20984e-16 
8.15e-09 1.21209e-16 
8.2e-09 1.21432e-16 
8.25e-09 1.21654e-16 
8.3e-09 1.21875e-16 
8.35e-09 1.22094e-16 
8.4e-09 1.22312e-16 
8.45e-09 1.22529e-16 
8.5e-09 1.22744e-16 
8.55e-09 1.22958e-16 
8.6e-09 1.2317e-16 
8.65e-09 1.23382e-16 
8.7e-09 1.23592e-16 
8.75e-09 1.238e-16 
8.8e-09 1.24007e-16 
8.85e-09 1.24213e-16 
8.9e-09 1.24418e-16 
8.95e-09 1.24622e-16 
9e-09 1.24824e-16 
9.05e-09 1.25025e-16 
9.1e-09 1.25225e-16 
9.15e-09 1.25424e-16 
9.2e-09 1.25621e-16 
9.25e-09 1.25817e-16 
9.3e-09 1.26012e-16 
9.35e-09 1.26206e-16 
9.4e-09 1.26398e-16 
9.45e-09 1.2659e-16 
9.5e-09 1.2678e-16 
9.55e-09 1.26969e-16 
9.6e-09 1.27157e-16 
9.65e-09 1.27344e-16 
9.7e-09 1.2753e-16 
9.75e-09 1.27714e-16 
9.8e-09 1.27898e-16 
9.85e-09 1.2808e-16 
9.9e-09 1.28261e-16 
9.95e-09 1.28441e-16 
1e-08 1.2862e-16 
