0 0 
5e-11 1e-17 
1e-10 2e-18 
1.5e-10 5e-18 
2e-10 0 
2.5e-10 1e-18 
3e-10 5e-18 
3.5e-10 4e-18 
4e-10 4e-18 
4.5e-10 5e-18 
5e-10 4e-18 
5.5e-10 1.1e-17 
6e-10 9e-18 
6.5e-10 7e-18 
7e-10 9e-18 
7.5e-10 7e-18 
8e-10 7e-18 
8.5e-10 8e-18 
9e-10 9e-18 
9.5e-10 8e-18 
1e-09 1e-18 
1.05e-09 3e-18 
1.1e-09 6e-18 
1.15e-09 8e-18 
1.2e-09 8e-18 
1.25e-09 9e-18 
1.3e-09 8e-18 
1.35e-09 8e-18 
1.4e-09 7e-18 
1.45e-09 7e-18 
1.5e-09 9e-18 
1.55e-09 2e-18 
1.6e-09 8e-18 
1.65e-09 9e-18 
1.7e-09 9e-18 
1.75e-09 9e-18 
1.8e-09 8e-18 
1.85e-09 7e-18 
1.9e-09 8e-18 
1.95e-09 8e-18 
2e-09 1.01073e-07 
2.05e-09 1.9771e-07 
2.1e-09 1.40108e-07 
2.15e-09 1.04391e-07 
2.2e-09 8.13404e-08 
2.25e-09 6.5472e-08 
2.3e-09 5.39477e-08 
2.35e-09 4.51795e-08 
2.4e-09 3.82463e-08 
2.45e-09 3.26247e-08 
2.5e-09 2.7967e-08 
2.55e-09 2.40572e-08 
2.6e-09 2.07556e-08 
2.65e-09 1.79634e-08 
2.7e-09 1.56045e-08 
2.75e-09 1.36156e-08 
2.8e-09 1.19418e-08 
2.85e-09 1.05345e-08 
2.9e-09 9.3504e-09 
2.95e-09 8.35183e-09 
3e-09 7.50642e-09 
3.05e-09 6.78695e-09 
3.1e-09 6.17091e-09 
3.15e-09 5.63991e-09 
3.2e-09 5.17903e-09 
3.25e-09 4.77623e-09 
3.3e-09 4.42179e-09 
3.35e-09 4.10788e-09 
3.4e-09 3.82817e-09 
3.45e-09 3.57749e-09 
3.5e-09 3.35165e-09 
3.55e-09 3.1472e-09 
3.6e-09 2.96128e-09 
3.65e-09 2.79151e-09 
3.7e-09 2.63591e-09 
3.75e-09 2.49279e-09 
3.8e-09 2.36073e-09 
3.85e-09 2.23851e-09 
3.9e-09 2.12507e-09 
3.95e-09 2.01953e-09 
4e-09 1.92109e-09 
4.05e-09 1.82906e-09 
4.1e-09 1.74286e-09 
4.15e-09 1.66195e-09 
4.2e-09 1.58586e-09 
4.25e-09 1.51419e-09 
4.3e-09 1.44657e-09 
4.35e-09 1.38267e-09 
4.4e-09 1.3222e-09 
4.45e-09 1.2649e-09 
4.5e-09 1.21052e-09 
4.55e-09 1.15887e-09 
4.6e-09 1.10973e-09 
4.65e-09 1.06295e-09 
4.7e-09 1.01836e-09 
4.75e-09 9.75807e-10 
4.8e-09 9.3517e-10 
4.85e-09 8.96325e-10 
4.9e-09 8.5916e-10 
4.95e-09 8.23574e-10 
5e-09 7.89472e-10 
5.05e-09 7.56769e-10 
5.1e-09 7.25384e-10 
5.15e-09 6.95243e-10 
5.2e-09 6.66279e-10 
5.25e-09 6.38428e-10 
5.3e-09 6.1163e-10 
5.35e-09 5.85832e-10 
5.4e-09 5.60982e-10 
5.45e-09 5.37033e-10 
5.5e-09 5.13941e-10 
5.55e-09 4.91663e-10 
5.6e-09 4.70161e-10 
5.65e-09 4.49399e-10 
5.7e-09 4.29343e-10 
5.75e-09 4.0996e-10 
5.8e-09 3.91221e-10 
5.85e-09 3.73097e-10 
5.9e-09 3.55561e-10 
5.95e-09 3.38589e-10 
6e-09 3.22156e-10 
6.05e-09 3.06241e-10 
6.1e-09 2.90822e-10 
6.15e-09 2.7588e-10 
6.2e-09 2.61394e-10 
6.25e-09 2.47348e-10 
6.3e-09 2.33725e-10 
6.35e-09 2.20507e-10 
6.4e-09 2.07681e-10 
6.45e-09 1.95231e-10 
6.5e-09 1.83144e-10 
6.55e-09 1.71406e-10 
6.6e-09 1.60005e-10 
6.65e-09 1.48929e-10 
6.7e-09 1.38167e-10 
6.75e-09 1.27708e-10 
6.8e-09 1.17541e-10 
6.85e-09 1.07657e-10 
6.9e-09 9.80454e-11 
6.95e-09 8.86986e-11 
7e-09 7.96073e-11 
7.05e-09 7.07633e-11 
7.1e-09 6.21588e-11 
7.15e-09 5.3786e-11 
7.2e-09 4.56378e-11 
7.25e-09 3.77072e-11 
7.3e-09 2.99876e-11 
7.35e-09 2.24725e-11 
7.4e-09 1.51558e-11 
7.45e-09 8.03153e-12 
7.5e-09 1.09408e-12 
7.55e-09 3.73926e-12 
7.6e-09 1.03193e-11 
7.65e-09 1.67282e-11 
7.7e-09 2.2971e-11 
7.75e-09 2.90523e-11 
7.8e-09 3.49765e-11 
7.85e-09 4.07481e-11 
7.9e-09 4.63713e-11 
7.95e-09 5.185e-11 
8e-09 5.71882e-11 
8.05e-09 6.23895e-11 
8.1e-09 6.74578e-11 
8.15e-09 7.23963e-11 
8.2e-09 7.72086e-11 
8.25e-09 8.18979e-11 
8.3e-09 8.64674e-11 
8.35e-09 9.092e-11 
8.4e-09 9.52588e-11 
8.45e-09 9.94866e-11 
8.5e-09 1.03606e-10 
8.55e-09 1.0762e-10 
8.6e-09 1.11531e-10 
8.65e-09 1.15342e-10 
8.7e-09 1.19054e-10 
8.75e-09 1.22671e-10 
8.8e-09 1.26194e-10 
8.85e-09 1.29626e-10 
8.9e-09 1.32969e-10 
8.95e-09 1.36225e-10 
9e-09 1.39396e-10 
9.05e-09 1.42484e-10 
9.1e-09 1.45491e-10 
9.15e-09 1.48419e-10 
9.2e-09 1.51269e-10 
9.25e-09 1.54043e-10 
9.3e-09 1.56743e-10 
9.35e-09 1.5937e-10 
9.4e-09 1.61927e-10 
9.45e-09 1.64414e-10 
9.5e-09 1.66833e-10 
9.55e-09 1.69186e-10 
9.6e-09 1.71475e-10 
9.65e-09 1.73699e-10 
9.7e-09 1.75861e-10 
9.75e-09 1.77963e-10 
9.8e-09 1.80004e-10 
9.85e-09 1.81988e-10 
9.9e-09 1.83914e-10 
9.95e-09 1.85784e-10 
1e-08 1.87599e-10 
