0 0 
5e-11 2.5e-28 
1e-10 7.5e-28 
1.5e-10 1.25e-27 
2e-10 1.5e-27 
2.5e-10 1.5e-27 
3e-10 1.75e-27 
3.5e-10 2.25e-27 
4e-10 2.5e-27 
4.5e-10 2.75e-27 
5e-10 3e-27 
5.5e-10 3.25e-27 
6e-10 3.5e-27 
6.5e-10 3.5e-27 
7e-10 3.5e-27 
7.5e-10 3.5e-27 
8e-10 3.5e-27 
8.5e-10 3.5e-27 
9e-10 3.5e-27 
9.5e-10 3.5e-27 
1e-09 3.75e-27 
1.05e-09 4.25e-27 
1.1e-09 4.5e-27 
1.15e-09 4.5e-27 
1.2e-09 4.5e-27 
1.25e-09 4.5e-27 
1.3e-09 4.5e-27 
1.35e-09 4.5e-27 
1.4e-09 4.5e-27 
1.45e-09 4.5e-27 
1.5e-09 4.5e-27 
1.55e-09 4.5e-27 
1.6e-09 4.5e-27 
1.65e-09 4.5e-27 
1.7e-09 4.5e-27 
1.75e-09 4.5e-27 
1.8e-09 4.5e-27 
1.85e-09 4.5e-27 
1.9e-09 4.5e-27 
1.95e-09 4.5e-27 
2e-09 3.5594e-18 
2.05e-09 1.39424e-17 
2.1e-09 2.57115e-17 
2.15e-09 3.4478e-17 
2.2e-09 4.13956e-17 
2.25e-09 4.70809e-17 
2.3e-09 5.18744e-17 
2.35e-09 5.59801e-17 
2.4e-09 5.95305e-17 
2.45e-09 6.26193e-17 
2.5e-09 6.53169e-17 
2.55e-09 6.76789e-17 
2.6e-09 6.97517e-17 
2.65e-09 7.15746e-17 
2.7e-09 7.31817e-17 
2.75e-09 7.4603e-17 
2.8e-09 7.58651e-17 
2.85e-09 7.69912e-17 
2.9e-09 7.80017e-17 
2.95e-09 7.89144e-17 
3e-09 7.97443e-17 
3.05e-09 8.05046e-17 
3.1e-09 8.1206e-17 
3.15e-09 8.18576e-17 
3.2e-09 8.2467e-17 
3.25e-09 8.30403e-17 
3.3e-09 8.35827e-17 
3.35e-09 8.40982e-17 
3.4e-09 8.45905e-17 
3.45e-09 8.50622e-17 
3.5e-09 8.55159e-17 
3.55e-09 8.59535e-17 
3.6e-09 8.63767e-17 
3.65e-09 8.67869e-17 
3.7e-09 8.71853e-17 
3.75e-09 8.7573e-17 
3.8e-09 8.79508e-17 
3.85e-09 8.83196e-17 
3.9e-09 8.868e-17 
3.95e-09 8.90326e-17 
4e-09 8.9378e-17 
4.05e-09 8.97167e-17 
4.1e-09 9.0049e-17 
4.15e-09 9.03754e-17 
4.2e-09 9.06961e-17 
4.25e-09 9.10117e-17 
4.3e-09 9.13222e-17 
4.35e-09 9.1628e-17 
4.4e-09 9.19293e-17 
4.45e-09 9.22264e-17 
4.5e-09 9.25193e-17 
4.55e-09 9.28084e-17 
4.6e-09 9.30938e-17 
4.65e-09 9.33757e-17 
4.7e-09 9.36541e-17 
4.75e-09 9.39293e-17 
4.8e-09 9.42013e-17 
4.85e-09 9.44703e-17 
4.9e-09 9.47363e-17 
4.95e-09 9.49996e-17 
5e-09 9.52602e-17 
5.05e-09 9.55181e-17 
5.1e-09 9.57735e-17 
5.15e-09 9.60264e-17 
5.2e-09 9.6277e-17 
5.25e-09 9.65252e-17 
5.3e-09 9.67712e-17 
5.35e-09 9.7015e-17 
5.4e-09 9.72567e-17 
5.45e-09 9.74963e-17 
5.5e-09 9.77339e-17 
5.55e-09 9.79696e-17 
5.6e-09 9.82033e-17 
5.65e-09 9.84352e-17 
5.7e-09 9.86653e-17 
5.75e-09 9.88935e-17 
5.8e-09 9.91201e-17 
5.85e-09 9.93449e-17 
5.9e-09 9.95681e-17 
5.95e-09 9.97897e-17 
6e-09 1.0001e-16 
6.05e-09 1.00228e-16 
6.1e-09 1.00445e-16 
6.15e-09 1.0066e-16 
6.2e-09 1.00874e-16 
6.25e-09 1.01087e-16 
6.3e-09 1.01298e-16 
6.35e-09 1.01507e-16 
6.4e-09 1.01716e-16 
6.45e-09 1.01923e-16 
6.5e-09 1.02128e-16 
6.55e-09 1.02333e-16 
6.6e-09 1.02536e-16 
6.65e-09 1.02738e-16 
6.7e-09 1.02938e-16 
6.75e-09 1.03138e-16 
6.8e-09 1.03336e-16 
6.85e-09 1.03533e-16 
6.9e-09 1.03729e-16 
6.95e-09 1.03924e-16 
7e-09 1.04117e-16 
7.05e-09 1.0431e-16 
7.1e-09 1.04502e-16 
7.15e-09 1.04692e-16 
7.2e-09 1.04881e-16 
7.25e-09 1.0507e-16 
7.3e-09 1.05257e-16 
7.35e-09 1.05444e-16 
7.4e-09 1.05629e-16 
7.45e-09 1.05813e-16 
7.5e-09 1.05997e-16 
7.55e-09 1.06179e-16 
7.6e-09 1.06361e-16 
7.65e-09 1.06542e-16 
7.7e-09 1.06722e-16 
7.75e-09 1.069e-16 
7.8e-09 1.07079e-16 
7.85e-09 1.07256e-16 
7.9e-09 1.07432e-16 
7.95e-09 1.07608e-16 
8e-09 1.07782e-16 
8.05e-09 1.07956e-16 
8.1e-09 1.0813e-16 
8.15e-09 1.08302e-16 
8.2e-09 1.08473e-16 
8.25e-09 1.08644e-16 
8.3e-09 1.08814e-16 
8.35e-09 1.08984e-16 
8.4e-09 1.09152e-16 
8.45e-09 1.0932e-16 
8.5e-09 1.09487e-16 
8.55e-09 1.09654e-16 
8.6e-09 1.0982e-16 
8.65e-09 1.09985e-16 
8.7e-09 1.10149e-16 
8.75e-09 1.10313e-16 
8.8e-09 1.10476e-16 
8.85e-09 1.10639e-16 
8.9e-09 1.10801e-16 
8.95e-09 1.10962e-16 
9e-09 1.11122e-16 
9.05e-09 1.11282e-16 
9.1e-09 1.11442e-16 
9.15e-09 1.116e-16 
9.2e-09 1.11759e-16 
9.25e-09 1.11916e-16 
9.3e-09 1.12073e-16 
9.35e-09 1.1223e-16 
9.4e-09 1.12385e-16 
9.45e-09 1.12541e-16 
9.5e-09 1.12695e-16 
9.55e-09 1.12849e-16 
9.6e-09 1.13003e-16 
9.65e-09 1.13156e-16 
9.7e-09 1.13308e-16 
9.75e-09 1.1346e-16 
9.8e-09 1.13612e-16 
9.85e-09 1.13762e-16 
9.9e-09 1.13913e-16 
9.95e-09 1.14062e-16 
1e-08 1.14212e-16 
