0 0 
5e-11 0 
1e-10 0 
1.5e-10 0 
2e-10 0 
2.5e-10 0 
3e-10 0 
3.5e-10 0 
4e-10 0 
4.5e-10 0 
5e-10 0 
5.5e-10 0 
6e-10 0 
6.5e-10 0 
7e-10 0 
7.5e-10 0 
8e-10 0 
8.5e-10 0 
9e-10 0 
9.5e-10 0 
1e-09 0 
1.05e-09 0 
1.1e-09 0 
1.15e-09 0 
1.2e-09 0 
1.25e-09 0 
1.3e-09 0 
1.35e-09 0 
1.4e-09 0 
1.45e-09 0 
1.5e-09 0 
1.55e-09 0 
1.6e-09 0 
1.65e-09 0 
1.7e-09 0 
1.75e-09 0 
1.8e-09 0 
1.85e-09 0 
1.9e-09 0 
1.95e-09 0 
2e-09 1.02593e-07 
2.05e-09 2.0437e-07 
2.1e-09 1.49351e-07 
2.15e-09 1.15085e-07 
2.2e-09 9.29494e-08 
2.25e-09 7.77331e-08 
2.3e-09 6.66891e-08 
2.35e-09 5.8291e-08 
2.4e-09 5.16466e-08 
2.45e-09 4.62497e-08 
2.5e-09 4.17625e-08 
2.55e-09 3.79735e-08 
2.6e-09 3.47454e-08 
2.65e-09 3.1983e-08 
2.7e-09 2.96146e-08 
2.75e-09 2.75825e-08 
2.8e-09 2.58381e-08 
2.85e-09 2.43389e-08 
2.9e-09 2.30473e-08 
2.95e-09 2.19306e-08 
3e-09 2.09603e-08 
3.05e-09 2.01121e-08 
3.1e-09 1.93654e-08 
3.15e-09 1.87032e-08 
3.2e-09 1.81115e-08 
3.25e-09 1.75787e-08 
3.3e-09 1.70953e-08 
3.35e-09 1.66537e-08 
3.4e-09 1.62476e-08 
3.45e-09 1.58719e-08 
3.5e-09 1.55223e-08 
3.55e-09 1.51953e-08 
3.6e-09 1.48881e-08 
3.65e-09 1.45982e-08 
3.7e-09 1.43237e-08 
3.75e-09 1.40627e-08 
3.8e-09 1.38139e-08 
3.85e-09 1.35761e-08 
3.9e-09 1.33481e-08 
3.95e-09 1.31291e-08 
4e-09 1.29182e-08 
4.05e-09 1.27147e-08 
4.1e-09 1.25181e-08 
4.15e-09 1.23277e-08 
4.2e-09 1.21432e-08 
4.25e-09 1.19641e-08 
4.3e-09 1.17899e-08 
4.35e-09 1.16205e-08 
4.4e-09 1.14554e-08 
4.45e-09 1.12945e-08 
4.5e-09 1.11374e-08 
4.55e-09 1.09839e-08 
4.6e-09 1.08338e-08 
4.65e-09 1.06871e-08 
4.7e-09 1.05433e-08 
4.75e-09 1.04026e-08 
4.8e-09 1.02646e-08 
4.85e-09 1.01292e-08 
4.9e-09 9.99642e-09 
4.95e-09 9.86606e-09 
5e-09 9.73801e-09 
5.05e-09 9.61219e-09 
5.1e-09 9.48851e-09 
5.15e-09 9.36689e-09 
5.2e-09 9.24727e-09 
5.25e-09 9.12956e-09 
5.3e-09 9.01369e-09 
5.35e-09 8.89962e-09 
5.4e-09 8.78728e-09 
5.45e-09 8.67661e-09 
5.5e-09 8.56757e-09 
5.55e-09 8.46011e-09 
5.6e-09 8.35417e-09 
5.65e-09 8.24973e-09 
5.7e-09 8.14673e-09 
5.75e-09 8.04514e-09 
5.8e-09 7.94493e-09 
5.85e-09 7.84605e-09 
5.9e-09 7.74848e-09 
5.95e-09 7.65219e-09 
6e-09 7.55715e-09 
6.05e-09 7.46332e-09 
6.1e-09 7.37068e-09 
6.15e-09 7.27921e-09 
6.2e-09 7.18888e-09 
6.25e-09 7.09967e-09 
6.3e-09 7.01155e-09 
6.35e-09 6.92451e-09 
6.4e-09 6.83852e-09 
6.45e-09 6.75357e-09 
6.5e-09 6.66963e-09 
6.55e-09 6.58668e-09 
6.6e-09 6.50472e-09 
6.65e-09 6.42371e-09 
6.7e-09 6.34366e-09 
6.75e-09 6.26453e-09 
6.8e-09 6.18632e-09 
6.85e-09 6.109e-09 
6.9e-09 6.03258e-09 
6.95e-09 5.95702e-09 
7e-09 5.88232e-09 
7.05e-09 5.80847e-09 
7.1e-09 5.73545e-09 
7.15e-09 5.66324e-09 
7.2e-09 5.59185e-09 
7.25e-09 5.52125e-09 
7.3e-09 5.45144e-09 
7.35e-09 5.38239e-09 
7.4e-09 5.31411e-09 
7.45e-09 5.24658e-09 
7.5e-09 5.1798e-09 
7.55e-09 5.11374e-09 
7.6e-09 5.0484e-09 
7.65e-09 4.98377e-09 
7.7e-09 4.91985e-09 
7.75e-09 4.85661e-09 
7.8e-09 4.79406e-09 
7.85e-09 4.73217e-09 
7.9e-09 4.67096e-09 
7.95e-09 4.61039e-09 
8e-09 4.55047e-09 
8.05e-09 4.49119e-09 
8.1e-09 4.43254e-09 
8.15e-09 4.37451e-09 
8.2e-09 4.31709e-09 
8.25e-09 4.26028e-09 
8.3e-09 4.20406e-09 
8.35e-09 4.14843e-09 
8.4e-09 4.09338e-09 
8.45e-09 4.0389e-09 
8.5e-09 3.98499e-09 
8.55e-09 3.93164e-09 
8.6e-09 3.87884e-09 
8.65e-09 3.82658e-09 
8.7e-09 3.77486e-09 
8.75e-09 3.72368e-09 
8.8e-09 3.67301e-09 
8.85e-09 3.62286e-09 
8.9e-09 3.57323e-09 
8.95e-09 3.52409e-09 
9e-09 3.47546e-09 
9.05e-09 3.42731e-09 
9.1e-09 3.37965e-09 
9.15e-09 3.33247e-09 
9.2e-09 3.28577e-09 
9.25e-09 3.23953e-09 
9.3e-09 3.19375e-09 
9.35e-09 3.14843e-09 
9.4e-09 3.10356e-09 
9.45e-09 3.05913e-09 
9.5e-09 3.01515e-09 
9.55e-09 2.9716e-09 
9.6e-09 2.92848e-09 
9.65e-09 2.88578e-09 
9.7e-09 2.8435e-09 
9.75e-09 2.80164e-09 
9.8e-09 2.76019e-09 
9.85e-09 2.71914e-09 
9.9e-09 2.67849e-09 
9.95e-09 2.63824e-09 
1e-08 2.59838e-09 
