0 0 
5e-11 9.2e-18 
1e-10 6e-19 
1.5e-10 1.1e-18 
2e-10 2.2e-18 
2.5e-10 3.2e-18 
3e-10 4.4e-18 
3.5e-10 3.1e-18 
4e-10 3.4e-18 
4.5e-10 1.6e-18 
5e-10 2.1e-18 
5.5e-10 5.4e-18 
6e-10 1.1e-18 
6.5e-10 8e-19 
7e-10 1.3e-18 
7.5e-10 1.5e-18 
8e-10 1e-19 
8.5e-10 1.2e-18 
9e-10 9e-19 
9.5e-10 2.7e-18 
1e-09 2.2e-18 
1.05e-09 8e-18 
1.1e-09 1e-19 
1.15e-09 1e-18 
1.2e-09 1.2e-18 
1.25e-09 1e-19 
1.3e-09 7e-19 
1.35e-09 2e-18 
1.4e-09 1e-19 
1.45e-09 5e-19 
1.5e-09 3.9e-18 
1.55e-09 2.7e-18 
1.6e-09 0 
1.65e-09 0 
1.7e-09 5e-19 
1.75e-09 1.8e-18 
1.8e-09 8e-19 
1.85e-09 1e-19 
1.9e-09 2e-19 
1.95e-09 2.7e-18 
2e-09 1.03083e-07 
2.05e-09 2.04334e-07 
2.1e-09 1.47747e-07 
2.15e-09 1.12987e-07 
2.2e-09 9.06025e-08 
2.25e-09 7.50596e-08 
2.3e-09 6.35298e-08 
2.35e-09 5.45131e-08 
2.4e-09 4.71667e-08 
2.45e-09 4.10324e-08 
2.5e-09 3.58179e-08 
2.55e-09 3.13479e-08 
2.6e-09 2.7508e-08 
2.65e-09 2.42131e-08 
2.7e-09 2.13925e-08 
2.75e-09 1.89834e-08 
2.8e-09 1.69274e-08 
2.85e-09 1.51711e-08 
2.9e-09 1.36661e-08 
2.95e-09 1.23704e-08 
3e-09 1.12483e-08 
3.05e-09 1.02705e-08 
3.1e-09 9.41289e-09 
3.15e-09 8.65623e-09 
3.2e-09 7.9848e-09 
3.25e-09 7.38585e-09 
3.3e-09 6.84899e-09 
3.35e-09 6.36563e-09 
3.4e-09 5.92868e-09 
3.45e-09 5.53222e-09 
3.5e-09 5.17127e-09 
3.55e-09 4.84164e-09 
3.6e-09 4.53975e-09 
3.65e-09 4.26254e-09 
3.7e-09 4.0074e-09 
3.75e-09 3.77204e-09 
3.8e-09 3.55448e-09 
3.85e-09 3.35301e-09 
3.9e-09 3.1661e-09 
3.95e-09 2.9924e-09 
4e-09 2.83075e-09 
4.05e-09 2.68007e-09 
4.1e-09 2.53942e-09 
4.15e-09 2.40797e-09 
4.2e-09 2.28494e-09 
4.25e-09 2.16967e-09 
4.3e-09 2.06153e-09 
4.35e-09 1.95996e-09 
4.4e-09 1.86446e-09 
4.45e-09 1.77457e-09 
4.5e-09 1.68986e-09 
4.55e-09 1.60995e-09 
4.6e-09 1.5345e-09 
4.65e-09 1.46318e-09 
4.7e-09 1.39571e-09 
4.75e-09 1.3318e-09 
4.8e-09 1.27122e-09 
4.85e-09 1.21375e-09 
4.9e-09 1.15916e-09 
4.95e-09 1.10727e-09 
5e-09 1.0579e-09 
5.05e-09 1.01089e-09 
5.1e-09 9.66086e-10 
5.15e-09 9.23347e-10 
5.2e-09 8.82546e-10 
5.25e-09 8.43561e-10 
5.3e-09 8.06283e-10 
5.35e-09 7.70609e-10 
5.4e-09 7.36443e-10 
5.45e-09 7.03696e-10 
5.5e-09 6.72285e-10 
5.55e-09 6.42135e-10 
5.6e-09 6.13174e-10 
5.65e-09 5.85334e-10 
5.7e-09 5.58555e-10 
5.75e-09 5.32778e-10 
5.8e-09 5.0795e-10 
5.85e-09 4.84019e-10 
5.9e-09 4.60939e-10 
5.95e-09 4.38666e-10 
6e-09 4.17159e-10 
6.05e-09 3.96378e-10 
6.1e-09 3.76288e-10 
6.15e-09 3.56855e-10 
6.2e-09 3.38046e-10 
6.25e-09 3.19833e-10 
6.3e-09 3.02186e-10 
6.35e-09 2.8508e-10 
6.4e-09 2.68489e-10 
6.45e-09 2.5239e-10 
6.5e-09 2.36762e-10 
6.55e-09 2.21583e-10 
6.6e-09 2.06834e-10 
6.65e-09 1.92496e-10 
6.7e-09 1.78552e-10 
6.75e-09 1.64985e-10 
6.8e-09 1.51781e-10 
6.85e-09 1.38923e-10 
6.9e-09 1.26399e-10 
6.95e-09 1.14194e-10 
7e-09 1.02297e-10 
7.05e-09 9.06957e-11 
7.1e-09 7.93787e-11 
7.15e-09 6.83354e-11 
7.2e-09 5.75556e-11 
7.25e-09 4.70297e-11 
7.3e-09 3.67486e-11 
7.35e-09 2.67034e-11 
7.4e-09 1.68859e-11 
7.45e-09 7.28831e-12 
7.5e-09 1.89823e-12 
7.55e-09 1.10784e-11 
7.6e-09 2.00604e-11 
7.65e-09 2.88506e-11 
7.7e-09 3.74552e-11 
7.75e-09 4.58803e-11 
7.8e-09 5.41316e-11 
7.85e-09 6.22144e-11 
7.9e-09 7.01339e-11 
7.95e-09 7.78953e-11 
8e-09 8.55031e-11 
8.05e-09 9.29621e-11 
8.1e-09 1.00277e-10 
8.15e-09 1.07451e-10 
8.2e-09 1.14489e-10 
8.25e-09 1.21394e-10 
8.3e-09 1.28171e-10 
8.35e-09 1.34823e-10 
8.4e-09 1.41353e-10 
8.45e-09 1.47764e-10 
8.5e-09 1.54061e-10 
8.55e-09 1.60245e-10 
8.6e-09 1.6632e-10 
8.65e-09 1.72288e-10 
8.7e-09 1.78153e-10 
8.75e-09 1.83917e-10 
8.8e-09 1.89582e-10 
8.85e-09 1.95151e-10 
8.9e-09 2.00627e-10 
8.95e-09 2.06011e-10 
9e-09 2.11306e-10 
9.05e-09 2.16513e-10 
9.1e-09 2.21636e-10 
9.15e-09 2.26676e-10 
9.2e-09 2.31634e-10 
9.25e-09 2.36513e-10 
9.3e-09 2.41315e-10 
9.35e-09 2.4604e-10 
9.4e-09 2.50692e-10 
9.45e-09 2.55271e-10 
9.5e-09 2.5978e-10 
9.55e-09 2.64219e-10 
9.6e-09 2.6859e-10 
9.65e-09 2.72894e-10 
9.7e-09 2.77134e-10 
9.75e-09 2.8131e-10 
9.8e-09 2.85423e-10 
9.85e-09 2.89476e-10 
9.9e-09 2.93469e-10 
9.95e-09 2.97402e-10 
1e-08 3.01279e-10 
