0 0 
5e-11 2.5e-29 
1e-10 1.5e-28 
1.5e-10 4.25e-28 
2e-10 7e-28 
2.5e-10 9.5e-28 
3e-10 1.1e-27 
3.5e-10 1.1e-27 
4e-10 1.125e-27 
4.5e-10 1.175e-27 
5e-10 1.35e-27 
5.5e-10 1.625e-27 
6e-10 1.875e-27 
6.5e-10 2.125e-27 
7e-10 2.35e-27 
7.5e-10 2.575e-27 
8e-10 2.825e-27 
8.5e-10 3.025e-27 
9e-10 3.2e-27 
9.5e-10 3.375e-27 
1e-09 3.625e-27 
1.05e-09 4.075e-27 
1.1e-09 4.45e-27 
1.15e-09 4.7e-27 
1.2e-09 4.975e-27 
1.25e-09 5.225e-27 
1.3e-09 5.45e-27 
1.35e-09 5.625e-27 
1.4e-09 5.825e-27 
1.45e-09 6.05e-27 
1.5e-09 6.15e-27 
1.55e-09 6.325e-27 
1.6e-09 6.675e-27 
1.65e-09 6.925e-27 
1.7e-09 7.125e-27 
1.75e-09 7.375e-27 
1.8e-09 7.6e-27 
1.85e-09 7.775e-27 
1.9e-09 7.95e-27 
1.95e-09 8.15e-27 
2e-09 3.57472e-18 
2.05e-09 1.40298e-17 
2.1e-09 2.59163e-17 
2.15e-09 3.48149e-17 
2.2e-09 4.1885e-17 
2.25e-09 4.77367e-17 
2.3e-09 5.27003e-17 
2.35e-09 5.69692e-17 
2.4e-09 6.06676e-17 
2.45e-09 6.38832e-17 
2.5e-09 6.6683e-17 
2.55e-09 6.91215e-17 
2.6e-09 7.1245e-17 
2.65e-09 7.30943e-17 
2.7e-09 7.47057e-17 
2.75e-09 7.61116e-17 
2.8e-09 7.73411e-17 
2.85e-09 7.84201e-17 
2.9e-09 7.93712e-17 
2.95e-09 8.02142e-17 
3e-09 8.09659e-17 
3.05e-09 8.16402e-17 
3.1e-09 8.22487e-17 
3.15e-09 8.28011e-17 
3.2e-09 8.33051e-17 
3.25e-09 8.37671e-17 
3.3e-09 8.41925e-17 
3.35e-09 8.45855e-17 
3.4e-09 8.49499e-17 
3.45e-09 8.52887e-17 
3.5e-09 8.56045e-17 
3.55e-09 8.58997e-17 
3.6e-09 8.61762e-17 
3.65e-09 8.64356e-17 
3.7e-09 8.66794e-17 
3.75e-09 8.69091e-17 
3.8e-09 8.71256e-17 
3.85e-09 8.733e-17 
3.9e-09 8.75233e-17 
3.95e-09 8.77063e-17 
4e-09 8.78797e-17 
4.05e-09 8.80441e-17 
4.1e-09 8.82003e-17 
4.15e-09 8.83487e-17 
4.2e-09 8.84899e-17 
4.25e-09 8.86243e-17 
4.3e-09 8.87524e-17 
4.35e-09 8.88745e-17 
4.4e-09 8.8991e-17 
4.45e-09 8.91023e-17 
4.5e-09 8.92087e-17 
4.55e-09 8.93104e-17 
4.6e-09 8.94077e-17 
4.65e-09 8.95008e-17 
4.7e-09 8.95901e-17 
4.75e-09 8.96756e-17 
4.8e-09 8.97577e-17 
4.85e-09 8.98364e-17 
4.9e-09 8.99121e-17 
4.95e-09 8.99847e-17 
5e-09 9.00545e-17 
5.05e-09 9.01216e-17 
5.1e-09 9.01862e-17 
5.15e-09 9.02483e-17 
5.2e-09 9.03082e-17 
5.25e-09 9.03658e-17 
5.3e-09 9.04213e-17 
5.35e-09 9.04748e-17 
5.4e-09 9.05264e-17 
5.45e-09 9.05762e-17 
5.5e-09 9.06242e-17 
5.55e-09 9.06706e-17 
5.6e-09 9.07153e-17 
5.65e-09 9.07585e-17 
5.7e-09 9.08002e-17 
5.75e-09 9.08405e-17 
5.8e-09 9.08795e-17 
5.85e-09 9.09171e-17 
5.9e-09 9.09535e-17 
5.95e-09 9.09886e-17 
6e-09 9.10226e-17 
6.05e-09 9.10555e-17 
6.1e-09 9.10873e-17 
6.15e-09 9.11181e-17 
6.2e-09 9.11478e-17 
6.25e-09 9.11766e-17 
6.3e-09 9.12044e-17 
6.35e-09 9.12313e-17 
6.4e-09 9.12574e-17 
6.45e-09 9.12826e-17 
6.5e-09 9.13069e-17 
6.55e-09 9.13305e-17 
6.6e-09 9.13533e-17 
6.65e-09 9.13754e-17 
6.7e-09 9.13967e-17 
6.75e-09 9.14173e-17 
6.8e-09 9.14372e-17 
6.85e-09 9.14565e-17 
6.9e-09 9.14752e-17 
6.95e-09 9.14932e-17 
7e-09 9.15105e-17 
7.05e-09 9.15273e-17 
7.1e-09 9.15436e-17 
7.15e-09 9.15592e-17 
7.2e-09 9.15743e-17 
7.25e-09 9.15889e-17 
7.3e-09 9.1603e-17 
7.35e-09 9.16165e-17 
7.4e-09 9.16296e-17 
7.45e-09 9.16421e-17 
7.5e-09 9.16543e-17 
7.55e-09 9.16659e-17 
7.6e-09 9.16771e-17 
7.65e-09 9.16879e-17 
7.7e-09 9.16982e-17 
7.75e-09 9.17081e-17 
7.8e-09 9.17176e-17 
7.85e-09 9.17267e-17 
7.9e-09 9.17354e-17 
7.95e-09 9.17438e-17 
8e-09 9.17517e-17 
8.05e-09 9.17593e-17 
8.1e-09 9.17666e-17 
8.15e-09 9.17734e-17 
8.2e-09 9.178e-17 
8.25e-09 9.17862e-17 
8.3e-09 9.17921e-17 
8.35e-09 9.17976e-17 
8.4e-09 9.18028e-17 
8.45e-09 9.18078e-17 
8.5e-09 9.18124e-17 
8.55e-09 9.18167e-17 
8.6e-09 9.18207e-17 
8.65e-09 9.18245e-17 
8.7e-09 9.18279e-17 
8.75e-09 9.18311e-17 
8.8e-09 9.1834e-17 
8.85e-09 9.18367e-17 
8.9e-09 9.18391e-17 
8.95e-09 9.18412e-17 
9e-09 9.18431e-17 
9.05e-09 9.18447e-17 
9.1e-09 9.1846e-17 
9.15e-09 9.18472e-17 
9.2e-09 9.18481e-17 
9.25e-09 9.18488e-17 
9.3e-09 9.18492e-17 
9.35e-09 9.18494e-17 
9.4e-09 9.18495e-17 
9.45e-09 9.18497e-17 
9.5e-09 9.18501e-17 
9.55e-09 9.18508e-17 
9.6e-09 9.18516e-17 
9.65e-09 9.18526e-17 
9.7e-09 9.18539e-17 
9.75e-09 9.18553e-17 
9.8e-09 9.1857e-17 
9.85e-09 9.18588e-17 
9.9e-09 9.18608e-17 
9.95e-09 9.1863e-17 
1e-08 9.18654e-17 
