0 0 
5e-11 0 
1e-10 0 
1.5e-10 0 
2e-10 0 
2.5e-10 0 
3e-10 0 
3.5e-10 0 
4e-10 0 
4.5e-10 0 
5e-10 0 
5.5e-10 0 
6e-10 0 
6.5e-10 0 
7e-10 0 
7.5e-10 0 
8e-10 0 
8.5e-10 0 
9e-10 0 
9.5e-10 0 
1e-09 0 
1.05e-09 0 
1.1e-09 0 
1.15e-09 0 
1.2e-09 0 
1.25e-09 0 
1.3e-09 0 
1.35e-09 0 
1.4e-09 0 
1.45e-09 0 
1.5e-09 0 
1.55e-09 0 
1.6e-09 0 
1.65e-09 0 
1.7e-09 0 
1.75e-09 0 
1.8e-09 0 
1.85e-09 0 
1.9e-09 0 
1.95e-09 0 
2e-09 3.58765e-18 
2.05e-09 1.40874e-17 
2.1e-09 2.60496e-17 
2.15e-09 3.50339e-17 
2.2e-09 4.21857e-17 
2.25e-09 4.81189e-17 
2.3e-09 5.31725e-17 
2.35e-09 5.7549e-17 
2.4e-09 6.138e-17 
2.45e-09 6.47578e-17 
2.5e-09 6.77515e-17 
2.55e-09 7.04156e-17 
2.6e-09 7.2795e-17 
2.65e-09 7.49278e-17 
2.7e-09 7.68469e-17 
2.75e-09 7.85812e-17 
2.8e-09 8.01562e-17 
2.85e-09 8.15942e-17 
2.9e-09 8.29149e-17 
2.95e-09 8.41353e-17 
3e-09 8.52702e-17 
3.05e-09 8.63322e-17 
3.1e-09 8.73319e-17 
3.15e-09 8.82785e-17 
3.2e-09 8.91792e-17 
3.25e-09 9.00404e-17 
3.3e-09 9.08671e-17 
3.35e-09 9.16636e-17 
3.4e-09 9.24334e-17 
3.45e-09 9.31793e-17 
3.5e-09 9.3904e-17 
3.55e-09 9.46093e-17 
3.6e-09 9.52971e-17 
3.65e-09 9.59687e-17 
3.7e-09 9.66255e-17 
3.75e-09 9.72685e-17 
3.8e-09 9.78987e-17 
3.85e-09 9.85169e-17 
3.9e-09 9.91237e-17 
3.95e-09 9.972e-17 
4e-09 1.00306e-16 
4.05e-09 1.00883e-16 
4.1e-09 1.0145e-16 
4.15e-09 1.02009e-16 
4.2e-09 1.02559e-16 
4.25e-09 1.03102e-16 
4.3e-09 1.03636e-16 
4.35e-09 1.04164e-16 
4.4e-09 1.04684e-16 
4.45e-09 1.05197e-16 
4.5e-09 1.05704e-16 
4.55e-09 1.06204e-16 
4.6e-09 1.06698e-16 
4.65e-09 1.07185e-16 
4.7e-09 1.07667e-16 
4.75e-09 1.08143e-16 
4.8e-09 1.08614e-16 
4.85e-09 1.09078e-16 
4.9e-09 1.09538e-16 
4.95e-09 1.09992e-16 
5e-09 1.10442e-16 
5.05e-09 1.10886e-16 
5.1e-09 1.11325e-16 
5.15e-09 1.1176e-16 
5.2e-09 1.1219e-16 
5.25e-09 1.12615e-16 
5.3e-09 1.13036e-16 
5.35e-09 1.13452e-16 
5.4e-09 1.13864e-16 
5.45e-09 1.14271e-16 
5.5e-09 1.14675e-16 
5.55e-09 1.15074e-16 
5.6e-09 1.15469e-16 
5.65e-09 1.1586e-16 
5.7e-09 1.16247e-16 
5.75e-09 1.16631e-16 
5.8e-09 1.1701e-16 
5.85e-09 1.17386e-16 
5.9e-09 1.17758e-16 
5.95e-09 1.18126e-16 
6e-09 1.1849e-16 
6.05e-09 1.18851e-16 
6.1e-09 1.19209e-16 
6.15e-09 1.19563e-16 
6.2e-09 1.19914e-16 
6.25e-09 1.20261e-16 
6.3e-09 1.20605e-16 
6.35e-09 1.20946e-16 
6.4e-09 1.21283e-16 
6.45e-09 1.21617e-16 
6.5e-09 1.21948e-16 
6.55e-09 1.22276e-16 
6.6e-09 1.22601e-16 
6.65e-09 1.22922e-16 
6.7e-09 1.23241e-16 
6.75e-09 1.23557e-16 
6.8e-09 1.2387e-16 
6.85e-09 1.2418e-16 
6.9e-09 1.24487e-16 
6.95e-09 1.24791e-16 
7e-09 1.25092e-16 
7.05e-09 1.25391e-16 
7.1e-09 1.25687e-16 
7.15e-09 1.2598e-16 
7.2e-09 1.26271e-16 
7.25e-09 1.26559e-16 
7.3e-09 1.26844e-16 
7.35e-09 1.27127e-16 
7.4e-09 1.27407e-16 
7.45e-09 1.27685e-16 
7.5e-09 1.2796e-16 
7.55e-09 1.28233e-16 
7.6e-09 1.28503e-16 
7.65e-09 1.28771e-16 
7.7e-09 1.29037e-16 
7.75e-09 1.293e-16 
7.8e-09 1.29561e-16 
7.85e-09 1.2982e-16 
7.9e-09 1.30076e-16 
7.95e-09 1.3033e-16 
8e-09 1.30582e-16 
8.05e-09 1.30832e-16 
8.1e-09 1.31079e-16 
8.15e-09 1.31325e-16 
8.2e-09 1.31568e-16 
8.25e-09 1.31809e-16 
8.3e-09 1.32048e-16 
8.35e-09 1.32285e-16 
8.4e-09 1.3252e-16 
8.45e-09 1.32753e-16 
8.5e-09 1.32984e-16 
8.55e-09 1.33213e-16 
8.6e-09 1.3344e-16 
8.65e-09 1.33665e-16 
8.7e-09 1.33888e-16 
8.75e-09 1.34109e-16 
8.8e-09 1.34328e-16 
8.85e-09 1.34545e-16 
8.9e-09 1.34761e-16 
8.95e-09 1.34974e-16 
9e-09 1.35186e-16 
9.05e-09 1.35396e-16 
9.1e-09 1.35604e-16 
9.15e-09 1.3581e-16 
9.2e-09 1.36014e-16 
9.25e-09 1.36217e-16 
9.3e-09 1.36417e-16 
9.35e-09 1.36616e-16 
9.4e-09 1.36813e-16 
9.45e-09 1.37009e-16 
9.5e-09 1.37203e-16 
9.55e-09 1.37395e-16 
9.6e-09 1.37585e-16 
9.65e-09 1.37774e-16 
9.7e-09 1.37961e-16 
9.75e-09 1.38146e-16 
9.8e-09 1.38329e-16 
9.85e-09 1.38511e-16 
9.9e-09 1.38691e-16 
9.95e-09 1.3887e-16 
1e-08 1.39047e-16 
