0 0 
5e-11 0 
1e-10 0 
1.5e-10 0 
2e-10 0 
2.5e-10 0 
3e-10 0 
3.5e-10 0 
4e-10 0 
4.5e-10 0 
5e-10 0 
5.5e-10 0 
6e-10 0 
6.5e-10 0 
7e-10 0 
7.5e-10 0 
8e-10 0 
8.5e-10 0 
9e-10 0 
9.5e-10 0 
1e-09 0 
1.05e-09 0 
1.1e-09 0 
1.15e-09 0 
1.2e-09 0 
1.25e-09 0 
1.3e-09 0 
1.35e-09 0 
1.4e-09 0 
1.45e-09 0 
1.5e-09 0 
1.55e-09 0 
1.6e-09 0 
1.65e-09 0 
1.7e-09 0 
1.75e-09 0 
1.8e-09 0 
1.85e-09 0 
1.9e-09 0 
1.95e-09 0 
2e-09 1.43506e-07 
2.05e-09 2.76484e-07 
2.1e-09 2.02004e-07 
2.15e-09 1.57367e-07 
2.2e-09 1.28706e-07 
2.25e-09 1.08625e-07 
2.3e-09 9.35194e-08 
2.35e-09 8.15396e-08 
2.4e-09 7.16979e-08 
2.45e-09 6.34155e-08 
2.5e-09 5.63329e-08 
2.55e-09 5.02302e-08 
2.6e-09 4.49463e-08 
2.65e-09 4.03657e-08 
2.7e-09 3.63995e-08 
2.75e-09 3.2974e-08 
2.8e-09 3.00251e-08 
2.85e-09 2.74951e-08 
2.9e-09 2.53311e-08 
2.95e-09 2.34847e-08 
3e-09 2.19109e-08 
3.05e-09 2.05691e-08 
3.1e-09 1.94225e-08 
3.15e-09 1.84392e-08 
3.2e-09 1.75913e-08 
3.25e-09 1.68556e-08 
3.3e-09 1.62127e-08 
3.35e-09 1.56466e-08 
3.4e-09 1.51443e-08 
3.45e-09 1.4695e-08 
3.5e-09 1.42903e-08 
3.55e-09 1.39229e-08 
3.6e-09 1.35872e-08 
3.65e-09 1.32786e-08 
3.7e-09 1.29931e-08 
3.75e-09 1.27277e-08 
3.8e-09 1.24798e-08 
3.85e-09 1.22472e-08 
3.9e-09 1.20281e-08 
3.95e-09 1.1821e-08 
4e-09 1.16246e-08 
4.05e-09 1.14378e-08 
4.1e-09 1.12596e-08 
4.15e-09 1.10893e-08 
4.2e-09 1.09261e-08 
4.25e-09 1.07694e-08 
4.3e-09 1.06186e-08 
4.35e-09 1.04733e-08 
4.4e-09 1.0333e-08 
4.45e-09 1.01973e-08 
4.5e-09 1.0066e-08 
4.55e-09 9.93859e-09 
4.6e-09 9.81495e-09 
4.65e-09 9.69478e-09 
4.7e-09 9.57786e-09 
4.75e-09 9.46398e-09 
4.8e-09 9.35296e-09 
4.85e-09 9.24462e-09 
4.9e-09 9.13882e-09 
4.95e-09 9.03541e-09 
5e-09 8.93427e-09 
5.05e-09 8.83527e-09 
5.1e-09 8.73832e-09 
5.15e-09 8.6433e-09 
5.2e-09 8.55012e-09 
5.25e-09 8.45871e-09 
5.3e-09 8.36898e-09 
5.35e-09 8.28086e-09 
5.4e-09 8.19428e-09 
5.45e-09 8.10919e-09 
5.5e-09 8.02551e-09 
5.55e-09 7.9432e-09 
5.6e-09 7.86221e-09 
5.65e-09 7.78249e-09 
5.7e-09 7.70399e-09 
5.75e-09 7.62668e-09 
5.8e-09 7.55052e-09 
5.85e-09 7.47547e-09 
5.9e-09 7.4015e-09 
5.95e-09 7.32858e-09 
6e-09 7.25668e-09 
6.05e-09 7.18577e-09 
6.1e-09 7.11583e-09 
6.15e-09 7.04683e-09 
6.2e-09 6.97876e-09 
6.25e-09 6.91158e-09 
6.3e-09 6.84528e-09 
6.35e-09 6.77985e-09 
6.4e-09 6.71526e-09 
6.45e-09 6.6515e-09 
6.5e-09 6.58855e-09 
6.55e-09 6.5264e-09 
6.6e-09 6.46503e-09 
6.65e-09 6.40443e-09 
6.7e-09 6.34459e-09 
6.75e-09 6.28549e-09 
6.8e-09 6.22712e-09 
6.85e-09 6.16947e-09 
6.9e-09 6.11253e-09 
6.95e-09 6.05628e-09 
7e-09 6.00072e-09 
7.05e-09 5.94583e-09 
7.1e-09 5.8916e-09 
7.15e-09 5.83803e-09 
7.2e-09 5.78509e-09 
7.25e-09 5.73279e-09 
7.3e-09 5.68111e-09 
7.35e-09 5.63003e-09 
7.4e-09 5.57955e-09 
7.45e-09 5.52966e-09 
7.5e-09 5.48034e-09 
7.55e-09 5.43159e-09 
7.6e-09 5.38339e-09 
7.65e-09 5.33573e-09 
7.7e-09 5.2886e-09 
7.75e-09 5.24199e-09 
7.8e-09 5.19589e-09 
7.85e-09 5.15029e-09 
7.9e-09 5.10517e-09 
7.95e-09 5.06053e-09 
8e-09 5.01636e-09 
8.05e-09 4.97263e-09 
8.1e-09 4.92935e-09 
8.15e-09 4.8865e-09 
8.2e-09 4.84407e-09 
8.25e-09 4.80205e-09 
8.3e-09 4.76042e-09 
8.35e-09 4.71919e-09 
8.4e-09 4.67834e-09 
8.45e-09 4.63785e-09 
8.5e-09 4.59772e-09 
8.55e-09 4.55794e-09 
8.6e-09 4.5185e-09 
8.65e-09 4.47939e-09 
8.7e-09 4.44061e-09 
8.75e-09 4.40213e-09 
8.8e-09 4.36396e-09 
8.85e-09 4.32609e-09 
8.9e-09 4.28851e-09 
8.95e-09 4.25121e-09 
9e-09 4.21418e-09 
9.05e-09 4.17742e-09 
9.1e-09 4.14092e-09 
9.15e-09 4.10467e-09 
9.2e-09 4.06868e-09 
9.25e-09 4.03292e-09 
9.3e-09 3.9974e-09 
9.35e-09 3.96211e-09 
9.4e-09 3.92705e-09 
9.45e-09 3.89221e-09 
9.5e-09 3.85758e-09 
9.55e-09 3.82317e-09 
9.6e-09 3.78896e-09 
9.65e-09 3.75496e-09 
9.7e-09 3.72116e-09 
9.75e-09 3.68756e-09 
9.8e-09 3.65415e-09 
9.85e-09 3.62093e-09 
9.9e-09 3.5879e-09 
9.95e-09 3.55506e-09 
1e-08 3.5224e-09 
