0 0 
5e-11 2.3e-28 
1e-10 4.75e-28 
1.5e-10 5.175e-28 
2e-10 6e-28 
2.5e-10 7.35e-28 
3e-10 9.25e-28 
3.5e-10 1.1125e-27 
4e-10 1.275e-27 
4.5e-10 1.4e-27 
5e-10 1.4925e-27 
5.5e-10 1.68e-27 
6e-10 1.8425e-27 
6.5e-10 1.89e-27 
7e-10 1.9425e-27 
7.5e-10 2.0125e-27 
8e-10 2.0525e-27 
8.5e-10 2.085e-27 
9e-10 2.1375e-27 
9.5e-10 2.2275e-27 
1e-09 2.35e-27 
1.05e-09 2.605e-27 
1.1e-09 2.8075e-27 
1.15e-09 2.835e-27 
1.2e-09 2.89e-27 
1.25e-09 2.9225e-27 
1.3e-09 2.9425e-27 
1.35e-09 3.01e-27 
1.4e-09 3.0625e-27 
1.45e-09 3.0775e-27 
1.5e-09 3.1875e-27 
1.55e-09 3.3525e-27 
1.6e-09 3.42e-27 
1.65e-09 3.42e-27 
1.7e-09 3.4325e-27 
1.75e-09 3.49e-27 
1.8e-09 3.555e-27 
1.85e-09 3.5775e-27 
1.9e-09 3.585e-27 
1.95e-09 3.6575e-27 
2e-09 2.57707e-18 
2.05e-09 1.02625e-17 
2.1e-09 1.90645e-17 
2.15e-09 2.55829e-17 
2.2e-09 3.06726e-17 
2.25e-09 3.48141e-17 
2.3e-09 3.82789e-17 
2.35e-09 4.123e-17 
2.4e-09 4.37719e-17 
2.45e-09 4.59769e-17 
2.5e-09 4.78982e-17 
2.55e-09 4.95773e-17 
2.6e-09 5.10487e-17 
2.65e-09 5.23418e-17 
2.7e-09 5.34819e-17 
2.75e-09 5.44913e-17 
2.8e-09 5.53891e-17 
2.85e-09 5.61915e-17 
2.9e-09 5.69125e-17 
2.95e-09 5.75634e-17 
3e-09 5.81538e-17 
3.05e-09 5.86918e-17 
3.1e-09 5.91839e-17 
3.15e-09 5.96356e-17 
3.2e-09 6.00516e-17 
3.25e-09 6.04359e-17 
3.3e-09 6.07918e-17 
3.35e-09 6.11221e-17 
3.4e-09 6.14295e-17 
3.45e-09 6.1716e-17 
3.5e-09 6.19836e-17 
3.55e-09 6.22339e-17 
3.6e-09 6.24685e-17 
3.65e-09 6.26885e-17 
3.7e-09 6.28953e-17 
3.75e-09 6.30898e-17 
3.8e-09 6.32729e-17 
3.85e-09 6.34456e-17 
3.9e-09 6.36086e-17 
3.95e-09 6.37626e-17 
4e-09 6.39081e-17 
4.05e-09 6.40459e-17 
4.1e-09 6.41764e-17 
4.15e-09 6.43001e-17 
4.2e-09 6.44174e-17 
4.25e-09 6.45288e-17 
4.3e-09 6.46345e-17 
4.35e-09 6.47351e-17 
4.4e-09 6.48307e-17 
4.45e-09 6.49217e-17 
4.5e-09 6.50083e-17 
4.55e-09 6.50908e-17 
4.6e-09 6.51694e-17 
4.65e-09 6.52443e-17 
4.7e-09 6.53158e-17 
4.75e-09 6.5384e-17 
4.8e-09 6.54491e-17 
4.85e-09 6.55112e-17 
4.9e-09 6.55705e-17 
4.95e-09 6.56272e-17 
5e-09 6.56813e-17 
5.05e-09 6.5733e-17 
5.1e-09 6.57824e-17 
5.15e-09 6.58297e-17 
5.2e-09 6.58748e-17 
5.25e-09 6.5918e-17 
5.3e-09 6.59592e-17 
5.35e-09 6.59986e-17 
5.4e-09 6.60363e-17 
5.45e-09 6.60723e-17 
5.5e-09 6.61067e-17 
5.55e-09 6.61396e-17 
5.6e-09 6.6171e-17 
5.65e-09 6.62009e-17 
5.7e-09 6.62295e-17 
5.75e-09 6.62568e-17 
5.8e-09 6.62828e-17 
5.85e-09 6.63076e-17 
5.9e-09 6.63313e-17 
5.95e-09 6.63537e-17 
6e-09 6.63751e-17 
6.05e-09 6.63955e-17 
6.1e-09 6.64148e-17 
6.15e-09 6.64331e-17 
6.2e-09 6.64505e-17 
6.25e-09 6.64669e-17 
6.3e-09 6.64825e-17 
6.35e-09 6.64972e-17 
6.4e-09 6.6511e-17 
6.45e-09 6.6524e-17 
6.5e-09 6.65363e-17 
6.55e-09 6.65477e-17 
6.6e-09 6.65584e-17 
6.65e-09 6.65684e-17 
6.7e-09 6.65777e-17 
6.75e-09 6.65863e-17 
6.8e-09 6.65942e-17 
6.85e-09 6.66015e-17 
6.9e-09 6.66081e-17 
6.95e-09 6.66141e-17 
7e-09 6.66195e-17 
7.05e-09 6.66244e-17 
7.1e-09 6.66286e-17 
7.15e-09 6.66323e-17 
7.2e-09 6.66354e-17 
7.25e-09 6.66381e-17 
7.3e-09 6.66402e-17 
7.35e-09 6.66417e-17 
7.4e-09 6.66428e-17 
7.45e-09 6.66434e-17 
7.5e-09 6.66437e-17 
7.55e-09 6.6644e-17 
7.6e-09 6.66448e-17 
7.65e-09 6.6646e-17 
7.7e-09 6.66476e-17 
7.75e-09 6.66497e-17 
7.8e-09 6.66522e-17 
7.85e-09 6.66551e-17 
7.9e-09 6.66584e-17 
7.95e-09 6.66621e-17 
8e-09 6.66662e-17 
8.05e-09 6.66707e-17 
8.1e-09 6.66755e-17 
8.15e-09 6.66807e-17 
8.2e-09 6.66863e-17 
8.25e-09 6.66922e-17 
8.3e-09 6.66984e-17 
8.35e-09 6.6705e-17 
8.4e-09 6.67119e-17 
8.45e-09 6.67191e-17 
8.5e-09 6.67267e-17 
8.55e-09 6.67345e-17 
8.6e-09 6.67427e-17 
8.65e-09 6.67511e-17 
8.7e-09 6.67599e-17 
8.75e-09 6.6769e-17 
8.8e-09 6.67783e-17 
8.85e-09 6.67879e-17 
8.9e-09 6.67978e-17 
8.95e-09 6.6808e-17 
9e-09 6.68184e-17 
9.05e-09 6.68291e-17 
9.1e-09 6.68401e-17 
9.15e-09 6.68513e-17 
9.2e-09 6.68627e-17 
9.25e-09 6.68744e-17 
9.3e-09 6.68864e-17 
9.35e-09 6.68986e-17 
9.4e-09 6.6911e-17 
9.45e-09 6.69236e-17 
9.5e-09 6.69365e-17 
9.55e-09 6.69496e-17 
9.6e-09 6.69629e-17 
9.65e-09 6.69765e-17 
9.7e-09 6.69902e-17 
9.75e-09 6.70042e-17 
9.8e-09 6.70183e-17 
9.85e-09 6.70327e-17 
9.9e-09 6.70473e-17 
9.95e-09 6.70621e-17 
1e-08 6.7077e-17 
