0 0 
5e-11 1e-17 
1e-10 1e-17 
1.5e-10 1e-17 
2e-10 0 
2.5e-10 0 
3e-10 1e-17 
3.5e-10 1e-17 
4e-10 0 
4.5e-10 1e-17 
5e-10 0 
5.5e-10 1e-17 
6e-10 0 
6.5e-10 0 
7e-10 0 
7.5e-10 0 
8e-10 0 
8.5e-10 0 
9e-10 0 
9.5e-10 0 
1e-09 1e-17 
1.05e-09 1e-17 
1.1e-09 0 
1.15e-09 0 
1.2e-09 0 
1.25e-09 0 
1.3e-09 0 
1.35e-09 0 
1.4e-09 0 
1.45e-09 0 
1.5e-09 0 
1.55e-09 0 
1.6e-09 0 
1.65e-09 0 
1.7e-09 0 
1.75e-09 0 
1.8e-09 0 
1.85e-09 0 
1.9e-09 0 
1.95e-09 0 
2e-09 1.42376e-07 
2.05e-09 2.72942e-07 
2.1e-09 1.97824e-07 
2.15e-09 1.52835e-07 
2.2e-09 1.23871e-07 
2.25e-09 1.03538e-07 
2.3e-09 8.8205e-08 
2.35e-09 7.60197e-08 
2.4e-09 6.59964e-08 
2.45e-09 5.75576e-08 
2.5e-09 5.03446e-08 
2.55e-09 4.41374e-08 
2.6e-09 3.87747e-08 
2.65e-09 3.41402e-08 
2.7e-09 3.01439e-08 
2.75e-09 2.67104e-08 
2.8e-09 2.37729e-08 
2.85e-09 2.12712e-08 
2.9e-09 1.91495e-08 
2.95e-09 1.73559e-08 
3e-09 1.58429e-08 
3.05e-09 1.45669e-08 
3.1e-09 1.34893e-08 
3.15e-09 1.25762e-08 
3.2e-09 1.1799e-08 
3.25e-09 1.11336e-08 
3.3e-09 1.05601e-08 
3.35e-09 1.00623e-08 
3.4e-09 9.62713e-09 
3.45e-09 9.24389e-09 
3.5e-09 8.90395e-09 
3.55e-09 8.60035e-09 
3.6e-09 8.32743e-09 
3.65e-09 8.08058e-09 
3.7e-09 7.85606e-09 
3.75e-09 7.6508e-09 
3.8e-09 7.46226e-09 
3.85e-09 7.28835e-09 
3.9e-09 7.12729e-09 
3.95e-09 6.97762e-09 
4e-09 6.83806e-09 
4.05e-09 6.70754e-09 
4.1e-09 6.58514e-09 
4.15e-09 6.47005e-09 
4.2e-09 6.36157e-09 
4.25e-09 6.25909e-09 
4.3e-09 6.16208e-09 
4.35e-09 6.07005e-09 
4.4e-09 5.98259e-09 
4.45e-09 5.89933e-09 
4.5e-09 5.81991e-09 
4.55e-09 5.74406e-09 
4.6e-09 5.67149e-09 
4.65e-09 5.60196e-09 
4.7e-09 5.53526e-09 
4.75e-09 5.47118e-09 
4.8e-09 5.40955e-09 
4.85e-09 5.3502e-09 
4.9e-09 5.29298e-09 
4.95e-09 5.23775e-09 
5e-09 5.18439e-09 
5.05e-09 5.13278e-09 
5.1e-09 5.08283e-09 
5.15e-09 5.03443e-09 
5.2e-09 4.98749e-09 
5.25e-09 4.94193e-09 
5.3e-09 4.89768e-09 
5.35e-09 4.85466e-09 
5.4e-09 4.81281e-09 
5.45e-09 4.77208e-09 
5.5e-09 4.73239e-09 
5.55e-09 4.69371e-09 
5.6e-09 4.65598e-09 
5.65e-09 4.61916e-09 
5.7e-09 4.58321e-09 
5.75e-09 4.54808e-09 
5.8e-09 4.51374e-09 
5.85e-09 4.48015e-09 
5.9e-09 4.44729e-09 
5.95e-09 4.41513e-09 
6e-09 4.38363e-09 
6.05e-09 4.35276e-09 
6.1e-09 4.32252e-09 
6.15e-09 4.29286e-09 
6.2e-09 4.26377e-09 
6.25e-09 4.23524e-09 
6.3e-09 4.20723e-09 
6.35e-09 4.17974e-09 
6.4e-09 4.15274e-09 
6.45e-09 4.12622e-09 
6.5e-09 4.10017e-09 
6.55e-09 4.07457e-09 
6.6e-09 4.0494e-09 
6.65e-09 4.02466e-09 
6.7e-09 4.00034e-09 
6.75e-09 3.97642e-09 
6.8e-09 3.95289e-09 
6.85e-09 3.92975e-09 
6.9e-09 3.90698e-09 
6.95e-09 3.88458e-09 
7e-09 3.86253e-09 
7.05e-09 3.84083e-09 
7.1e-09 3.81948e-09 
7.15e-09 3.79846e-09 
7.2e-09 3.77777e-09 
7.25e-09 3.7574e-09 
7.3e-09 3.73734e-09 
7.35e-09 3.7176e-09 
7.4e-09 3.69816e-09 
7.45e-09 3.67902e-09 
7.5e-09 3.66017e-09 
7.55e-09 3.64161e-09 
7.6e-09 3.62333e-09 
7.65e-09 3.60532e-09 
7.7e-09 3.58759e-09 
7.75e-09 3.57013e-09 
7.8e-09 3.55293e-09 
7.85e-09 3.53598e-09 
7.9e-09 3.51929e-09 
7.95e-09 3.50284e-09 
8e-09 3.48664e-09 
8.05e-09 3.47067e-09 
8.1e-09 3.45494e-09 
8.15e-09 3.43943e-09 
8.2e-09 3.42414e-09 
8.25e-09 3.40907e-09 
8.3e-09 3.39422e-09 
8.35e-09 3.37957e-09 
8.4e-09 3.36512e-09 
8.45e-09 3.35087e-09 
8.5e-09 3.33681e-09 
8.55e-09 3.32294e-09 
8.6e-09 3.30924e-09 
8.65e-09 3.29573e-09 
8.7e-09 3.28238e-09 
8.75e-09 3.2692e-09 
8.8e-09 3.25618e-09 
8.85e-09 3.24331e-09 
8.9e-09 3.23059e-09 
8.95e-09 3.21802e-09 
9e-09 3.20558e-09 
9.05e-09 3.19328e-09 
9.1e-09 3.18111e-09 
9.15e-09 3.16907e-09 
9.2e-09 3.15714e-09 
9.25e-09 3.14532e-09 
9.3e-09 3.13361e-09 
9.35e-09 3.12201e-09 
9.4e-09 3.11051e-09 
9.45e-09 3.0991e-09 
9.5e-09 3.08778e-09 
9.55e-09 3.07655e-09 
9.6e-09 3.0654e-09 
9.65e-09 3.05433e-09 
9.7e-09 3.04333e-09 
9.75e-09 3.0324e-09 
9.8e-09 3.02154e-09 
9.85e-09 3.01073e-09 
9.9e-09 2.99999e-09 
9.95e-09 2.9893e-09 
1e-08 2.97866e-09 
