0 0 
5e-11 0 
1e-10 0 
1.5e-10 0 
2e-10 0 
2.5e-10 0 
3e-10 2.5e-28 
3.5e-10 7.5e-28 
4e-10 1.25e-27 
4.5e-10 1.75e-27 
5e-10 2.25e-27 
5.5e-10 2.75e-27 
6e-10 3.25e-27 
6.5e-10 3.75e-27 
7e-10 4.25e-27 
7.5e-10 4.75e-27 
8e-10 5.25e-27 
8.5e-10 5.75e-27 
9e-10 6.25e-27 
9.5e-10 6.75e-27 
1e-09 7e-27 
1.05e-09 7e-27 
1.1e-09 7.25e-27 
1.15e-09 7.75e-27 
1.2e-09 8.25e-27 
1.25e-09 8.75e-27 
1.3e-09 9.25e-27 
1.35e-09 9.75e-27 
1.4e-09 1.025e-26 
1.45e-09 1.075e-26 
1.5e-09 1.125e-26 
1.55e-09 1.15e-26 
1.6e-09 1.175e-26 
1.65e-09 1.225e-26 
1.7e-09 1.275e-26 
1.75e-09 1.325e-26 
1.8e-09 1.375e-26 
1.85e-09 1.425e-26 
1.9e-09 1.475e-26 
1.95e-09 1.525e-26 
2e-09 3.54538e-18 
2.05e-09 1.38704e-17 
2.1e-09 2.5543e-17 
2.15e-09 3.41995e-17 
2.2e-09 4.09984e-17 
2.25e-09 4.65575e-17 
2.3e-09 5.12183e-17 
2.35e-09 5.5185e-17 
2.4e-09 5.85909e-17 
2.45e-09 6.15301e-17 
2.5e-09 6.40736e-17 
2.55e-09 6.62777e-17 
2.6e-09 6.81894e-17 
2.65e-09 6.98486e-17 
2.7e-09 7.12903e-17 
2.75e-09 7.25449e-17 
2.8e-09 7.36394e-17 
2.85e-09 7.45978e-17 
2.9e-09 7.54407e-17 
2.95e-09 7.61862e-17 
3e-09 7.68497e-17 
3.05e-09 7.74444e-17 
3.1e-09 7.79811e-17 
3.15e-09 7.84691e-17 
3.2e-09 7.89158e-17 
3.25e-09 7.93274e-17 
3.3e-09 7.9709e-17 
3.35e-09 8.00648e-17 
3.4e-09 8.03982e-17 
3.45e-09 8.0712e-17 
3.5e-09 8.10086e-17 
3.55e-09 8.12899e-17 
3.6e-09 8.15577e-17 
3.65e-09 8.18133e-17 
3.7e-09 8.20579e-17 
3.75e-09 8.22926e-17 
3.8e-09 8.25182e-17 
3.85e-09 8.27355e-17 
3.9e-09 8.29452e-17 
3.95e-09 8.31479e-17 
4e-09 8.33442e-17 
4.05e-09 8.35344e-17 
4.1e-09 8.37191e-17 
4.15e-09 8.38986e-17 
4.2e-09 8.40732e-17 
4.25e-09 8.42433e-17 
4.3e-09 8.44092e-17 
4.35e-09 8.45711e-17 
4.4e-09 8.47292e-17 
4.45e-09 8.48838e-17 
4.5e-09 8.5035e-17 
4.55e-09 8.51831e-17 
4.6e-09 8.53282e-17 
4.65e-09 8.54704e-17 
4.7e-09 8.561e-17 
4.75e-09 8.5747e-17 
4.8e-09 8.58816e-17 
4.85e-09 8.60138e-17 
4.9e-09 8.61439e-17 
4.95e-09 8.62718e-17 
5e-09 8.63977e-17 
5.05e-09 8.65217e-17 
5.1e-09 8.66439e-17 
5.15e-09 8.67643e-17 
5.2e-09 8.6883e-17 
5.25e-09 8.7e-17 
5.3e-09 8.71155e-17 
5.35e-09 8.72295e-17 
5.4e-09 8.73421e-17 
5.45e-09 8.74532e-17 
5.5e-09 8.75631e-17 
5.55e-09 8.76716e-17 
5.6e-09 8.77789e-17 
5.65e-09 8.7885e-17 
5.7e-09 8.799e-17 
5.75e-09 8.80938e-17 
5.8e-09 8.81966e-17 
5.85e-09 8.82983e-17 
5.9e-09 8.8399e-17 
5.95e-09 8.84988e-17 
6e-09 8.85976e-17 
6.05e-09 8.86955e-17 
6.1e-09 8.87925e-17 
6.15e-09 8.88886e-17 
6.2e-09 8.89839e-17 
6.25e-09 8.90785e-17 
6.3e-09 8.91722e-17 
6.35e-09 8.92652e-17 
6.4e-09 8.93574e-17 
6.45e-09 8.9449e-17 
6.5e-09 8.95398e-17 
6.55e-09 8.963e-17 
6.6e-09 8.97195e-17 
6.65e-09 8.98084e-17 
6.7e-09 8.98967e-17 
6.75e-09 8.99843e-17 
6.8e-09 9.00714e-17 
6.85e-09 9.0158e-17 
6.9e-09 9.0244e-17 
6.95e-09 9.03294e-17 
7e-09 9.04143e-17 
7.05e-09 9.04988e-17 
7.1e-09 9.05827e-17 
7.15e-09 9.06662e-17 
7.2e-09 9.07492e-17 
7.25e-09 9.08317e-17 
7.3e-09 9.09138e-17 
7.35e-09 9.09955e-17 
7.4e-09 9.10768e-17 
7.45e-09 9.11576e-17 
7.5e-09 9.12381e-17 
7.55e-09 9.13182e-17 
7.6e-09 9.13979e-17 
7.65e-09 9.14773e-17 
7.7e-09 9.15563e-17 
7.75e-09 9.1635e-17 
7.8e-09 9.17133e-17 
7.85e-09 9.17914e-17 
7.9e-09 9.18691e-17 
7.95e-09 9.19465e-17 
8e-09 9.20237e-17 
8.05e-09 9.21005e-17 
8.1e-09 9.21771e-17 
8.15e-09 9.22534e-17 
8.2e-09 9.23295e-17 
8.25e-09 9.24053e-17 
8.3e-09 9.24808e-17 
8.35e-09 9.25562e-17 
8.4e-09 9.26313e-17 
8.45e-09 9.27062e-17 
8.5e-09 9.27809e-17 
8.55e-09 9.28553e-17 
8.6e-09 9.29296e-17 
8.65e-09 9.30037e-17 
8.7e-09 9.30776e-17 
8.75e-09 9.31513e-17 
8.8e-09 9.32249e-17 
8.85e-09 9.32983e-17 
8.9e-09 9.33715e-17 
8.95e-09 9.34446e-17 
9e-09 9.35175e-17 
9.05e-09 9.35903e-17 
9.1e-09 9.36629e-17 
9.15e-09 9.37355e-17 
9.2e-09 9.38078e-17 
9.25e-09 9.38801e-17 
9.3e-09 9.39522e-17 
9.35e-09 9.40243e-17 
9.4e-09 9.40962e-17 
9.45e-09 9.4168e-17 
9.5e-09 9.42397e-17 
9.55e-09 9.43113e-17 
9.6e-09 9.43829e-17 
9.65e-09 9.44543e-17 
9.7e-09 9.45256e-17 
9.75e-09 9.45969e-17 
9.8e-09 9.4668e-17 
9.85e-09 9.47391e-17 
9.9e-09 9.48101e-17 
9.95e-09 9.48811e-17 
1e-08 9.4952e-17 
