0 0 
5e-11 1e-18 
1e-10 4e-18 
1.5e-10 7e-18 
2e-10 4e-18 
2.5e-10 6e-18 
3e-10 0 
3.5e-10 0 
4e-10 1e-18 
4.5e-10 1e-18 
5e-10 6e-18 
5.5e-10 5e-18 
6e-10 5e-18 
6.5e-10 5e-18 
7e-10 4e-18 
7.5e-10 5e-18 
8e-10 5e-18 
8.5e-10 3e-18 
9e-10 4e-18 
9.5e-10 3e-18 
1e-09 7e-18 
1.05e-09 1.1e-17 
1.1e-09 4e-18 
1.15e-09 6e-18 
1.2e-09 5e-18 
1.25e-09 5e-18 
1.3e-09 4e-18 
1.35e-09 3e-18 
1.4e-09 5e-18 
1.45e-09 4e-18 
1.5e-09 0 
1.55e-09 7e-18 
1.6e-09 7e-18 
1.65e-09 3e-18 
1.7e-09 5e-18 
1.75e-09 5e-18 
1.8e-09 4e-18 
1.85e-09 3e-18 
1.9e-09 4e-18 
1.95e-09 4e-18 
2e-09 1.42989e-07 
2.05e-09 2.75215e-07 
2.1e-09 2.00246e-07 
2.15e-09 1.55696e-07 
2.2e-09 1.27109e-07 
2.25e-09 1.06958e-07 
2.3e-09 9.15863e-08 
2.35e-09 7.91694e-08 
2.4e-09 6.87672e-08 
2.45e-09 5.98591e-08 
2.5e-09 5.21333e-08 
2.55e-09 4.54041e-08 
2.6e-09 3.95373e-08 
2.65e-09 3.44353e-08 
2.7e-09 3.00186e-08 
2.75e-09 2.62167e-08 
2.8e-09 2.29635e-08 
2.85e-09 2.01955e-08 
2.9e-09 1.78509e-08 
2.95e-09 1.58698e-08 
3e-09 1.41953e-08 
3.05e-09 1.2776e-08 
3.1e-09 1.15665e-08 
3.15e-09 1.05287e-08 
3.2e-09 9.63159e-09 
3.25e-09 8.84989e-09 
3.3e-09 8.16369e-09 
3.35e-09 7.55709e-09 
3.4e-09 7.01741e-09 
3.45e-09 6.53448e-09 
3.5e-09 6.10004e-09 
3.55e-09 5.70734e-09 
3.6e-09 5.35083e-09 
3.65e-09 5.02589e-09 
3.7e-09 4.72865e-09 
3.75e-09 4.45587e-09 
3.8e-09 4.20479e-09 
3.85e-09 3.97306e-09 
3.9e-09 3.75868e-09 
3.95e-09 3.55992e-09 
4e-09 3.37526e-09 
4.05e-09 3.20339e-09 
4.1e-09 3.04317e-09 
4.15e-09 2.89358e-09 
4.2e-09 2.7537e-09 
4.25e-09 2.62275e-09 
4.3e-09 2.5e-09 
4.35e-09 2.3848e-09 
4.4e-09 2.27658e-09 
4.45e-09 2.17479e-09 
4.5e-09 2.07897e-09 
4.55e-09 1.98867e-09 
4.6e-09 1.9035e-09 
4.65e-09 1.82309e-09 
4.7e-09 1.74711e-09 
4.75e-09 1.67525e-09 
4.8e-09 1.60723e-09 
4.85e-09 1.54279e-09 
4.9e-09 1.4817e-09 
4.95e-09 1.42372e-09 
5e-09 1.36867e-09 
5.05e-09 1.31634e-09 
5.1e-09 1.26656e-09 
5.15e-09 1.21918e-09 
5.2e-09 1.17405e-09 
5.25e-09 1.13101e-09 
5.3e-09 1.08996e-09 
5.35e-09 1.05076e-09 
5.4e-09 1.0133e-09 
5.45e-09 9.77495e-10 
5.5e-09 9.43228e-10 
5.55e-09 9.10416e-10 
5.6e-09 8.78978e-10 
5.65e-09 8.48833e-10 
5.7e-09 8.19911e-10 
5.75e-09 7.92142e-10 
5.8e-09 7.65465e-10 
5.85e-09 7.39819e-10 
5.9e-09 7.15149e-10 
5.95e-09 6.91405e-10 
6e-09 6.68536e-10 
6.05e-09 6.46498e-10 
6.1e-09 6.25249e-10 
6.15e-09 6.04748e-10 
6.2e-09 5.84958e-10 
6.25e-09 5.65843e-10 
6.3e-09 5.47372e-10 
6.35e-09 5.29513e-10 
6.4e-09 5.12237e-10 
6.45e-09 4.95516e-10 
6.5e-09 4.79324e-10 
6.55e-09 4.63638e-10 
6.6e-09 4.48434e-10 
6.65e-09 4.33691e-10 
6.7e-09 4.19388e-10 
6.75e-09 4.05506e-10 
6.8e-09 3.92026e-10 
6.85e-09 3.78933e-10 
6.9e-09 3.66209e-10 
6.95e-09 3.53838e-10 
7e-09 3.41807e-10 
7.05e-09 3.30102e-10 
7.1e-09 3.18709e-10 
7.15e-09 3.07616e-10 
7.2e-09 2.96812e-10 
7.25e-09 2.86284e-10 
7.3e-09 2.76023e-10 
7.35e-09 2.66019e-10 
7.4e-09 2.56262e-10 
7.45e-09 2.46742e-10 
7.5e-09 2.37451e-10 
7.55e-09 2.28381e-10 
7.6e-09 2.19524e-10 
7.65e-09 2.10873e-10 
7.7e-09 2.02419e-10 
7.75e-09 1.94158e-10 
7.8e-09 1.86081e-10 
7.85e-09 1.78183e-10 
7.9e-09 1.70457e-10 
7.95e-09 1.62899e-10 
8e-09 1.55503e-10 
8.05e-09 1.48262e-10 
8.1e-09 1.41174e-10 
8.15e-09 1.34232e-10 
8.2e-09 1.27432e-10 
8.25e-09 1.2077e-10 
8.3e-09 1.14242e-10 
8.35e-09 1.07843e-10 
8.4e-09 1.0157e-10 
8.45e-09 9.54192e-11 
8.5e-09 8.93866e-11 
8.55e-09 8.34692e-11 
8.6e-09 7.76635e-11 
8.65e-09 7.19664e-11 
8.7e-09 6.63749e-11 
8.75e-09 6.0886e-11 
8.8e-09 5.54971e-11 
8.85e-09 5.02052e-11 
8.9e-09 4.5008e-11 
8.95e-09 3.99027e-11 
9e-09 3.48871e-11 
9.05e-09 2.99587e-11 
9.1e-09 2.51154e-11 
9.15e-09 2.03549e-11 
9.2e-09 1.56752e-11 
9.25e-09 1.10742e-11 
9.3e-09 6.55007e-12 
9.35e-09 2.10079e-12 
9.4e-09 1.96368e-12 
9.45e-09 6.26856e-12 
9.5e-09 1.05038e-11 
9.55e-09 1.46711e-11 
9.6e-09 1.87721e-11 
9.65e-09 2.28082e-11 
9.7e-09 2.6781e-11 
9.75e-09 3.06919e-11 
9.8e-09 3.45423e-11 
9.85e-09 3.83336e-11 
9.9e-09 4.20671e-11 
9.95e-09 4.57441e-11 
1e-08 4.93657e-11 
