0 0 
5e-11 0 
1e-10 0 
1.5e-10 0 
2e-10 0 
2.5e-10 0 
3e-10 0 
3.5e-10 0 
4e-10 0 
4.5e-10 0 
5e-10 0 
5.5e-10 0 
6e-10 0 
6.5e-10 0 
7e-10 0 
7.5e-10 0 
8e-10 0 
8.5e-10 0 
9e-10 0 
9.5e-10 0 
1e-09 0 
1.05e-09 0 
1.1e-09 0 
1.15e-09 0 
1.2e-09 0 
1.25e-09 0 
1.3e-09 0 
1.35e-09 0 
1.4e-09 0 
1.45e-09 0 
1.5e-09 0 
1.55e-09 0 
1.6e-09 0 
1.65e-09 0 
1.7e-09 0 
1.75e-09 0 
1.8e-09 0 
1.85e-09 0 
1.9e-09 0 
1.95e-09 0 
2e-09 3.59996e-18 
2.05e-09 1.41528e-17 
2.1e-09 2.62047e-17 
2.15e-09 3.52919e-17 
2.2e-09 4.2555e-17 
2.25e-09 4.86053e-17 
2.3e-09 5.37814e-17 
2.35e-09 5.82851e-17 
2.4e-09 6.22474e-17 
2.45e-09 6.57601e-17 
2.5e-09 6.88917e-17 
2.55e-09 7.16959e-17 
2.6e-09 7.42172e-17 
2.65e-09 7.64929e-17 
2.7e-09 7.85554e-17 
2.75e-09 8.0433e-17 
2.8e-09 8.21506e-17 
2.85e-09 8.37302e-17 
2.9e-09 8.5191e-17 
2.95e-09 8.65498e-17 
3e-09 8.78211e-17 
3.05e-09 8.90173e-17 
3.1e-09 9.0149e-17 
3.15e-09 9.12251e-17 
3.2e-09 9.22531e-17 
3.25e-09 9.32391e-17 
3.3e-09 9.41882e-17 
3.35e-09 9.51048e-17 
3.4e-09 9.59924e-17 
3.45e-09 9.68539e-17 
3.5e-09 9.76919e-17 
3.55e-09 9.85083e-17 
3.6e-09 9.9305e-17 
3.65e-09 1.00084e-16 
3.7e-09 1.00845e-16 
3.75e-09 1.01591e-16 
3.8e-09 1.02322e-16 
3.85e-09 1.03039e-16 
3.9e-09 1.03742e-16 
3.95e-09 1.04433e-16 
4e-09 1.05112e-16 
4.05e-09 1.0578e-16 
4.1e-09 1.06437e-16 
4.15e-09 1.07083e-16 
4.2e-09 1.07719e-16 
4.25e-09 1.08345e-16 
4.3e-09 1.08962e-16 
4.35e-09 1.09569e-16 
4.4e-09 1.10168e-16 
4.45e-09 1.10758e-16 
4.5e-09 1.1134e-16 
4.55e-09 1.11913e-16 
4.6e-09 1.12479e-16 
4.65e-09 1.13037e-16 
4.7e-09 1.13588e-16 
4.75e-09 1.14131e-16 
4.8e-09 1.14667e-16 
4.85e-09 1.15196e-16 
4.9e-09 1.15718e-16 
4.95e-09 1.16234e-16 
5e-09 1.16742e-16 
5.05e-09 1.17245e-16 
5.1e-09 1.17741e-16 
5.15e-09 1.18231e-16 
5.2e-09 1.18714e-16 
5.25e-09 1.19192e-16 
5.3e-09 1.19664e-16 
5.35e-09 1.2013e-16 
5.4e-09 1.2059e-16 
5.45e-09 1.21045e-16 
5.5e-09 1.21494e-16 
5.55e-09 1.21938e-16 
5.6e-09 1.22377e-16 
5.65e-09 1.2281e-16 
5.7e-09 1.23238e-16 
5.75e-09 1.23661e-16 
5.8e-09 1.24079e-16 
5.85e-09 1.24491e-16 
5.9e-09 1.24899e-16 
5.95e-09 1.25303e-16 
6e-09 1.25701e-16 
6.05e-09 1.26095e-16 
6.1e-09 1.26484e-16 
6.15e-09 1.26868e-16 
6.2e-09 1.27248e-16 
6.25e-09 1.27624e-16 
6.3e-09 1.27995e-16 
6.35e-09 1.28362e-16 
6.4e-09 1.28725e-16 
6.45e-09 1.29083e-16 
6.5e-09 1.29438e-16 
6.55e-09 1.29788e-16 
6.6e-09 1.30134e-16 
6.65e-09 1.30476e-16 
6.7e-09 1.30814e-16 
6.75e-09 1.31149e-16 
6.8e-09 1.31479e-16 
6.85e-09 1.31806e-16 
6.9e-09 1.32129e-16 
6.95e-09 1.32448e-16 
7e-09 1.32764e-16 
7.05e-09 1.33076e-16 
7.1e-09 1.33385e-16 
7.15e-09 1.3369e-16 
7.2e-09 1.33991e-16 
7.25e-09 1.34289e-16 
7.3e-09 1.34584e-16 
7.35e-09 1.34876e-16 
7.4e-09 1.35164e-16 
7.45e-09 1.35449e-16 
7.5e-09 1.3573e-16 
7.55e-09 1.36009e-16 
7.6e-09 1.36284e-16 
7.65e-09 1.36556e-16 
7.7e-09 1.36825e-16 
7.75e-09 1.37092e-16 
7.8e-09 1.37355e-16 
7.85e-09 1.37615e-16 
7.9e-09 1.37872e-16 
7.95e-09 1.38126e-16 
8e-09 1.38378e-16 
8.05e-09 1.38626e-16 
8.1e-09 1.38872e-16 
8.15e-09 1.39115e-16 
8.2e-09 1.39355e-16 
8.25e-09 1.39593e-16 
8.3e-09 1.39828e-16 
8.35e-09 1.4006e-16 
8.4e-09 1.40289e-16 
8.45e-09 1.40516e-16 
8.5e-09 1.40741e-16 
8.55e-09 1.40962e-16 
8.6e-09 1.41181e-16 
8.65e-09 1.41398e-16 
8.7e-09 1.41612e-16 
8.75e-09 1.41824e-16 
8.8e-09 1.42033e-16 
8.85e-09 1.42239e-16 
8.9e-09 1.42444e-16 
8.95e-09 1.42646e-16 
9e-09 1.42845e-16 
9.05e-09 1.43042e-16 
9.1e-09 1.43237e-16 
9.15e-09 1.43429e-16 
9.2e-09 1.43619e-16 
9.25e-09 1.43807e-16 
9.3e-09 1.43993e-16 
9.35e-09 1.44176e-16 
9.4e-09 1.44357e-16 
9.45e-09 1.44536e-16 
9.5e-09 1.44712e-16 
9.55e-09 1.44887e-16 
9.6e-09 1.45059e-16 
9.65e-09 1.45229e-16 
9.7e-09 1.45397e-16 
9.75e-09 1.45563e-16 
9.8e-09 1.45727e-16 
9.85e-09 1.45888e-16 
9.9e-09 1.46048e-16 
9.95e-09 1.46205e-16 
1e-08 1.46361e-16 
